20000.0
20000.0
20000.0
19999.99609375
20000.0
20000.0
20000.0
20000.0
20000.0
20000.0
20000.0
20000.0
20000.0
20000.0
20000.0
20000.0
20000.0
20000.0
20000.0
20000.0
20000.0
20000.0
20000.0
20000.0
20000.0
20000.0
20000.0
20000.0
19999.9921875
20000.0
20000.0
20000.0
19999.98828125
20000.0
19999.990234375
20000.0
19525.734375
19003.25390625
18547.85546875
18123.849609375
17754.14453125
17391.244140625
17060.771484375
16768.181640625
16448.5234375
16147.9287109375
15854.0390625
15582.9560546875
15313.111328125
15055.41015625
14824.5634765625
14593.4375
14369.2021484375
14139.669921875
13914.2587890625
13714.7607421875
13488.357421875
13269.8984375
13044.6884765625
12830.822265625
12617.3154296875
12412.1640625
12222.748046875
12031.166015625
11849.11328125
11662.2685546875
11476.525390625
11310.3359375
11128.458984375
10955.37890625
10793.0830078125
10637.0673828125
10471.6083984375
10307.703125
10154.62890625
10021.3505859375
9907.296875
9792.9462890625
9679.818359375
9574.482421875
9460.078125
9352.2919921875
9243.732421875
9141.3544921875
9038.4599609375
8938.74609375
8845.232421875
8750.2841796875
8656.3984375
8559.36328125
8464.310546875
8380.8974609375
8291.345703125
8206.5224609375
8117.74365234375
8030.1240234375
7939.67236328125
7851.59375
7768.85205078125
7685.6884765625
7607.3134765625
7528.3779296875
7450.8564453125
7381.86181640625
7307.0625
7236.2744140625
7164.77734375
7097.080078125
7013.70751953125
6926.19482421875
6850.25341796875
6775.9306640625
6706.443359375
6636.8525390625
6569.2822265625
6510.0146484375
6446.2236328125
6384.96533203125
6325.00341796875
6269.06396484375
6211.091796875
6152.81689453125
6098.9423828125
6045.0126953125
5994.37890625
5943.07470703125
