20000.0
20000.0
20000.0
20000.0
20000.0
20000.0
20000.0
20000.0
20000.0
20000.0
20000.0
20000.0
20000.0
20000.0
20000.0
20000.0
20000.0
20000.0
20000.0
20000.0
20000.0
20000.0
20000.0
20000.0
20000.0
20000.0
20000.0
20000.0
20000.0
20000.0
20000.0
19999.994140625
20000.0
20000.0
19999.96875
20000.0
20000.0
19997.908203125
20000.0
20000.0
20000.0
20000.0
20000.0
20000.0
20000.0
19077.51171875
17900.2578125
16930.09375
16121.197265625
15272.1953125
14461.2880859375
13781.296875
13185.1416015625
12715.8017578125
12123.669921875
11576.919921875
11047.2822265625
10557.828125
10084.7158203125
9657.490234375
9263.2138671875
8892.2998046875
8553.521484375
8212.52734375
7877.26513671875
7592.34814453125
7309.99658203125
7041.41064453125
6770.32470703125
6520.6787109375
6282.49267578125
6066.32568359375
5874.115234375
5694.087890625
5533.64404296875
5342.78466796875
5159.80322265625
5000.9130859375
4837.21533203125
4690.861328125
4552.080078125
4427.81640625
4309.30712890625
4199.17822265625
4099.17578125
4002.13671875
3913.856689453125
3827.554443359375
3745.557861328125
3674.921142578125
3600.8515625
3533.02978515625
3467.065185546875
3406.9423828125
3348.609130859375
3293.976318359375
3244.41015625
3196.25732421875
3151.88916015625
3109.23291015625
3069.28369140625
3036.5810546875
3003.3173828125
2972.998779296875
2941.912841796875
2912.704345703125
2884.173828125
2857.158203125
2832.50927734375
2808.50390625
2786.465576171875
2764.8310546875
2744.136474609375
2726.213134765625
2707.342041015625
2689.91845703125
2672.74169921875
2656.844482421875
2641.0927734375
2626.050048828125
2612.109619140625
2598.323486328125
2585.506591796875
2572.794189453125
