17499.248046875
16487.478515625
15588.865234375
15186.8603515625
14994.640625
14961.884765625
15253.90234375
15631.6884765625
16042.9609375
16431.626953125
16810.908203125
17165.44921875
17485.720703125
17794.900390625
18076.35546875
18350.55859375
18610.970703125
18835.8203125
19075.923828125
19301.123046875
19529.271484375
19745.736328125
19971.322265625
20000.0
20000.0
20000.0
20000.0
20000.0
19352.19140625
16562.671875
14814.78125
13873.3828125
13235.1630859375
12725.8203125
12203.25
11744.1787109375
11377.462890625
11059.8203125
10811.6298828125
10589.359375
10399.9853515625
10253.8134765625
10125.6953125
10032.9658203125
9952.421875
9868.0283203125
9773.6533203125
9682.97265625
9576.4697265625
9449.779296875
9327.3193359375
9208.4072265625
9098.6064453125
9006.0302734375
8910.2685546875
8823.1708984375
8738.4833984375
8661.2138671875
8586.3759765625
8515.8583984375
8450.8447265625
8386.30859375
8323.78125
8259.9345703125
8198.6083984375
8145.51416015625
8089.310546875
8037.03955078125
7985.07763671875
7936.5654296875
7888.18408203125
7841.458984375
7800.71923828125
7767.35986328125
7736.2724609375
7705.0966796875
7674.55078125
7647.283203125
7615.9365234375
7584.0859375
7549.7255859375
7515.5810546875
7480.1689453125
7445.203125
7411.6611328125
7377.71142578125
7345.7646484375
7313.64013671875
7282.24560546875
7254.47802734375
7224.21484375
7195.39013671875
7165.69580078125
7137.85888671875
7109.08056640625
7080.556640625
7053.1904296875
7025.2392578125
6998.45654296875
6971.189453125
6944.2880859375
6920.3271484375
6892.40576171875
6862.21533203125
6830.8525390625
6800.859375
6770.916015625
6741.70166015625
6713.8046875
6685.08154296875
6657.130859375
6628.02294921875
6598.64599609375
6571.890625
6542.06396484375
6513.1572265625
6483.3125
6454.5380859375
6424.97509765625
6395.68115234375
6367.65673828125
6339.0537109375
6311.6943359375
6283.76318359375
