20000.0
20000.0
20000.0
20000.0
20000.0
20000.0
20000.0
20000.0
20000.0
20000.0
20000.0
20000.0
20000.0
20000.0
20000.0
20000.0
20000.0
20000.0
20000.0
20000.0
20000.0
20000.0
20000.0
20000.0
20000.0
20000.0
20000.0
20000.0
20000.0
20000.0
20000.0
19999.99609375
20000.0
20000.0
20000.0
20000.0
20000.0
20000.0
20000.0
19999.943359375
20000.0
20000.0
20000.0
20000.0
20000.0
20000.0
20000.0
20000.0
20000.0
20000.0
20000.0
20000.0
20000.0
20000.0
20000.0
20000.0
20000.0
20000.0
20000.0
20000.0
20000.0
20000.0
20000.0
20000.0
20000.0
20000.0
20000.0
20000.0
20000.0
20000.0
20000.0
20000.0
19999.998046875
20000.0
20000.0
19949.56640625
18972.357421875
18088.46875
17322.56640625
16738.65234375
16168.486328125
15643.5029296875
15117.5703125
14606.2216796875
14117.7041015625
13666.6533203125
13257.6083984375
12854.9921875
12482.7587890625
12128.525390625
11785.2890625
11489.4296875
11184.06640625
10907.1845703125
10644.4638671875
10405.3017578125
10171.373046875
9942.9677734375
9721.5634765625
9490.8154296875
9267.384765625
9035.0478515625
8810.7783203125
8613.845703125
8403.763671875
8208.107421875
8013.1103515625
7830.984375
7649.81640625
7482.7470703125
7322.439453125
7161.44384765625
7009.86865234375
6858.1181640625
6710.1796875
6577.85107421875
6431.1083984375
6293.13916015625
6156.33984375
6032.25634765625
5912.21630859375
5796.10888671875
5687.6044921875
5580.37939453125
5486.7626953125
5392.77978515625
