20000.0
20000.0
20000.0
20000.0
20000.0
20000.0
20000.0
20000.0
20000.0
20000.0
20000.0
20000.0
20000.0
20000.0
20000.0
20000.0
20000.0
20000.0
20000.0
20000.0
20000.0
20000.0
19999.990234375
19999.947265625
20000.0
20000.0
20000.0
19999.99609375
20000.0
20000.0
20000.0
19595.849609375
19036.490234375
18151.373046875
17183.76953125
16411.970703125
15707.7744140625
15034.1337890625
14384.0263671875
13698.4013671875
13098.79296875
12547.91015625
12043.798828125
11614.68359375
11208.341796875
10829.9130859375
10449.642578125
10108.2060546875
9851.587890625
9612.091796875
9386.052734375
9157.2724609375
8937.859375
8716.9111328125
8498.16015625
8305.9921875
8108.48486328125
7931.6416015625
7759.56591796875
7602.42333984375
7450.98486328125
7313.93115234375
7193.9599609375
7079.32373046875
6972.37890625
6868.224609375
6774.38232421875
6697.13330078125
6619.02490234375
6540.263671875
6460.93798828125
6392.61279296875
6332.673828125
6237.23388671875
6128.90087890625
6021.84375
5926.40869140625
5835.32666015625
5731.07275390625
5632.71044921875
5532.79638671875
5443.623046875
5357.28466796875
5277.6796875
5197.916015625
5120.27099609375
5047.4072265625
4973.77001953125
4904.18505859375
4835.21240234375
4768.80859375
4710.33056640625
4647.3662109375
4586.0458984375
4519.3984375
4458.39453125
4399.439453125
4343.77197265625
4277.7158203125
4219.041015625
4165.15771484375
4114.83056640625
4068.052001953125
4026.240234375
3982.65966796875
3943.017578125
3904.458251953125
3868.986572265625
3833.8642578125
3799.6884765625
3764.31494140625
3722.517822265625
3685.4345703125
3648.068603515625
3610.655517578125
3575.414794921875
3535.770751953125
3497.840087890625
3459.625244140625
3423.263916015625
3386.154052734375
3349.91552734375
3315.71240234375
3281.566162109375
3248.371337890625
3213.5927734375
