20000.0
20000.0
20000.0
20000.0
20000.0
20000.0
20000.0
20000.0
20000.0
20000.0
20000.0
20000.0
20000.0
20000.0
20000.0
20000.0
20000.0
20000.0
20000.0
20000.0
20000.0
20000.0
20000.0
19999.591796875
19999.994140625
19999.587890625
20000.0
20000.0
20000.0
19999.99609375
20000.0
20000.0
19999.9140625
19999.966796875
19760.4140625
19050.3046875
18427.58203125
17900.0390625
17377.40234375
16902.107421875
16437.841796875
15998.0556640625
15631.5322265625
15140.8642578125
14767.396484375
14419.74609375
14124.2529296875
13854.1083984375
13586.06640625
13302.0517578125
13028.6650390625
12789.5107421875
12574.9892578125
12376.2587890625
12218.1083984375
12053.8232421875
11883.6005859375
11663.2353515625
11457.861328125
11254.591796875
11070.646484375
10914.7119140625
10772.5498046875
10647.583984375
10525.6611328125
10411.8759765625
10316.0205078125
10216.8505859375
10126.3310546875
10032.9658203125
9939.958984375
9840.328125
9743.32421875
9653.2646484375
9564.23828125
9481.4931640625
9398.025390625
9315.982421875
9243.2177734375
9164.2138671875
9087.5068359375
9006.9052734375
8927.58984375
8846.40625
8766.0908203125
8690.3564453125
8617.3017578125
8552.9287109375
8487.7978515625
8423.0205078125
8361.8916015625
8295.0615234375
8231.9677734375
8168.46044921875
8108.814453125
8048.60986328125
7989.95068359375
7933.5205078125
7875.173828125
7818.76953125
7758.1240234375
7694.208984375
7634.60595703125
7566.748046875
7497.49755859375
7426.4140625
7358.7392578125
7290.00244140625
7222.1669921875
7157.2607421875
7091.47900390625
7031.34765625
6970.99169921875
6911.59423828125
6858.63720703125
6800.849609375
6745.5107421875
6688.67919921875
6633.72314453125
6577.1181640625
6520.7998046875
6466.8427734375
6411.87744140625
6359.728515625
6307.025390625
