20000.0
20000.0
20000.0
19999.96484375
20000.0
20000.0
20000.0
20000.0
20000.0
20000.0
20000.0
20000.0
20000.0
20000.0
20000.0
20000.0
20000.0
20000.0
20000.0
20000.0
20000.0
20000.0
20000.0
20000.0
20000.0
20000.0
20000.0
20000.0
20000.0
20000.0
20000.0
20000.0
20000.0
20000.0
20000.0
20000.0
20000.0
20000.0
20000.0
20000.0
20000.0
20000.0
20000.0
19999.99609375
20000.0
20000.0
19999.998046875
19999.943359375
20000.0
20000.0
19999.998046875
20000.0
20000.0
20000.0
19999.99609375
20000.0
20000.0
20000.0
20000.0
20000.0
20000.0
20000.0
20000.0
19999.9921875
20000.0
19999.994140625
20000.0
20000.0
19999.998046875
19999.998046875
20000.0
20000.0
20000.0
20000.0
19999.998046875
20000.0
19999.998046875
20000.0
19772.46484375
19132.884765625
18558.154296875
17940.373046875
17373.607421875
16838.662109375
16350.810546875
15874.06640625
15422.845703125
15011.3310546875
14608.4599609375
14240.4091796875
13885.5478515625
13544.458984375
13248.5146484375
12954.1787109375
12711.6962890625
12469.8837890625
12239.5146484375
12007.5673828125
11783.140625
11573.517578125
11362.5498046875
11163.3740234375
10962.9326171875
10765.72265625
10593.2978515625
10412.0478515625
10244.16015625
10077.212890625
9907.171875
9737.8662109375
9535.783203125
9359.83203125
9201.927734375
9040.91796875
8850.8916015625
8680.54296875
8541.6953125
8401.4580078125
8269.1787109375
8132.85791015625
8005.39501953125
7880.24462890625
7761.77783203125
7644.9765625
7524.05322265625
7407.65869140625
7287.78271484375
