20000.0
20000.0
20000.0
20000.0
20000.0
20000.0
20000.0
20000.0
20000.0
20000.0
20000.0
20000.0
20000.0
20000.0
20000.0
20000.0
20000.0
20000.0
20000.0
20000.0
20000.0
20000.0
20000.0
20000.0
20000.0
20000.0
20000.0
20000.0
20000.0
20000.0
20000.0
20000.0
20000.0
20000.0
20000.0
19999.998046875
20000.0
20000.0
20000.0
20000.0
19999.978515625
20000.0
20000.0
20000.0
20000.0
20000.0
20000.0
20000.0
20000.0
20000.0
20000.0
20000.0
20000.0
20000.0
20000.0
20000.0
20000.0
20000.0
19852.685546875
19626.423828125
19410.025390625
19207.951171875
19007.66796875
18813.90234375
18620.013671875
18430.4453125
18265.181640625
18088.033203125
17919.689453125
17752.623046875
17597.37890625
17442.515625
17292.0625
17148.181640625
16999.365234375
16853.123046875
16704.837890625
16559.443359375
16429.83984375
16285.5498046875
16144.8330078125
15996.876953125
15854.5419921875
15722.8720703125
15605.015625
15498.7197265625
15377.873046875
15246.5341796875
15107.0517578125
14967.697265625
14794.4931640625
14570.1845703125
14369.2890625
14177.853515625
14000.599609375
13821.7900390625
13645.6923828125
13478.333984375
13309.9560546875
13151.5244140625
12992.6962890625
12838.8271484375
12704.12109375
12558.736328125
12418.7568359375
12276.9833984375
12145.220703125
12007.3818359375
11874.9189453125
11753.75390625
11634.04296875
11522.06640625
11409.5283203125
11300.447265625
11204.9326171875
11102.6875
11006.462890625
10905.90625
10803.8125
10694.1123046875
10568.8896484375
10448.130859375
10327.61328125
10214.259765625
10114.5263671875
