25400.0
25400.0
25400.0
25400.0
25400.0
25400.0
25400.0
25400.0
25400.0
25400.0
25400.0
25400.0
25400.0
25400.0
25400.0
25400.0
25400.0
25400.0
25400.0
25400.0
25400.0
25400.0
25400.0
25400.0
25400.0
25400.0
28766.58984375
42654.94140625
53345.65234375
60321.328125
66686.3046875
71683.84375
76659.7265625
81933.296875
89249.3671875
98675.6171875
108471.53125
120590.953125
131897.203125
142943.125
153595.890625
162562.140625
171977.34375
180814.46875
188612.25
185987.953125
179417.015625
174346.515625
169760.78125
165263.984375
160919.484375
156241.0625
151794.109375
147837.875
145078.46875
142581.640625
140565.6875
139070.5
138008.234375
137389.484375
137535.375
137905.53125
138380.078125
138903.40625
139431.890625
139707.296875
139597.890625
139403.046875
139128.421875
138744.078125
138155.875
137326.3125
136345.265625
135256.484375
134381.34375
134145.75
133852.109375
133580.265625
133135.65625
132580.46875
131881.4375
131121.703125
130258.5078125
129358.3515625
128466.2734375
127523.8828125
126610.1796875
125660.6015625
124707.0546875
123839.2109375
122881.3828125
121965.6640625
121039.46875
120163.953125
119278.796875
118417.5
117606.6484375
116783.6875
115988.2109375
115196.453125
114437.3984375
113757.1171875
113029.140625
112359.1953125
111736.890625
111172.2109375
110611.796875
110074.4453125
109575.9140625
109080.1875
108621.984375
108173.1015625
107748.734375
107384.2890625
107000.8359375
106647.96875
106301.390625
105982.2265625
105670.5390625
105373.890625
105100.7265625
104833.2421875
104587.3359375
104346.328125
