22224.044921875
20939.09765625
19797.859375
19274.642578125
18877.236328125
18810.142578125
19177.267578125
19652.22265625
20169.27734375
20657.91015625
21134.7421875
21580.47265625
21983.12109375
22371.822265625
22725.669921875
23070.3984375
23397.7890625
23680.470703125
23982.328125
24265.451171875
24552.279296875
24824.419921875
25108.02734375
25144.08203125
25144.08203125
25144.08203125
25144.08203125
25144.08203125
35911.55078125
42772.4140625
49445.26953125
55600.21484375
60084.265625
63808.296875
67618.5234375
70936.0390625
73595.359375
75871.828125
77636.8125
79188.203125
80478.109375
81453.46875
82283.984375
82879.1015625
83380.828125
83892.859375
84442.4375
84949.1796875
85509.0703125
86147.75
86749.5625
87317.125
87826.671875
88245.765625
88667.4296875
89039.875
89388.5703125
89695.21875
89979.0234375
90235.015625
90461.421875
90682.671875
90897.2578125
91112.984375
91311.890625
91476.5078125
91643.171875
91791.875
91931.609375
92056.484375
92174.0390625
92280.9921875
92419.7109375
92650.59375
92853.140625
93042.984375
93219.65625
93373.9375
93565.078125
93768.171875
93991.59375
94214.1796875
94437.65625
94648.203125
94844.53125
95034.4453125
95202.5546875
95360.9609375
95506.7734375
95629.84375
95757.171875
95873.953125
95992.7421875
96096.46875
96199.796875
96299.0
96390.234375
96479.1484375
96560.140625
96638.515625
96710.9296875
96772.2109375
96871.3984375
97000.5625
97135.203125
97254.9375
97362.359375
97459.7734375
97548.8125
97641.8828125
97734.7421875
97834.4609375
97937.0078125
98031.0078125
98134.7890625
98234.4765625
98335.21875
98429.7421875
98523.2734375
98613.046875
98695.8359375
98775.9609375
98848.40625
98918.078125
