25400.0
25400.0
25400.0
25400.0
25400.0
25400.0
25400.0
25400.0
25400.0
25400.0
25400.0
25400.0
25400.0
25400.0
25400.0
25400.0
25400.0
25400.0
25400.0
25400.0
25400.0
25400.0
25400.0
25400.0
25400.0
25400.0
25400.0
25400.0
25400.0
30995.578125
45527.2109375
54950.8984375
62232.87109375
69495.0703125
76362.3828125
82925.6796875
88142.84375
92482.515625
95892.8203125
99061.109375
102013.9609375
104395.453125
106762.7890625
108899.7890625
111053.875
112973.359375
114993.640625
116926.7890625
118704.40625
120470.859375
122136.2890625
123808.265625
125407.3125
126804.109375
128308.578125
129682.5078125
131009.2109375
132221.21875
133514.078125
135120.0
136818.03125
138551.703125
140212.734375
142123.484375
144256.65625
149070.703125
151115.453125
152799.375
154589.203125
155720.203125
157935.421875
154415.5625
151575.40625
149294.515625
147381.171875
145786.640625
144873.546875
144893.5625
144920.84375
145004.84375
145617.140625
146505.546875
147267.265625
147882.5625
148375.3125
148786.640625
149059.484375
149217.234375
149138.5625
148894.5625
148559.078125
148431.5625
148156.84375
147762.046875
147268.328125
146748.421875
146235.578125
145694.28125
145137.6875
144512.96875
143799.609375
143016.265625
142112.8125
141231.765625
140314.0625
139460.953125
138560.0
137625.015625
136700.765625
135738.78125
134807.765625
133785.671875
132769.15625
131861.1875
130870.625
129927.96875
128978.3984375
128070.8046875
127111.640625
126178.5234375
125302.515625
124424.5078125
123600.84375
122778.2109375
