25400.0
25400.0
25400.0
25400.0
25400.0
25400.0
25400.0
25400.0
25400.0
25400.0
25400.0
25400.0
25400.0
25400.0
25400.0
25400.0
25400.0
25400.0
25400.0
25400.0
25400.0
25400.0
25400.0
25400.0
25400.0
25400.0
25400.0
25400.0
25400.0
35349.28125
48022.72265625
53301.4765625
56561.23046875
59271.81640625
62322.1484375
66017.734375
69596.109375
73466.6640625
76853.484375
80097.5
83110.421875
85823.40625
88347.578125
91000.53125
93743.140625
96222.1640625
98714.96875
101145.4375
103670.2890625
106235.953125
108857.171875
111533.9453125
114076.4609375
116883.421875
119901.9140625
122412.3359375
124955.1875
127270.09375
129669.390625
132006.71875
134339.8125
136517.953125
138433.609375
140157.03125
141825.265625
143428.859375
144635.703125
145652.171875
146932.140625
151153.859375
153638.921875
155555.125
158216.78125
164258.84375
169934.8125
177121.5
172106.453125
169169.140625
167147.265625
165489.125
163946.515625
162691.234375
161568.109375
160758.390625
159683.03125
158388.40625
157063.65625
155671.796875
154294.09375
152740.46875
151262.890625
149948.078125
148515.34375
147077.265625
145510.71875
143957.125
142366.109375
140883.6875
139564.234375
138308.796875
137170.234375
136031.25
134914.984375
133944.796875
132878.6875
131858.125
130837.921875
129876.8984375
128908.1015625
127943.296875
127095.828125
126249.2578125
125457.296875
124663.25
123904.28125
123273.296875
122669.640625
122089.0390625
121487.03125
120873.8359375
120216.6015625
119576.515625
118981.4375
118386.7578125
117885.1640625
117373.4609375
