25400.0
25400.0
25394.23046875
24757.943359375
24604.94140625
24522.109375
24462.08203125
24444.927734375
24443.845703125
24445.859375
24448.720703125
24451.986328125
24455.330078125
24458.552734375
24461.75390625
24466.02734375
24470.36328125
24474.916015625
24479.408203125
24494.8125
26049.0859375
36964.2109375
51213.25390625
67559.6171875
82504.3203125
95790.5703125
107257.203125
114842.5546875
120389.890625
124067.1640625
126516.8125
127885.15625
129808.703125
131941.046875
132740.84375
130219.1796875
127874.8828125
125675.359375
123636.7109375
121788.578125
119969.453125
118337.859375
116918.0546875
115510.8828125
114057.3828125
112705.2421875
111491.953125
110303.9296875
109289.453125
108549.5625
107842.3125
107213.2109375
106523.5078125
105854.5625
105251.3125
104619.125
104165.9453125
104031.5078125
103856.765625
103690.3515625
103656.8984375
103775.1953125
103743.4296875
103691.1875
103605.7578125
103485.1484375
103351.8203125
103193.1875
103054.375
103007.1640625
103090.8984375
103220.1640625
103319.234375
103382.7734375
103426.1640625
103458.0078125
103488.421875
103522.578125
103555.9609375
103620.921875
103726.8515625
103876.375
104043.828125
104212.046875
104369.625
104496.1015625
104581.984375
104620.5
104668.4375
104728.859375
104826.21875
104922.5390625
105004.96875
105083.359375
105154.6484375
105229.4609375
105313.390625
105403.5
105504.234375
105625.265625
105803.921875
106022.203125
106233.765625
106484.921875
106766.84375
107037.421875
107275.3515625
107499.8046875
107704.75
107884.0078125
108041.9765625
108135.28125
108218.9296875
108291.1953125
108342.953125
108390.625
108431.0859375
108471.875
108514.5
108559.890625
108601.9375
108634.953125
108657.9453125
108668.515625
108664.5
