25400.0
25400.0
25400.0
25400.0
25400.0
25400.0
25400.0
25400.0
25400.0
25400.0
25400.0
25400.0
25400.0
25400.0
25400.0
25400.0
25400.0
25400.0
25400.0
25400.0
25400.0
25400.0
25400.0
25400.0
25400.0
25400.0
25400.0
25400.0
25400.0
25400.0
25400.0
25400.0
25400.0
25400.0
25400.0
25400.0
25400.0
25400.0
25400.0
25400.0
25400.0
25400.0
25400.0
25400.0
25400.0
25400.0
25400.0
25400.0
25400.0
25400.0
25400.0
25400.0
25400.0
25400.0
25400.0
25400.0
25400.0
25400.00390625
25400.0
25400.0
25400.0
25400.0
25400.0
25400.0
25400.0
25400.0
25400.0
25400.0
25400.0
25400.0
28992.62109375
36683.421875
42562.2578125
46516.59375
49580.0
52050.8125
54300.9453125
56454.14453125
58348.50390625
60363.1484375
62237.69921875
64343.71875
66330.15625
68498.46875
70700.1015625
72826.6484375
75051.46875
77203.0625
79404.515625
81726.1328125
83831.265625
86082.5390625
88200.28125
90358.9921875
92422.9609375
94543.890625
96574.9453125
98804.4375
101175.9609375
103590.140625
106142.2421875
108700.484375
111130.578125
114031.84375
116696.9609375
119359.4609375
121917.1640625
124546.7734375
127141.2734375
129608.3359375
132125.1875
134738.09375
137405.484375
140018.84375
142323.71875
144840.234375
148012.421875
151446.703125
154548.734375
157494.703125
160217.171875
162826.640625
165562.625
168188.359375
170674.203125
