25400.0
25400.0
25400.0
24859.923828125
24512.07421875
24275.18359375
23891.796875
23779.939453125
23755.470703125
23751.833984375
23754.025390625
23757.798828125
23762.126953125
23768.423828125
23775.90234375
23784.755859375
23796.935546875
23813.99609375
23840.87890625
23879.1875
23946.439453125
24069.87109375
24302.0
24736.1640625
25002.37109375
25100.134765625
25131.84765625
25145.240234375
25154.341796875
25161.267578125
25167.990234375
25177.86328125
25189.158203125
25202.1015625
25215.115234375
25226.83203125
25235.431640625
25245.181640625
25250.6015625
25253.455078125
25324.609375
25615.8671875
26475.20703125
28232.83203125
31413.0546875
35917.04296875
40011.3359375
44194.12890625
48143.8828125
51502.58984375
54010.10546875
55889.25
57472.33203125
58738.8984375
59884.265625
60874.046875
61634.328125
62425.703125
63269.94140625
64375.61328125
65609.875
67279.109375
69642.3828125
72733.640625
77033.421875
81443.8125
86159.140625
89304.5390625
91790.890625
95570.8125
101516.703125
106717.7265625
111332.15625
116206.046875
121148.4453125
126472.1171875
131907.078125
136798.84375
140003.53125
139772.3125
139795.5
139787.515625
139622.40625
139276.171875
138934.203125
138535.875
138072.53125
137527.640625
136878.203125
136180.1875
135388.53125
134587.125
133859.171875
133142.484375
132856.59375
132478.953125
132134.15625
131745.890625
131315.8125
130872.09375
130371.9921875
129876.7890625
129388.046875
128962.1171875
128581.875
128133.2109375
127692.46875
127224.5078125
126844.859375
126428.90625
126028.359375
125525.0078125
124892.25
124426.0625
124204.6953125
123800.0703125
123347.7265625
122801.8828125
122314.6875
121847.3359375
121378.0859375
120883.9921875
120393.0234375
120014.3515625
119670.0859375
119370.296875
119069.0390625
