25400.0
25400.0
25261.28515625
24764.544921875
24649.34765625
24581.171875
24398.634765625
24308.53515625
24291.814453125
24290.294921875
24292.388671875
24295.509765625
24298.9140625
24302.228515625
24305.65625
24308.978515625
24313.560546875
24319.646484375
24325.87890625
24333.4453125
24342.744140625
24352.767578125
24364.22265625
24378.419921875
24395.84765625
24416.953125
24444.939453125
24480.42578125
24529.30859375
24581.681640625
24763.2578125
25001.509765625
25230.34765625
25875.83984375
27450.857421875
30714.1484375
36363.359375
43494.2109375
51333.69921875
58292.12890625
66166.875
72790.03125
77594.0
81003.140625
83502.8125
85574.484375
87256.0859375
88777.765625
90444.984375
92071.1953125
93596.5234375
94978.0625
96508.046875
97979.359375
99183.34375
100375.7578125
101427.9453125
102422.40625
102571.6953125
102350.1484375
102143.359375
101945.9921875
101734.921875
101491.3828125
101242.3046875
101017.078125
100808.765625
100582.296875
100383.6484375
100175.78125
99972.7734375
99766.1640625
99571.7734375
99410.9296875
99286.0
99215.6328125
99151.84375
99102.203125
99076.25
99077.7734375
99100.3671875
99155.7109375
99229.3359375
99232.015625
99190.984375
99102.65625
99053.0546875
99085.6796875
99121.4765625
99157.2734375
99370.0234375
99713.125
99970.1875
100168.375
100326.734375
100480.0
100626.8828125
100755.84375
100873.6171875
100971.9921875
101059.703125
101131.125
101180.375
101229.0
101291.828125
101351.46875
101390.0546875
101468.890625
101536.0078125
101581.6875
101611.96875
101630.890625
101641.2890625
101642.34375
101634.671875
101612.984375
101589.8203125
101586.015625
101615.125
101668.359375
101807.21875
101933.109375
102050.65625
102160.203125
102395.34375
