25400.0
23940.23828125
21452.6953125
20889.228515625
19900.166015625
19001.919921875
17786.794921875
17114.787109375
16978.087890625
17407.2890625
18076.64453125
19051.49609375
20182.03125
21017.611328125
21645.43359375
22196.990234375
22682.16796875
23150.12109375
23592.9296875
23977.880859375
24390.0390625
24766.431640625
25147.806640625
25101.599609375
25471.517578125
26999.4296875
31133.771484375
35858.1875
40918.16796875
46242.22265625
52880.859375
57776.19140625
62525.984375
66472.46875
69742.421875
72218.0078125
74379.7578125
76150.453125
77547.0625
78692.921875
79646.375
80577.6171875
81410.765625
82121.8671875
82858.8125
83509.5859375
84114.8046875
84637.1328125
85115.8984375
85555.9375
86007.9140625
86406.4765625
86746.8671875
87060.859375
87342.4375
87582.65625
87838.2109375
88065.8671875
88278.6484375
88466.0
88686.3125
88979.0546875
89256.953125
89501.5546875
89711.6484375
89908.15625
90089.65625
90242.65625
90399.9140625
90542.3046875
90679.84375
90815.7890625
90950.0703125
91077.75
91198.4609375
91315.7734375
91406.2890625
91486.9921875
91565.2421875
91634.0546875
91712.8515625
91795.140625
91886.8671875
91982.2890625
92079.6484375
92174.0625
92263.0390625
92348.140625
92429.0859375
92513.8828125
92600.4453125
92677.9921875
92767.9375
92861.78125
92957.1484375
93049.6328125
93156.359375
93269.6328125
93401.9140625
93543.0234375
93679.46875
93865.96875
94125.4296875
94339.0390625
94558.125
94756.4921875
94950.328125
95128.9921875
95304.671875
95479.0390625
95661.5625
95862.28125
96070.5
96289.71875
96516.546875
96764.2578125
97025.1796875
97259.9375
97476.1953125
97665.3203125
97843.9921875
98008.8828125
98162.1328125
98318.109375
98472.5234375
98629.890625
