25400.0
25400.0
24713.79296875
24718.58984375
24587.55859375
24358.3828125
23852.546875
23663.732421875
23608.58984375
23605.466796875
23610.15234375
23620.080078125
23635.65625
23656.974609375
23687.65625
23739.630859375
23820.826171875
23950.37890625
24170.318359375
24673.662109375
24964.955078125
25062.3359375
25094.59765625
25106.009765625
25112.552734375
25115.0390625
25113.326171875
25220.654296875
25909.626953125
28228.935546875
33568.0078125
40479.55859375
49550.234375
57653.63671875
66335.8046875
73252.671875
78994.421875
83396.9296875
87247.609375
90628.421875
92833.6875
94536.9765625
96414.921875
98185.953125
100550.4375
102777.25
104762.4765625
106438.1875
108010.625
109438.2421875
110670.171875
111845.59375
112926.0859375
114037.140625
113731.96875
112954.484375
112277.8125
111715.7890625
111244.5703125
111097.203125
111087.1328125
111031.328125
110913.8828125
110802.109375
111161.2578125
111514.484375
111749.796875
111873.578125
111919.9921875
112015.0078125
112109.9765625
112154.46875
112198.5859375
112238.546875
112260.203125
112229.9453125
112137.5
112057.3125
111927.5859375
111762.515625
111564.7734375
111389.1171875
111466.671875
111784.21875
112046.4140625
112275.34375
112505.734375
112785.1328125
113021.234375
113196.84375
113344.765625
113367.4921875
113271.8046875
113257.46875
113090.4453125
112925.59375
113068.5546875
113089.0625
112966.7421875
112774.25
112539.203125
112362.015625
112120.671875
111914.6796875
111685.421875
111462.2265625
111381.84375
111389.9375
111395.703125
111346.9453125
111246.1328125
111099.3828125
110947.6953125
110805.796875
110695.3203125
110614.6875
110595.890625
110660.65625
110711.28125
110767.8671875
110814.8046875
110857.71875
110893.0859375
110922.2578125
110943.6640625
110972.1328125
