25400.0
25400.0
25400.0
25234.3671875
25209.876953125
25209.876953125
25209.876953125
25209.876953125
25209.876953125
25209.876953125
25209.876953125
25209.876953125
25209.876953125
25209.876953125
25209.876953125
25209.876953125
25209.876953125
25209.876953125
25209.876953125
25209.876953125
29603.751953125
42761.4609375
51032.30078125
58669.65234375
66061.484375
72698.0703125
78926.4453125
84349.921875
90477.859375
96112.359375
100802.7734375
105736.4765625
110725.3125
113961.90625
116547.5
119172.5625
122376.734375
124668.7734375
126173.578125
124779.5546875
123738.40625
122736.65625
121789.15625
120701.140625
119646.6875
118578.3671875
117715.328125
116819.34375
115945.8984375
115127.2265625
114279.9765625
113510.6484375
112647.234375
111750.015625
110979.1328125
110188.5234375
109464.1171875
108764.296875
108127.6640625
107674.59375
107591.5078125
107357.4140625
107182.3046875
107010.0625
106839.8671875
106697.6953125
106583.828125
106536.90625
106630.53125
106623.1953125
106478.75
106389.53125
106427.640625
106514.671875
106599.0625
106698.078125
106822.8203125
106954.3984375
107083.265625
107245.671875
107375.484375
107473.5078125
107557.65625
107666.234375
107810.3828125
107975.7734375
108149.203125
108304.078125
108447.8125
108582.46875
108705.6875
108829.734375
108932.734375
109000.109375
109054.328125
109092.0
109173.078125
109284.1875
109419.09375
109574.9609375
109714.171875
109841.375
109952.203125
110078.234375
110201.1171875
110327.7421875
110443.796875
110558.6796875
110667.9609375
110767.2421875
110862.734375
110948.6796875
111027.96875
111101.0234375
111152.8046875
111194.515625
111221.96875
111237.453125
111259.03125
111333.609375
111472.984375
111573.2265625
111621.8515625
111662.1015625
111673.421875
