25400.0
24456.626953125
23258.21875
22571.5234375
22261.396484375
22635.822265625
23335.95703125
24039.6015625
24724.984375
25150.5859375
25150.5859375
25150.5859375
25150.5859375
25150.5859375
25150.5859375
25150.5859375
25150.5859375
25150.5859375
25150.5859375
39474.40234375
50675.7734375
60238.25390625
67927.84375
73759.1953125
78306.4296875
82232.7265625
85685.5625
88950.3359375
91587.265625
93539.640625
95193.8359375
96463.859375
97470.390625
98237.53125
98891.7265625
99358.453125
99631.09375
99791.2578125
99966.015625
100258.7734375
100409.640625
100458.6640625
100454.640625
100499.65625
100732.4140625
100884.2734375
100992.7421875
101249.96875
101670.8671875
101973.7421875
102165.4375
102323.171875
102435.8046875
102499.515625
102534.6015625
102543.203125
102530.78125
102509.609375
102481.8203125
102442.609375
102398.0078125
102348.1640625
102299.53125
102249.1484375
102199.53125
102137.1953125
102049.0390625
101968.65625
101890.734375
101815.5625
101738.2734375
101660.0546875
101584.90625
101506.1796875
101432.921875
101363.078125
101301.7421875
101244.3671875
101174.4296875
101104.5703125
101031.640625
100958.890625
100882.9296875
100809.5546875
100747.8671875
100681.1640625
100607.828125
100523.4921875
100433.6953125
100349.8046875
100260.984375
100184.875
100115.5
100052.96875
99991.6953125
99932.84375
99875.4140625
99815.0390625
99757.25
99696.6953125
99636.0703125
99591.953125
99576.84375
99577.6328125
99585.5859375
99595.6328125
99605.28125
99612.0
99617.7109375
99622.0859375
99621.2890625
99617.875
99611.2265625
99602.390625
99590.03125
99575.3828125
99556.625
99535.71875
99511.578125
99484.34375
99455.46875
99422.9921875
99388.8828125
99360.0546875
