25400.0
25400.0
25400.001953125
24874.119140625
24662.005859375
24648.333984375
24721.744140625
24750.048828125
24755.416015625
24758.0546875
24760.62109375
24763.380859375
24766.220703125
24768.90625
24771.546875
24774.849609375
24778.43359375
24780.84765625
24782.724609375
24784.60546875
24786.4609375
24789.69140625
24794.498046875
24832.009765625
30056.08984375
39366.41015625
50258.30859375
61174.171875
73705.765625
84108.671875
92846.890625
101667.65625
109073.4375
115852.3359375
120050.0
120515.7734375
120669.953125
120616.65625
120269.3515625
119748.7734375
119064.46875
118307.7265625
117622.7734375
116881.078125
116161.5859375
115397.34375
114583.0390625
113719.671875
112888.4375
112189.3046875
111500.46875
110851.9609375
110312.90625
109732.234375
109163.8515625
108494.6796875
107851.3671875
107199.1484375
106580.046875
105971.9453125
105420.3046875
104952.234375
104547.109375
104193.828125
103873.7421875
103562.9453125
103269.7578125
102947.140625
102614.4765625
102251.578125
101955.21875
102163.546875
102477.953125
103027.25
103492.5078125
103887.0390625
104226.109375
104505.8125
104776.859375
105229.75
105467.5
105590.3046875
105653.6484375
105679.78125
105696.546875
105712.796875
105702.46875
105673.59375
105644.0546875
105601.3203125
105540.5078125
105583.484375
105678.0234375
105766.234375
105784.15625
105741.8515625
105665.7890625
105668.3046875
105696.1796875
105704.84375
105699.1796875
105743.5
105815.3828125
105899.578125
105960.2890625
105992.0234375
105997.2890625
105987.5703125
105978.1875
105988.484375
106024.9296875
106081.2578125
106152.1640625
106227.9375
106296.625
106370.171875
106438.9609375
106506.7734375
106579.1171875
106652.4140625
106725.9765625
106804.4765625
106891.9765625
106980.328125
107074.21875
