25400.0
25400.0
25400.0
25400.0
25400.0
25400.0
25400.0
25400.0
25400.0
25400.0
25400.0
25400.0
25400.0
25400.0
25400.0
25400.0
25400.0
25400.0
25400.0
25400.0
25400.0
25400.0
25400.0
25400.0
25400.0
28749.7734375
48009.87109375
65245.6875
79773.5859375
90607.6953125
99351.84375
107996.7734375
115382.21875
121928.2734375
127314.0390625
131664.140625
135171.40625
137853.1875
140122.171875
142104.265625
143804.75
145125.359375
146101.125
146996.09375
147683.984375
148270.828125
148703.34375
151629.25
153544.953125
153209.15625
153131.328125
156502.609375
158908.375
154363.4375
151485.90625
149187.328125
147570.59375
146416.0625
145793.03125
145127.6875
144472.828125
143730.5625
142830.40625
141785.9375
140578.296875
139313.15625
138171.984375
136961.40625
135875.09375
134768.453125
133709.265625
132630.921875
131564.515625
130569.875
129570.0234375
128624.1171875
127680.046875
126766.484375
125961.7109375
125074.1015625
124238.8046875
123436.546875
122696.0078125
121957.2421875
121242.8984375
120572.7734375
119902.0234375
119272.34375
118639.3515625
118024.6796875
117484.1328125
116904.2578125
116359.7421875
115814.0546875
115308.25
114805.5390625
114317.9609375
113854.4296875
113388.03125
112950.8359375
112498.9921875
112062.7421875
111685.1015625
111288.40625
110915.90625
110539.1171875
110183.8359375
109833.25
109497.984375
109185.9765625
108891.984375
108640.0859375
108390.359375
108147.7734375
107936.9140625
107714.8828125
107512.21875
107314.4609375
107135.2421875
106961.046875
106798.359375
106650.609375
106508.328125
106384.6875
106268.4921875
