25400.0
25400.0
25400.0
25400.0
25400.0
25400.0
25400.0
25400.0
25400.0
25400.0
25400.0
25400.0
25400.0
25400.0
25400.0
25400.0
25400.0
25400.0
25400.0
25400.0
25400.0
25400.0
25400.0
25400.0
25400.0
25400.0
25400.0
25400.0
25400.0
25400.0
25400.0
25730.763671875
36509.91015625
46809.203125
54408.30859375
61085.21875
67316.59375
71669.875
75257.1953125
78455.515625
81539.0
84417.2265625
87139.265625
90008.59375
92517.5703125
94906.34375
97108.2578125
99360.3828125
101701.578125
104146.0078125
106917.4765625
109943.8984375
113398.53125
117008.921875
120351.5625
124215.3984375
128318.34375
132558.578125
136698.234375
141015.015625
145312.140625
149881.703125
154451.203125
158480.4375
162411.84375
166484.203125
169749.875
173145.109375
176833.265625
183653.421875
187249.359375
190573.265625
191142.015625
185877.71875
181869.5
179075.265625
176970.359375
175596.984375
174658.453125
173491.75
172808.03125
172109.796875
171398.765625
170701.53125
169949.65625
169095.234375
168579.859375
167825.734375
166672.921875
165345.90625
163870.25
161950.0
160023.84375
157960.265625
155827.703125
153539.71875
151310.546875
149333.53125
147246.515625
145131.953125
142937.453125
140792.546875
138912.75
136913.4375
135142.890625
133419.734375
131818.28125
130251.59375
128801.8515625
127472.015625
126183.0703125
125007.40625
123842.4921875
122737.8984375
121788.6953125
120793.4765625
119881.640625
118991.1328125
118175.53125
117378.7421875
116625.4140625
115934.3515625
115257.9921875
114635.9765625
114026.9375
