25400.0
25400.0
25400.0
25400.0
25400.0
25400.0
25400.0
25400.0
25400.0
25400.0
25400.0
25400.0
25400.0
25400.0
25400.0
25400.0
25400.0
25400.0
25400.0
25400.0
25400.0
25400.0
25400.0
25400.0
25400.0
25400.0
25400.0
25400.0
25400.0
25400.0
25400.0
25400.0
25400.0
25400.0
25400.0
25400.0
25400.0
28051.541015625
39228.24609375
50265.36328125
57582.96484375
63031.66796875
69414.1015625
74365.28125
78935.6484375
82893.765625
86193.6796875
88939.0546875
91318.1484375
93494.4296875
95429.015625
97257.4140625
98937.40625
100351.1640625
101809.2421875
103309.609375
104826.640625
106213.359375
107610.671875
108953.234375
110199.9609375
111415.1875
112685.4609375
114335.9140625
116187.875
117951.6640625
119936.625
121895.6484375
124031.2109375
126547.453125
130118.0546875
133720.21875
137112.078125
140554.453125
143873.421875
147424.453125
150763.96875
153755.09375
156960.90625
160003.65625
163508.796875
167378.375
171105.5
174662.390625
182022.859375
185260.890625
187925.9375
190684.5
188245.5625
184898.8125
181961.0625
179600.859375
177741.546875
176608.453125
176454.5
176393.703125
176287.875
176073.234375
175680.53125
175234.40625
174576.328125
173692.03125
172576.96875
171498.1875
170353.203125
169183.5625
167926.28125
166621.375
165304.6875
163917.953125
162606.8125
161224.59375
159835.5625
158567.125
157151.34375
155763.1875
154212.328125
152742.21875
151267.953125
149838.71875
148461.609375
147033.328125
145653.125
144251.453125
