25400.0
25400.0
24946.794921875
24670.990234375
24673.095703125
24664.75390625
24661.873046875
24665.34765625
24671.439453125
24678.0390625
24684.2109375
24690.58984375
24697.36328125
24705.9375
24716.423828125
24727.94921875
24744.05078125
25054.16015625
31254.634765625
41175.15234375
49964.40625
59941.80078125
70013.875
77238.09375
83341.8984375
88831.4453125
94407.578125
99634.7265625
105106.0234375
110637.2890625
115693.7265625
120949.15625
125889.6484375
131142.359375
136668.90625
138293.625
136103.484375
134112.84375
132054.71875
129965.1640625
127805.6328125
125804.546875
124213.5
122581.1640625
121170.3203125
119794.3828125
119037.296875
118547.6328125
118333.25
117799.25
117412.09375
117146.4140625
116848.4765625
116566.28125
116389.765625
116496.7421875
116589.734375
116679.28125
116777.0625
116906.015625
117054.8671875
117243.828125
117441.0703125
117581.625
117804.359375
118058.6875
118198.7109375
118340.3203125
118443.3671875
118489.0
118454.890625
118339.578125
118188.8515625
117992.1796875
117688.71875
117365.5546875
117017.0703125
116627.2109375
116248.2265625
115810.5703125
115433.7265625
115016.6015625
114589.78125
114125.3984375
113645.234375
113172.578125
112683.21875
112211.8359375
111725.5
111242.203125
110795.8515625
110403.7421875
110062.875
109712.8671875
109377.3203125
109072.0859375
108758.7109375
108456.546875
108148.625
107856.9296875
107564.2734375
107279.7890625
107003.0859375
106703.8046875
106429.546875
106163.171875
105925.3515625
105703.4140625
105497.2890625
105309.484375
105126.109375
104957.7109375
104790.59375
104634.9609375
104503.015625
104350.671875
104202.8515625
104053.5390625
103905.8671875
103754.59375
103611.90625
103509.828125
103428.203125
103469.171875
103582.4296875
