25400.0
25400.0
24720.826171875
24895.9921875
24810.4921875
24359.953125
24102.916015625
23991.330078125
23974.55859375
23977.21484375
23984.720703125
23994.345703125
24018.03515625
24049.072265625
24090.234375
24145.595703125
24224.201171875
24486.732421875
24897.244140625
25105.755859375
25176.77734375
25200.734375
25210.09375
25216.37890625
25221.185546875
25224.333984375
25224.759765625
25406.724609375
26349.328125
29272.7109375
35218.8125
42686.75390625
48622.92578125
52941.4375
57193.43359375
61711.66015625
66113.9609375
70161.4140625
74006.1015625
77739.328125
81627.421875
85481.40625
89135.9296875
93313.6171875
97655.8515625
102409.953125
106926.3515625
111428.1015625
115952.6640625
120496.6015625
121646.28125
122243.34375
122871.2109375
123344.4453125
123605.078125
123864.0078125
123914.046875
123924.3203125
123879.5703125
123731.78125
123522.5859375
123259.5390625
122997.4609375
122685.9765625
122278.71875
121850.375
121426.90625
120902.9921875
120346.5703125
119809.5546875
119643.234375
119475.015625
119300.03125
119117.625
118915.375
118702.53125
118471.6796875
118221.2734375
118012.4296875
117800.0078125
117596.96875
117377.1875
117205.7578125
117035.4765625
116850.2578125
116645.1484375
116454.9453125
116279.6875
116081.6484375
115778.265625
115629.625
115285.4375
114876.90625
114533.1171875
114214.7734375
113901.9921875
113576.046875
113324.4921875
113163.0078125
112970.109375
112715.203125
112407.109375
112163.5078125
111920.7578125
111686.0
111425.3046875
111152.359375
110865.25
110633.0
110447.8046875
110290.9609375
110156.4296875
110032.0078125
109918.65625
109819.4453125
109684.15625
109523.2578125
109402.0078125
109314.1328125
109247.203125
109198.140625
109158.3671875
109123.6640625
109101.7109375
109091.8984375
