25400.0
25400.0
24781.107421875
25178.185546875
23562.041015625
22128.787109375
21448.873046875
21548.455078125
22145.17578125
23016.330078125
24063.193359375
24583.904296875
24734.744140625
24765.45703125
24774.255859375
24784.853515625
24797.955078125
24809.953125
24816.193359375
24862.2578125
25394.59375
27290.02734375
32199.728515625
40274.18359375
51194.87109375
58298.61328125
66036.4296875
72024.234375
77197.1328125
81638.203125
85309.1484375
88815.5703125
91612.8671875
93838.71875
95504.5546875
96797.8984375
97806.234375
98575.234375
99212.9609375
99726.578125
100161.671875
100409.1015625
100450.34375
100426.21875
100393.796875
100380.7890625
100335.140625
100261.3671875
100166.6953125
100111.75
100058.21875
100000.5390625
99931.828125
99814.3125
99710.984375
99600.9375
99494.546875
99379.3359375
99261.390625
99134.90625
99004.8671875
98877.875
98746.8359375
98624.0859375
98502.140625
98444.0
98475.484375
98490.1484375
98496.5625
98515.34375
98544.9453125
98564.984375
98571.9609375
98564.625
98547.46875
98524.8828125
98497.640625
98466.953125
98436.4140625
98399.609375
98361.9453125
98320.7578125
98280.5859375
98238.828125
98194.953125
98152.7265625
98106.84375
98059.984375
98007.1328125
97952.1015625
97901.75
97845.1484375
97789.2890625
97731.1953125
97676.0234375
97621.3203125
97565.8828125
97522.2421875
97484.6484375
97448.5703125
97411.265625
97366.9921875
97325.9609375
97279.6484375
97236.8359375
97190.953125
97146.6953125
97100.6875
97053.640625
97008.7109375
96961.890625
96918.03125
96910.4765625
96930.8359375
96954.21875
96974.28125
96988.6015625
97000.609375
97013.703125
97023.203125
97029.5703125
97034.484375
97039.2890625
97043.65625
97048.4375
