25400.0
25400.0
24589.193359375
24536.423828125
23645.05859375
22396.505859375
21818.390625
21839.37890625
22253.361328125
22741.66796875
22814.171875
23012.703125
23619.9140625
24385.8671875
24712.6171875
24812.369140625
24842.0
24855.849609375
24866.64453125
24878.48046875
24905.79296875
24935.87109375
24960.244140625
24975.013671875
24989.82421875
25087.9296875
25659.080078125
27191.703125
31655.66015625
39043.16796875
47734.49609375
58171.87109375
64641.0625
68103.6484375
70443.328125
72413.640625
74174.796875
75695.046875
77345.4765625
78721.8046875
79924.125
80981.390625
81954.6640625
82882.8125
83636.609375
84286.3046875
84874.7890625
85407.8515625
85883.265625
86323.203125
86852.1171875
87295.0234375
87800.9921875
88317.3359375
88748.9140625
89172.3046875
89536.7109375
89873.484375
90168.4609375
90448.3359375
90694.921875
90932.1953125
91181.625
91426.734375
91678.125
91926.5625
92148.25
92399.6328125
92650.2421875
92910.671875
93196.2421875
93507.2109375
93818.046875
94110.390625
94462.0625
94822.8046875
95151.5078125
95439.0078125
95672.875
95901.0546875
96081.28125
96235.0078125
96377.1484375
96539.6640625
96713.53125
96885.5546875
97041.4140625
97133.8125
97185.765625
97219.75
97237.5625
97237.46875
97222.3828125
97202.3125
97183.796875
97190.4296875
97224.2734375
97263.1015625
97305.34375
97352.21875
97403.7734375
97520.765625
97702.09375
97879.5
98019.953125
98128.2109375
98204.96875
98332.0859375
98579.03125
98820.2890625
99072.453125
99311.2578125
99546.84375
99760.875
99928.90625
100082.3359375
100215.1328125
100352.3828125
100484.625
100613.4609375
100730.6875
100836.96875
100939.59375
101041.1875
101147.3515625
