25400.0
25400.0
25400.0
25400.0
25400.0
25400.0
25400.0
25400.0
25400.0
25400.0
25400.0
25400.0
25400.0
25400.0
25400.0
25400.0
25400.0
25400.0
25400.0
25400.0
25400.0
25400.0
25400.0
25400.0
25400.0
25400.0
25400.0
25400.0
25400.0
25400.0
25400.0
25400.0
25400.0
25400.0
32230.654296875
44791.48046875
52968.59375
58161.76171875
61808.953125
64705.41015625
67113.9140625
69625.8203125
71881.859375
74068.5234375
75939.7265625
77816.8984375
79605.96875
81295.8203125
82905.2109375
84467.7578125
85973.546875
87287.1015625
88517.7578125
89759.7734375
91005.2578125
92627.125
94273.859375
95981.203125
97627.59375
98988.8125
100119.296875
101382.265625
103260.5859375
105202.9375
108495.1171875
111582.15625
114237.8671875
117131.1875
119791.5
122343.2265625
125087.4609375
128592.4609375
131998.109375
135171.671875
138469.8125
141570.75
144601.828125
147412.59375
149613.0
151625.0625
153495.734375
155505.53125
157506.484375
159557.796875
164447.0
168239.234375
171231.40625
174061.59375
182202.4375
189372.390625
185132.359375
181911.84375
179729.0625
178354.8125
177652.609375
177177.484375
176805.4375
176438.484375
176096.8125
175682.609375
175065.421875
174325.96875
173518.359375
172434.109375
171350.8125
170032.828125
168627.9375
167107.46875
165557.796875
164079.1875
162531.40625
161034.140625
159484.0
158127.75
157018.671875
155531.421875
153947.09375
152364.484375
150893.65625
149404.078125
147968.546875
146635.109375
145251.328125
143895.984375
142495.4375
