25400.0
25400.0
25400.0
25260.76171875
25260.76171875
25260.76171875
25260.76171875
25260.76171875
25260.76171875
25260.76171875
25260.76171875
25260.76171875
25260.76171875
25260.76171875
25260.76171875
25260.76171875
25766.34765625
40508.62890625
50067.0625
59144.6015625
67911.6484375
76023.96875
83157.2265625
90782.9921875
97772.453125
103891.1796875
110414.6484375
114158.296875
117552.4296875
121418.140625
124309.2421875
125076.0546875
123563.3828125
122298.484375
121044.1796875
119716.8515625
118400.546875
117309.0390625
116221.0625
115201.671875
114154.03125
113136.375
112122.28125
111038.1484375
110083.7109375
109169.25
108351.2265625
107632.4375
107434.7265625
107169.625
106982.4453125
106786.28125
106608.46875
106468.828125
106517.328125
106525.890625
106355.71875
106322.328125
106405.5546875
106506.515625
106635.6796875
106797.875
106945.203125
107136.6875
107302.6640625
107428.9765625
107552.21875
107738.4140625
107952.0390625
108171.0703125
108362.3515625
108544.625
108720.953125
108867.359375
108970.78125
109047.328125
109115.6484375
109247.625
109395.9609375
109598.609375
109753.671875
109911.515625
110067.46875
110229.578125
110387.3828125
110528.0
110664.265625
110785.1171875
110899.2890625
110998.09375
111079.078125
111142.96875
111182.203125
111201.4296875
111244.6640625
111349.75
111518.6015625
111579.640625
111620.7265625
111614.6171875
111557.90625
111478.328125
111421.9296875
111363.3203125
111303.78125
111237.625
111181.0078125
111139.7265625
111074.40625
110993.5078125
110900.2265625
110806.0390625
110708.21875
110611.984375
110521.8125
110421.578125
110332.5390625
110264.796875
110221.9765625
110179.671875
110127.9765625
110067.1953125
109992.0
109903.2109375
109795.796875
