25400.0
25400.0
25084.939453125
24561.265625
24491.76171875
24259.396484375
24198.47265625
24181.9140625
24182.92578125
24187.380859375
24193.294921875
24202.921875
24214.791015625
24228.74609375
24248.0078125
24274.775390625
24315.353515625
24379.908203125
24453.591796875
24789.3359375
26408.7734375
30307.978515625
38674.16015625
49529.21484375
62483.21875
75393.671875
87486.5
96988.9375
105973.4375
113421.6484375
118868.59375
119967.8125
120173.796875
119935.0234375
119424.8046875
118792.8515625
118028.7734375
117225.078125
116406.9296875
115580.375
114696.65625
113841.1328125
113086.3984375
112259.390625
111464.328125
110693.5546875
109981.625
109265.6796875
108591.265625
107985.28125
107405.640625
106813.09375
106248.3125
105733.5390625
105308.53125
104877.21875
104424.09375
103919.1484375
103420.3515625
102918.046875
102434.1015625
102015.7265625
101628.84375
101272.0859375
100910.7578125
100559.8515625
100254.2578125
99943.8125
99666.3515625
99401.5390625
99167.796875
98910.2578125
98778.046875
98575.6015625
98340.28125
98099.7265625
97850.75
97696.75
97561.796875
97404.8828125
97416.9296875
97437.4765625
97484.921875
97701.2578125
98016.671875
98347.65625
98738.796875
99150.0390625
99680.8671875
100221.3515625
100711.5859375
101197.96875
101605.8671875
101959.3828125
102273.1953125
102540.3046875
102759.4453125
102941.8203125
103131.359375
103338.90625
103538.734375
103730.2109375
103919.1796875
104128.7890625
104380.71875
104646.7734375
104879.3359375
105096.609375
105295.8125
105476.6796875
105649.9296875
105826.8671875
106026.1875
106248.6171875
106449.375
106736.4609375
107043.8828125
107309.0234375
107517.59375
107692.6796875
107840.015625
107963.34375
108071.6796875
108088.8203125
108074.703125
