25400.0
25400.0
25400.0
25400.0
25400.0
25400.0
25400.0
25400.0
25400.0
25400.0
25400.0
25400.0
25400.0
25400.0
25400.0
25400.0
25400.0
25400.0
25400.0
25400.0
25400.0
25400.0
25400.0
25400.0
25400.0
25400.0
25400.0
25400.0
25400.0
25400.0
28674.30859375
45211.80859375
59013.73828125
70522.3046875
78867.578125
84670.6484375
88639.5859375
92153.6171875
95344.8046875
98944.5
102280.5546875
105011.7421875
107623.2734375
109796.7890625
111769.625
113489.5
115179.3515625
116952.9140625
118469.8984375
120537.2421875
122425.4921875
124221.796875
125902.46875
127373.2265625
128938.0078125
130505.9609375
132219.0625
133851.5
135252.5
136392.5
138050.84375
139881.671875
142251.125
145106.265625
148826.703125
149739.015625
146631.28125
144103.125
142009.015625
140024.34375
137840.796875
135868.140625
134453.84375
133103.09375
131875.609375
131000.125
130736.5703125
130369.8125
130188.8828125
130075.6953125
129923.4765625
129866.6484375
129818.5703125
129833.4296875
129869.3203125
129911.5859375
129985.328125
130085.296875
130282.8203125
130438.953125
130576.9765625
130688.515625
130788.078125
130892.0859375
131003.0234375
131100.09375
131179.0625
131193.21875
131078.328125
131004.46875
130960.8515625
130987.859375
131025.859375
131074.921875
131085.59375
131050.3125
130969.296875
130810.640625
130669.125
130608.9765625
130512.7421875
130367.0703125
130177.1484375
129989.765625
129762.296875
129521.609375
129269.2421875
129014.4609375
128832.046875
128710.984375
128743.359375
128837.4609375
128868.8828125
128858.0859375
