25400.0
25400.0
25400.0
25400.0
25400.0
25400.0
25400.0
25400.0
25400.0
25400.0
25400.0
25400.0
25400.0
25400.0
25400.0
25400.0
25400.0
25400.0
25400.0
25400.0
25400.0
25400.0
25400.0
25400.0
25400.0
36881.76953125
56631.33203125
73826.5390625
85841.046875
96960.5078125
107007.9921875
115847.1640625
123560.7734375
131395.875
137834.828125
142812.46875
146742.421875
149693.734375
151998.296875
153632.640625
154655.46875
155408.5625
155744.125
153936.75
150048.921875
146349.421875
142635.234375
139368.859375
136272.671875
133441.015625
130625.6015625
127962.421875
126143.90625
124275.03125
122963.953125
121548.875
120297.765625
119116.84375
118014.3203125
117245.53125
116736.8984375
116599.890625
116632.1796875
116607.015625
116623.0546875
116696.3359375
116830.2734375
117013.0859375
117200.5546875
117398.078125
117591.1171875
117782.078125
118004.34375
118229.6875
118458.0
118654.6484375
118815.46875
118990.3125
119165.7578125
119286.328125
119400.765625
119560.4375
119743.71875
119925.375
120102.0
120260.25
120492.1484375
120666.0390625
120760.8515625
120797.7578125
120769.875
120690.8515625
120598.078125
120498.125
120386.453125
120282.515625
120183.1640625
120087.0625
119978.90625
119857.984375
119735.2265625
119581.4921875
119415.25
119227.078125
118990.1640625
118725.1171875
118456.7109375
118189.4609375
117904.546875
117623.7890625
117319.6328125
117006.8203125
116719.4296875
116389.625
116073.5625
115750.8515625
115444.703125
115133.9296875
114827.3515625
114533.6640625
114233.0546875
113945.1484375
113651.0703125
