25400.0
25400.0
24394.83984375
23521.94140625
22603.8671875
22693.82421875
23233.861328125
23845.0625
24470.826171875
24554.462890625
24555.001953125
24556.173828125
24557.52734375
24558.912109375
24560.203125
24561.48828125
24562.693359375
24564.01171875
24566.05859375
24567.2265625
24568.181640625
24569.064453125
24569.87890625
24570.724609375
24571.46484375
24572.419921875
24573.763671875
24575.275390625
24580.205078125
24609.466796875
29648.736328125
38439.5546875
47563.984375
56381.39453125
61978.703125
66589.9296875
70395.9765625
73587.125
76287.140625
78441.8125
80177.5
81592.7734375
82973.25
84142.015625
85164.3515625
85953.0859375
86702.6875
87412.3828125
88055.140625
88673.6328125
89189.46875
89714.78125
90192.8515625
90580.78125
90926.9609375
91216.875
91458.7734375
91689.6484375
91891.375
92061.34375
92187.546875
92320.859375
92526.609375
92781.1171875
93006.515625
93195.15625
93376.8828125
93535.265625
93720.4609375
94468.046875
95392.8515625
96327.9453125
97173.828125
97933.2578125
98544.9921875
99059.6953125
99517.328125
99928.4765625
100531.8515625
101080.8359375
101595.625
102010.484375
102353.546875
102634.078125
102865.0
103388.234375
103966.9296875
104568.7578125
105151.5
105579.53125
105985.6328125
106388.4296875
106787.7421875
107157.703125
107540.421875
107880.09375
108166.4375
108432.828125
108676.203125
108915.4375
109137.9140625
109311.6171875
109453.9609375
109574.921875
109680.8203125
109764.5078125
109829.7578125
109877.0625
109910.9375
109939.953125
109959.296875
109967.828125
109963.578125
109951.4296875
109930.2734375
109888.828125
109835.4140625
109777.8984375
109713.3046875
109640.3046875
109562.8359375
109476.9296875
109389.65625
109296.9375
