25400.0
25261.146484375
24366.23046875
22987.41796875
22453.10546875
22535.490234375
23235.236328125
23636.732421875
24285.068359375
24517.27734375
24520.107421875
24524.787109375
24529.41015625
24534.298828125
24539.55078125
24589.1953125
34046.26953125
50699.37890625
62152.70703125
72422.34375
79365.875
83604.4609375
85886.640625
87995.796875
89812.84375
91305.6640625
92346.0625
93064.6171875
93616.8359375
94059.078125
94417.7421875
94778.1953125
95084.625
95355.265625
95557.953125
95742.3515625
96003.4765625
96248.765625
96449.5390625
96599.078125
96737.109375
96849.7421875
97004.9921875
97364.828125
97645.2578125
97942.484375
98198.34375
98406.4375
98578.53125
98783.8515625
99015.3671875
99231.8671875
99419.6875
99621.734375
99762.5703125
99884.8828125
99977.890625
100112.203125
100242.71875
100412.4296875
100605.859375
100798.6171875
100974.0234375
101104.2578125
101192.796875
101245.2890625
101266.1953125
101312.7265625
101358.5546875
101403.3828125
101449.4453125
101512.1484375
101572.3515625
101620.96875
101654.2265625
101692.9453125
101883.1953125
102086.1328125
102217.921875
102260.875
102218.671875
102162.5703125
102104.5
102039.109375
101970.8828125
101928.2578125
101935.7578125
101925.6328125
101871.0859375
101776.640625
101686.6640625
101612.8515625
101553.109375
101552.7109375
101553.28125
101548.1640625
101536.9140625
101495.1328125
101435.296875
101362.75
101282.7890625
101192.625
101097.7578125
100999.65625
100906.296875
100825.453125
100744.9765625
100670.921875
100604.3359375
100579.4921875
100556.5546875
100511.484375
100467.953125
100426.8984375
100389.9453125
100361.6015625
100338.6953125
100321.8828125
100310.0703125
100300.03125
100285.96875
100276.9765625
100269.34375
100252.3828125
100231.96875
100212.421875
100197.3671875
100222.453125
100280.328125
