25400.0
25400.0
24488.439453125
24422.234375
22874.1484375
21012.580078125
20651.763671875
20917.869140625
21391.7421875
21975.60546875
23062.341796875
24293.98828125
24652.419921875
24727.0078125
24728.837890625
24726.251953125
24738.5625
24756.912109375
24778.79296875
24798.298828125
24815.796875
24829.6640625
24842.16015625
24852.521484375
24861.037109375
24866.138671875
24871.587890625
24880.419921875
24891.814453125
24901.509765625
24971.666015625
25257.4609375
26155.279296875
28824.150390625
34263.68359375
41326.1171875
47754.57421875
52954.3359375
57042.609375
59674.3671875
61796.203125
63626.765625
65484.42578125
67315.515625
69158.0078125
70838.4765625
72351.9140625
73608.9140625
74730.3359375
75923.359375
77065.8828125
78204.3046875
79313.671875
80396.3359375
81601.484375
82727.2421875
83822.9921875
84820.171875
85783.109375
86757.46875
87653.90625
88491.734375
89223.0234375
89906.28125
90569.0703125
91182.203125
91810.921875
92363.1796875
92918.1015625
93465.59375
94037.5390625
94549.40625
95005.5859375
95462.7890625
95877.71875
96274.828125
96652.703125
96976.671875
97325.90625
97650.984375
97969.984375
98264.046875
98555.3125
98837.1171875
99096.7734375
99352.03125
99603.1875
99907.40625
100217.84375
100465.9609375
100721.1796875
100951.8984375
101141.546875
101305.5234375
101467.3125
101625.34375
101768.4296875
101900.2421875
102017.09375
102120.6953125
102206.078125
102269.75
102363.4375
102596.484375
102791.8203125
102995.9140625
103224.1171875
103428.3828125
103609.3203125
103780.6171875
103937.5625
104091.3515625
104236.359375
104363.1953125
104495.6484375
104612.9921875
104723.5859375
104827.3515625
104937.203125
105054.765625
105172.5390625
105299.2578125
105423.71875
105543.1796875
