25400.0
25400.0
24506.916015625
24002.75390625
22616.802734375
22023.853515625
22530.8828125
22885.4609375
23043.2265625
23617.50390625
24510.361328125
24790.99609375
24855.22265625
24874.66796875
24889.7734375
24901.9375
24912.396484375
24939.8359375
25346.345703125
27056.041015625
32850.91015625
43091.01953125
55802.3984375
64702.16796875
68557.109375
71496.9375
73904.671875
76134.5078125
78150.453125
79647.90625
81163.1171875
82476.296875
83551.53125
84423.3359375
85203.4375
85865.7421875
86570.40625
87225.078125
87975.59375
88655.2265625
89227.390625
89673.875
90091.78125
90448.828125
90802.9921875
91152.140625
91510.2109375
91863.5
92214.96875
92589.546875
92995.140625
93434.828125
93862.4140625
94289.3515625
94783.1640625
95194.65625
95559.7109375
95852.40625
96074.578125
96313.515625
96548.3359375
96799.0703125
96959.421875
97037.8515625
97078.8125
97093.03125
97080.015625
97060.9921875
97064.96875
97118.046875
97182.265625
97256.71875
97349.8203125
97622.2109375
97840.8203125
98005.9140625
98114.75
98367.4765625
98711.109375
99042.46875
99370.671875
99659.546875
99898.8828125
100099.0
100289.0390625
100475.0390625
100637.7109375
100789.0546875
100937.2421875
101076.0703125
101240.171875
101409.3515625
101583.8984375
101759.9375
101948.140625
102120.6171875
102255.2578125
102374.1171875
102477.53125
102544.8203125
102587.0546875
102610.71875
102613.90625
102601.859375
102577.2421875
102543.0390625
102494.3515625
102436.5078125
102372.65625
102299.3359375
102224.0234375
102152.1875
102094.015625
102046.6875
101996.1796875
101944.9921875
101889.109375
101830.7265625
101769.5234375
101707.3359375
101647.46875
101587.625
101532.3359375
101483.828125
