24588.626953125
23061.095703125
21932.888671875
20951.0
20868.400390625
21690.412109375
22709.939453125
23615.052734375
24439.40625
24853.669921875
24857.96484375
24877.7578125
24882.826171875
24883.544921875
24884.30078125
31464.10546875
45890.1640625
53552.6171875
61414.72265625
67709.6875
72466.953125
75711.8671875
78219.9375
80239.59375
81940.859375
83407.0
84613.421875
85686.484375
86591.6328125
87282.640625
88075.65625
88844.28125
89596.390625
90279.2421875
90902.6015625
91435.4921875
91947.3203125
92511.3828125
93082.03125
93675.5234375
94282.7265625
94787.1953125
95275.3203125
95704.765625
96457.6953125
97210.671875
97932.4453125
98619.921875
99212.4453125
99871.84375
100511.546875
101083.6015625
101594.953125
102016.2421875
102441.015625
102812.0078125
103160.0703125
103467.5
103752.4296875
104012.0
104239.828125
104457.546875
104658.453125
104849.65625
105028.8515625
105175.8203125
105305.0625
105463.8359375
105571.3515625
105626.7421875
105643.3125
105654.6875
105645.3671875
105606.09375
105544.7265625
105475.578125
105402.03125
105331.78125
105242.15625
105150.3515625
105050.15625
104945.5546875
104828.015625
104701.90625
104578.453125
104458.484375
104351.0078125
104245.5625
104141.03125
104048.140625
103947.046875
103851.921875
103754.703125
103663.4921875
103567.2734375
103474.40625
103392.34375
103313.0546875
103242.484375
103175.5703125
103115.6328125
103067.3984375
103019.2734375
102975.609375
102931.7578125
102890.2578125
102848.2109375
102805.71875
102762.359375
102713.421875
102696.3046875
102748.9296875
102799.5078125
102868.71875
102965.8828125
103037.6640625
103118.53125
103189.3828125
103245.796875
103285.0078125
103305.9609375
103307.8125
103300.1171875
103294.40625
