22573.240234375
21403.521484375
20254.72265625
19637.96484375
19233.142578125
18887.419921875
18798.861328125
19064.46484375
19459.71484375
19917.111328125
20367.818359375
20824.115234375
21260.7109375
21663.330078125
22056.564453125
22416.8203125
22768.923828125
23103.763671875
23391.400390625
23696.955078125
23980.7265625
24265.166015625
24533.2109375
24804.814453125
25011.013671875
25011.013671875
25011.013671875
25011.013671875
25071.390625
30923.283203125
36832.515625
41387.31640625
45191.60546875
50698.87109375
55345.8828125
59222.15234375
62600.71484375
65603.6640625
68635.03125
71303.0390625
73758.2578125
75932.1015625
77722.4296875
79527.8984375
81121.734375
82711.046875
84117.265625
85453.1171875
86645.8828125
87722.90625
88748.9765625
89658.484375
90512.953125
91291.2578125
91951.265625
92636.6484375
93279.234375
93858.3671875
94343.953125
94785.125
95363.4453125
96029.203125
96641.375
97170.453125
97653.0859375
98078.4296875
98424.7734375
98777.7734375
99089.046875
99377.0
99624.5625
99849.5390625
100045.9296875
100214.421875
100371.9609375
100511.71875
100644.6171875
100767.7578125
100869.4765625
100971.359375
101059.1953125
101139.8515625
101207.9453125
101269.90625
101322.7734375
101366.75
101404.2265625
101434.1484375
101458.9296875
101484.578125
101525.296875
101563.3671875
101588.7265625
101604.0078125
101600.15625
101584.9140625
101568.5546875
101553.1640625
101537.84375
101523.640625
101508.125
101492.390625
101477.4375
101459.640625
101441.3203125
101420.953125
101395.6015625
101365.9453125
101333.078125
101298.0390625
101260.8203125
101224.6015625
101187.953125
101151.9140625
101118.2578125
101080.625
101045.109375
101008.265625
100972.7578125
100943.3125
100918.078125
100892.78125
100865.8125
100837.859375
100807.0
