25400.0
25400.0
25331.673828125
24792.259765625
24681.4140625
24754.810546875
24789.603515625
24797.3671875
24802.09765625
24806.298828125
24810.2890625
24814.298828125
24819.177734375
24822.294921875
24824.892578125
24827.0703125
24830.828125
24867.63671875
31918.16015625
40570.3125
50532.3203125
60895.31640625
71790.4140625
80292.125
87293.9140625
94874.0859375
102204.9375
109156.3125
115916.765625
120771.125
121151.421875
121355.6640625
121225.1015625
120820.765625
120209.09375
119560.03125
118953.703125
118291.265625
117618.3125
116951.5234375
116315.2890625
115809.125
115177.8359375
114530.2265625
113904.765625
113374.6640625
113262.96875
113029.0546875
112768.296875
112527.5234375
112290.5390625
112030.4375
111583.5234375
111160.6328125
110715.9375
110329.703125
109950.296875
109523.8515625
109158.6953125
108790.015625
108485.8671875
108587.4921875
108606.0546875
108593.75
108510.6484375
108300.875
108058.046875
107859.296875
107788.3203125
107735.609375
107632.7890625
107541.5234375
107470.890625
107441.7421875
107443.8515625
107553.3125
107740.203125
107880.75
108010.6328125
108109.34375
108199.3671875
108299.0703125
108420.2890625
108554.7890625
108691.4609375
108841.8359375
108993.2265625
109154.9609375
109318.59375
109463.7578125
109619.3671875
109765.1328125
109913.15625
110052.015625
110187.0390625
110311.46875
110417.171875
110515.9765625
110599.125
110676.5234375
110857.0078125
110962.734375
111044.6953125
111161.1484375
111282.453125
111462.2578125
111603.5078125
111722.2421875
111819.6015625
111899.0546875
111959.65625
112006.109375
112024.09375
111964.1484375
111895.78125
111837.25
111781.265625
111725.734375
111666.890625
111602.3125
111548.4140625
111506.7109375
111458.0859375
111392.46875
