25400.0
25400.0
25400.0
25400.0
25290.26171875
25132.41796875
25117.97265625
25117.97265625
25117.97265625
25117.97265625
25117.97265625
25117.97265625
25117.97265625
25117.97265625
25117.97265625
25117.97265625
25117.97265625
25117.97265625
25117.97265625
25117.97265625
25117.97265625
25117.97265625
25117.97265625
25117.97265625
25117.97265625
25117.97265625
25117.97265625
25127.595703125
25136.59765625
25138.47265625
25139.0078125
25139.16796875
25139.3515625
25139.541015625
25139.732421875
25139.361328125
25139.07421875
25137.568359375
25134.830078125
25135.50390625
30453.162109375
43539.49609375
51502.0
56666.953125
60410.79296875
64228.3671875
67030.375
69523.1875
71900.4140625
74349.265625
76845.1171875
79079.078125
81111.421875
83108.2578125
84891.3984375
86855.15625
88929.828125
90996.765625
92848.78125
94620.6328125
96281.34375
97977.1953125
99813.59375
101546.2578125
103293.359375
105074.4296875
106714.875
108555.015625
110565.109375
112519.2890625
114320.9453125
116189.2734375
118140.9375
119681.2890625
121132.78125
122176.359375
121427.6171875
120630.7265625
119902.4375
119740.8515625
119669.015625
119510.703125
119250.3984375
118881.4609375
118443.828125
118090.1875
117876.859375
117621.1640625
117315.5078125
116985.6953125
116676.4609375
116322.0703125
115972.359375
115637.328125
115339.53125
115045.2578125
114758.1484375
114482.6171875
114231.0390625
113989.4765625
113734.046875
113471.8359375
113230.4140625
112953.671875
112683.796875
112444.3984375
112200.5390625
111944.1875
111685.953125
111441.8359375
111177.6796875
110919.640625
110658.375
110402.9609375
110176.953125
109931.09375
109697.2265625
109442.859375
109239.8515625
109141.578125
109195.53125
109142.53125
108991.2109375
108832.78125
108693.6171875
