25400.0
25400.0
25400.0
25266.798828125
25007.09765625
24898.13671875
24898.134765625
24898.134765625
24898.134765625
24898.134765625
24924.814453125
24950.671875
24956.896484375
24959.33203125
24961.029296875
24962.486328125
24963.84765625
24965.16015625
24967.576171875
24968.92578125
24969.9296875
24970.84375
24971.6796875
24972.5
24973.373046875
24974.02734375
24974.716796875
24975.376953125
24975.71875
24975.759765625
24973.712890625
24979.1640625
29746.001953125
42308.1328125
51154.359375
56610.78515625
61361.3125
66234.125
70658.78125
74684.6875
78301.515625
81483.03125
84092.421875
86910.3984375
89603.6640625
92158.65625
94295.140625
96360.3828125
98305.4453125
100115.3359375
102050.140625
104091.609375
106251.171875
108363.0390625
110222.1015625
112268.2109375
114366.9765625
116380.203125
116380.171875
115966.1328125
115496.2578125
114987.6640625
114258.3046875
113442.8671875
113036.5546875
113036.3984375
113033.53125
112918.5703125
112918.65625
112788.859375
112535.5
112239.2109375
111952.3359375
111691.0
111421.25
111165.546875
110905.4609375
110648.4140625
110419.7265625
110168.84375
109927.015625
109682.9296875
109453.59375
109239.953125
109037.3828125
108864.6953125
108713.2265625
108584.9140625
108508.2890625
108434.34375
108349.5078125
108204.2578125
108070.8125
107916.265625
107750.8203125
107568.59375
107376.265625
107199.9765625
107186.7421875
107229.1171875
107239.8203125
107231.25
107245.21875
107281.265625
107172.6484375
107015.2890625
106843.875
106677.3671875
106553.0390625
106452.359375
106355.28125
106266.15625
106180.3203125
106099.4921875
106028.375
105947.25
105864.265625
105771.09375
105675.1171875
105655.0
105616.578125
105544.640625
105484.0703125
105437.171875
105384.3125
