25400.0
25400.0
25400.0
25400.0
25397.673828125
25394.521484375
25392.09765625
25388.8828125
25386.998046875
25385.83203125
25385.150390625
25384.7265625
25384.47265625
25384.32421875
25384.232421875
25384.1796875
25384.146484375
25384.12890625
25384.119140625
25384.115234375
25383.9453125
25383.65234375
25383.365234375
25383.119140625
25382.939453125
25382.826171875
25382.736328125
25382.63671875
25382.3125
25382.3125
25380.767578125
25380.26953125
31765.33984375
43925.6328125
52737.796875
60692.078125
69679.5
77794.625
85820.5390625
93097.5703125
100899.9453125
108111.5859375
114330.75
121088.6171875
126798.0
131910.515625
135969.203125
138952.53125
140413.515625
141242.53125
142121.796875
143488.765625
145088.96875
147556.515625
150368.609375
153312.359375
151364.46875
148848.15625
146712.609375
144576.28125
142514.875
140558.359375
138557.984375
136717.171875
134507.828125
132395.234375
130593.3046875
128712.453125
127058.984375
125611.7578125
124289.421875
123198.6640625
122048.953125
121087.2109375
120158.5390625
119431.6796875
118674.8125
117995.296875
117400.7734375
116688.34375
116007.203125
115426.9296875
115016.6875
114769.4140625
114657.890625
114590.8125
114527.484375
114478.3203125
114487.6484375
114560.28125
114645.75
114755.4453125
114838.4296875
114904.015625
114958.4765625
115007.9765625
115058.8359375
115112.484375
115181.015625
115264.796875
115360.546875
115454.6640625
115535.7578125
115683.65625
115891.140625
116116.109375
116312.578125
116483.984375
116624.8828125
116747.0859375
116876.328125
117016.640625
117159.3515625
117277.59375
117355.8828125
117375.2578125
117354.5859375
117313.8515625
117267.3359375
117161.4375
117052.046875
116957.1796875
116847.546875
116721.90625
116589.4921875
