25400.0
25400.0
25400.0
25400.0
25400.0
25400.0
25400.0
25400.0
25400.0
25400.0
25400.0
25400.0
25400.0
25400.0
25400.0
25400.0
25400.0
25400.0
25400.0
25400.0
25400.0
25400.0
25400.0
25400.0
25400.0
28145.572265625
44505.65234375
60108.8984375
70804.765625
79014.140625
88103.8125
95827.5
102293.875
107138.9609375
111172.8515625
114607.3515625
117446.90625
119981.9921875
122323.828125
124675.125
126762.78125
128446.0546875
130391.625
132340.015625
134175.796875
135712.640625
137163.21875
138469.46875
139629.328125
139105.734375
136443.640625
133978.921875
131341.015625
129181.09375
127062.578125
125267.453125
123549.2109375
121939.8203125
120473.4609375
119063.6875
117729.1328125
116559.578125
115954.109375
115328.609375
114565.421875
113906.6796875
113240.5625
112667.625
112294.1328125
112101.6171875
112260.890625
112390.546875
112435.4296875
112560.8828125
112797.875
113102.8984375
113421.2265625
113874.5390625
114420.703125
114877.3125
115305.8046875
115691.5078125
116058.5625
116402.71875
116750.2265625
117145.1640625
117553.8515625
117927.296875
118177.84375
118402.234375
118649.4375
118873.84375
119064.3515625
119186.609375
119253.34375
119273.140625
119261.03125
119242.9765625
119237.65625
119207.3515625
119129.15625
119035.0390625
118917.015625
118672.515625
118443.84375
118232.6953125
118032.5078125
117858.203125
117710.3515625
117555.9296875
117404.7578125
117247.875
117091.2265625
116951.2578125
116833.0859375
116733.9765625
116621.953125
116486.984375
116342.3828125
116208.65625
116134.921875
116051.15625
115955.6484375
115848.8984375
