25400.0
25400.0
25396.25
24686.181640625
24704.630859375
24268.158203125
23934.50390625
23862.353515625
23847.220703125
23845.623046875
23848.369140625
23854.94140625
23863.31640625
23873.787109375
23886.302734375
23902.9765625
23924.947265625
23951.568359375
23993.587890625
24054.7578125
24131.4765625
24431.005859375
24803.849609375
25008.671875
25107.365234375
25148.505859375
25161.697265625
25165.892578125
25201.357421875
25695.939453125
27141.001953125
30031.005859375
35919.08203125
42908.98046875
50497.16796875
59379.546875
69073.1484375
76414.09375
80671.0
84445.1328125
87755.0703125
90326.3671875
92743.9453125
94871.6953125
96749.375
98434.65625
99899.8046875
101030.8515625
101882.546875
102574.2734375
103110.703125
103593.1953125
104015.6875
104337.140625
104609.4921875
104780.8984375
104886.5859375
104936.9453125
104951.265625
104911.875
104854.2421875
104801.5
104720.546875
104620.9375
104509.90625
104401.28125
104272.9140625
104142.640625
103991.203125
103838.515625
103680.125
103522.5234375
103372.2734375
103217.1328125
103070.2421875
102915.5234375
102723.2109375
102531.4140625
102305.5859375
102068.8828125
101818.6953125
101581.5
101349.5625
101132.21875
100925.8515625
100711.0234375
100506.2890625
100309.1640625
100140.1171875
99980.515625
99804.625
99644.5390625
99486.578125
99338.21875
99186.1796875
99037.8203125
98895.9375
98758.0
98637.7421875
98511.15625
98382.4375
98266.8359375
98138.6953125
98017.4375
97895.5078125
97780.4296875
97703.578125
97678.875
97642.8828125
97611.0625
97580.6171875
97548.21875
97514.203125
97481.796875
97441.625
97401.6953125
97357.234375
97313.09375
97266.8671875
97220.1953125
97176.4296875
97129.8046875
97084.5546875
97039.359375
