25400.0
25400.0
25339.181640625
24922.419921875
24727.404296875
24727.404296875
24727.404296875
24727.404296875
24755.75390625
24761.85546875
24763.67578125
24765.06640625
24766.33203125
24767.474609375
24768.5703125
24770.03125
24771.6796875
24772.625
24773.388671875
24774.14453125
24774.84375
24775.53515625
24776.185546875
24776.861328125
24777.466796875
24777.99609375
24778.533203125
24778.994140625
24779.2265625
24779.865234375
24782.22265625
26180.26171875
33734.875
41103.9609375
47030.796875
53052.35546875
59254.0390625
66515.953125
73589.0390625
80281.7578125
87090.1484375
95021.25
102682.0234375
109450.5625
112045.296875
114258.921875
116033.7109375
117603.609375
118930.484375
119947.15625
120876.375
121610.0390625
122124.734375
122422.1796875
122547.6875
122455.2578125
122284.75
122059.2578125
121775.25
121402.7421875
120997.140625
120582.109375
120142.6875
120174.1953125
120331.0859375
120416.5390625
120426.796875
120392.5859375
120325.703125
120210.984375
120047.84375
119836.609375
119602.84375
119343.5703125
119041.3359375
118721.90625
118378.28125
118021.1328125
117685.4609375
117308.3984375
116943.9609375
116580.171875
116257.3984375
115930.6875
115616.8125
115324.1796875
115133.2421875
114909.234375
114650.5625
114382.703125
114140.8203125
113875.5703125
113594.5078125
113321.6640625
113063.6328125
112800.453125
112538.03125
112275.828125
112133.578125
111862.9453125
111551.03125
111244.8828125
110998.40625
110680.46875
110371.546875
110068.4296875
109819.6015625
109591.5390625
109316.71875
109043.1953125
108879.140625
108786.5
108653.46875
108465.2109375
108260.578125
108025.640625
107939.6796875
107926.703125
107874.1796875
107750.4140625
107591.609375
107469.71875
107377.59375
107303.546875
107190.9140625
