25157.47265625
23531.59765625
22222.6328125
21347.4765625
20803.83203125
20581.205078125
20662.708984375
21176.30859375
21742.203125
22322.51171875
22852.548828125
23384.91796875
23868.44921875
24299.09375
24712.78125
24761.458984375
24761.568359375
24762.197265625
24762.8671875
24764.072265625
24765.880859375
24766.78515625
24767.3671875
24767.5546875
24767.0703125
24767.748046875
24930.9609375
33295.91015625
44527.7265625
49911.3828125
55292.9921875
60052.8046875
64296.2109375
68037.375
71021.2734375
73535.453125
75449.4453125
77005.6484375
78377.5234375
79559.1796875
80634.5703125
81670.890625
82509.5
83302.4453125
84019.65625
84654.6640625
85240.46875
85810.3046875
86339.859375
86809.984375
87250.84375
87634.875
88036.171875
88463.1875
88854.3984375
89279.703125
89673.78125
90060.6875
90434.6328125
90790.96875
91116.390625
91402.8828125
91673.4609375
91931.484375
92208.9375
92506.515625
92787.6796875
93118.265625
93426.1796875
93731.3515625
94069.3125
94411.0390625
94730.3046875
95015.953125
95288.4921875
95539.6953125
95779.9765625
96005.3671875
96353.3046875
96796.65625
97205.0859375
97612.3671875
97994.5
98375.296875
98749.8203125
99104.8203125
99432.0390625
99789.78125
100169.75
100551.609375
100871.4921875
101191.671875
101480.6328125
101762.7734375
102021.6953125
102275.671875
102516.4921875
102736.6875
102950.265625
103145.2421875
103336.8125
103518.0234375
103674.40625
103837.8046875
103986.765625
104131.5078125
104268.7734375
104402.4140625
104526.8046875
104638.546875
104751.8359375
104858.8125
104965.5703125
105068.171875
105158.9296875
105256.84375
105347.9375
105433.203125
105508.734375
105614.6796875
105704.90625
105773.7265625
105825.28125
105858.9453125
105879.7265625
