25400.0
25400.0
25015.31640625
24526.23828125
24234.751953125
23714.478515625
23426.00390625
23305.7734375
23296.69921875
23304.75
23320.20703125
23348.390625
23402.5703125
23497.255859375
23725.404296875
24378.57421875
24766.578125
24905.265625
24949.978515625
24972.158203125
24995.01171875
25020.302734375
25025.529296875
25025.05859375
25023.46875
25046.232421875
25136.625
25591.138671875
26888.88671875
30067.162109375
35790.90625
44238.98828125
53200.0234375
63281.1171875
72475.453125
78331.0
83452.59375
88689.2109375
92890.9453125
94083.8046875
95088.1484375
95869.1015625
96633.828125
97652.5625
98559.359375
99262.3359375
99847.625
100303.7421875
100628.125
100854.5390625
101051.234375
101239.8046875
101488.484375
101810.09375
102161.515625
102522.171875
102893.0234375
103392.40625
103862.5703125
104262.328125
104545.1171875
104693.3671875
104855.0
105084.8984375
105239.8984375
105292.0859375
105284.734375
105346.6875
105458.7265625
105718.78125
105976.953125
106222.6875
106444.8671875
106680.0078125
106969.0078125
107295.390625
107612.765625
108009.1015625
108635.0234375
109053.078125
109421.5625
109715.75
109884.4609375
109977.1875
110004.1875
109969.3671875
109936.4921875
109874.4140625
109749.1015625
109579.2578125
109410.0
109214.5546875
109033.765625
108861.15625
108709.265625
108565.375
108435.578125
108322.78125
108215.5234375
108122.3359375
108033.046875
107951.0078125
107904.3671875
107879.46875
107857.0625
107849.921875
107833.390625
107825.3203125
107821.9140625
107819.9921875
107815.4921875
107809.28125
107800.375
107704.828125
107626.203125
107571.875
107538.5859375
107513.5625
107489.40625
107483.46875
107462.1796875
107427.453125
107384.953125
107339.3671875
107292.6171875
