25400.0
25400.0
25206.390625
24563.25
24846.59375
24580.669921875
24291.291015625
24122.943359375
24091.708984375
24088.515625
24091.498046875
24096.423828125
24103.123046875
24112.630859375
24124.330078125
24137.205078125
24152.453125
24171.263671875
24191.80078125
24220.037109375
24255.373046875
24305.412109375
24369.189453125
24439.033203125
24521.375
24723.994140625
24981.611328125
25109.2578125
25159.53125
25186.2421875
25447.08203125
26440.8203125
28913.34375
34460.8671875
41273.4453125
49608.5625
58094.91796875
66842.859375
74686.2109375
81806.5703125
87864.0234375
92928.8203125
96621.5234375
99470.171875
101700.4765625
103663.125
105328.1640625
106841.0078125
108125.96875
109370.90625
110626.265625
111770.109375
112825.046875
113806.75
114859.5390625
115914.65625
116829.640625
117685.9921875
118457.0390625
119084.375
119641.8515625
119307.890625
118131.25
117109.3828125
116106.9765625
115142.7890625
114298.4765625
113410.8359375
112588.890625
111769.6640625
111010.5703125
110268.59375
109565.953125
108905.96875
108257.9453125
107662.8671875
107053.8515625
106516.375
106069.765625
105591.4140625
105146.78125
104718.0234375
104323.609375
103939.65625
103580.8203125
103255.4609375
102948.25
102678.8515625
102402.7421875
102186.4453125
101972.34375
101745.125
101547.1484375
101390.4140625
101265.453125
101153.6015625
101061.5625
100996.2578125
100919.640625
100830.484375
100720.0859375
100611.9375
100595.640625
100569.1640625
100514.71875
100441.546875
100468.0625
100507.53125
100488.9296875
100430.0
100344.40625
100361.2890625
100424.2109375
100545.1328125
100676.15625
100789.359375
100866.0390625
100917.2734375
100947.65625
100961.6796875
100967.8828125
100967.6953125
100952.1796875
100935.8671875
100956.984375
