25400.0
25400.0
25400.0
25400.0
25400.0
25400.0
25400.0
25400.0
25400.0
25400.0
25400.0
25400.0
25400.0
25400.0
25400.0
25400.0
25400.0
25400.0
25400.0
25400.0
25400.0
25400.0
25400.0
25400.0
25400.0
25400.0
25400.0
25400.0
25400.0
25400.0
25400.0
25400.0
25400.0
25400.0
25400.0
25400.0
25400.0
25400.0
25400.0
25400.0
29427.92578125
44775.078125
56285.63671875
66167.3984375
74034.953125
79895.2109375
84223.5
87660.984375
90358.53125
93037.25
95496.2890625
98217.484375
100772.390625
103186.71875
105239.765625
107296.328125
109070.703125
110697.640625
112123.9765625
113474.265625
114733.4296875
116028.578125
117356.125
118488.109375
119816.53125
121365.28125
122705.6875
124100.703125
125378.3046875
126635.5546875
127827.625
129016.46875
130216.328125
131450.9375
132776.15625
134049.125
135175.515625
136098.375
136878.296875
138202.171875
139404.171875
141091.578125
143080.671875
145349.6875
147671.546875
152131.1875
149520.78125
147337.359375
145302.9375
143659.53125
142211.6875
140590.46875
138933.375
137236.90625
135949.015625
134865.96875
133821.65625
132901.75
131920.890625
131541.40625
131305.234375
130987.3203125
130752.1328125
130607.4375
130488.1328125
130333.4765625
130244.1328125
130177.1171875
130129.8671875
130124.7578125
130140.6484375
130152.2890625
130170.96875
130218.7890625
130276.1796875
130395.125
130529.484375
130649.65625
130745.5703125
130831.03125
130906.4609375
130972.8203125
131049.4375
131129.21875
131208.734375
