22272.654296875
20610.8671875
19061.185546875
17942.048828125
17584.10546875
17123.474609375
16932.8359375
17277.689453125
17828.01171875
18464.017578125
19085.5703125
19708.958984375
20302.240234375
20845.6015625
21377.1328125
21870.0859375
22372.740234375
23200.08203125
23983.640625
26058.66015625
29784.76171875
34667.5703125
39954.62890625
45812.91796875
52581.4296875
58085.4375
63358.21875
67666.2421875
71455.875
74700.6640625
77221.3203125
79729.90625
81933.3984375
84035.96875
85847.6796875
87508.5
89023.25
90270.671875
91365.4765625
92252.2265625
93024.3828125
93679.1328125
94321.3984375
95151.296875
95826.984375
96418.9140625
96924.2578125
97378.546875
97773.546875
98118.1796875
98427.2421875
98683.4453125
98903.7421875
99063.8359375
99188.8203125
99316.984375
99418.6171875
99510.4609375
99594.484375
99670.125
99734.625
99788.6328125
99835.078125
99870.21875
99932.6875
99986.4140625
100015.734375
100030.421875
100032.7421875
100025.375
100004.296875
99973.828125
99940.203125
99904.8828125
99866.1953125
99827.2421875
99786.0546875
99742.8671875
99703.40625
99658.6484375
99606.40625
99548.6640625
99500.8515625
99454.3984375
99404.8125
99353.390625
99297.234375
99220.9765625
99149.53125
99090.484375
99042.8515625
98989.5390625
98943.765625
98902.46875
98866.8671875
98833.453125
98801.4453125
98769.4375
98734.328125
98688.3515625
98634.2421875
98582.5859375
98539.2890625
98493.609375
98449.8671875
98404.8046875
98361.2109375
98314.9296875
98267.3515625
98218.3203125
98159.9296875
98099.2109375
98032.75
97964.28125
97901.71875
97832.3828125
97766.5859375
97699.7578125
97636.390625
97572.1796875
97508.84375
97449.8359375
97390.0078125
97333.8046875
97277.359375
