25117.857421875
23587.9375
22218.828125
21309.998046875
20773.923828125
20598.431640625
20709.71875
21264.95703125
21859.6953125
22461.453125
23006.91015625
23550.92578125
24044.177734375
24481.94921875
24769.001953125
24768.705078125
24769.080078125
24769.80859375
24770.529296875
24772.703125
24773.78515625
24774.380859375
24774.677734375
24774.150390625
24774.896484375
25128.875
34407.28515625
45079.34375
50504.28515625
56533.3046875
61012.03515625
65421.7578125
68973.34375
71957.3828125
74262.171875
76115.3203125
77675.5390625
78988.765625
80182.5390625
81240.4375
82257.7734375
83123.4453125
83821.265625
84525.0078125
85154.0625
85755.7265625
86295.625
86803.7265625
87263.015625
87661.3671875
88085.0
88522.328125
88974.2890625
89414.0546875
89794.046875
90199.234375
90579.71875
90940.4140625
91256.828125
91552.515625
91835.1171875
92113.15625
92416.234375
92729.859375
93072.8359375
93406.2421875
93696.078125
94055.8359375
94401.953125
94735.0703125
95033.1171875
95318.2890625
95584.6171875
95825.234375
96057.6484375
96527.8828125
96979.9375
97413.953125
97793.9296875
98199.8359375
98575.875
98974.6484375
99302.9921875
99679.1484375
100075.53125
100465.90625
100840.1171875
101166.78125
101479.09375
101772.8515625
102024.8984375
102288.5
102531.796875
102767.2421875
102980.7265625
103189.2109375
103385.0859375
103567.0234375
103742.78125
103903.53125
104058.1875
104208.171875
104338.5703125
104472.4921875
104591.640625
104710.9140625
104823.5390625
104936.9140625
105044.8671875
105146.984375
105249.203125
105343.921875
105430.8984375
105519.9453125
105615.8671875
105707.203125
105774.875
105823.9921875
105854.6953125
105871.8046875
105876.1328125
105876.6640625
105877.8125
105873.609375
105860.265625
