25400.0
25400.0
25400.0
25400.0
25400.0
25400.0
25400.0
25400.0
25400.0
25400.0
25400.0
25400.0
25400.0
25400.0
25400.0
25400.0
25400.0
25400.0
25400.0
25400.0
25400.0
25400.0
25400.0
25400.0
25400.0
25400.0
25400.0
25400.0
25400.0
25400.0
25400.0
25400.0
25400.0
33836.78515625
50218.703125
62596.3203125
70987.6171875
77904.2890625
85142.28125
91834.171875
97885.4921875
102865.7421875
106500.53125
109808.703125
112651.0
115240.78125
117459.0625
119485.1484375
121357.671875
123218.09375
125028.671875
126613.609375
128105.34375
129566.140625
130997.703125
132570.796875
134001.84375
135271.5
136403.515625
137499.703125
138517.46875
139434.125
140332.0
139309.34375
137122.375
135190.46875
133303.9375
131253.703125
129436.2890625
127731.8984375
126269.890625
124848.6328125
123509.21875
122210.4921875
121010.2421875
119960.4140625
118853.3515625
117768.3046875
116858.265625
116316.7109375
115872.4921875
115376.90625
114786.9375
114178.125
113627.8671875
113129.234375
112690.5546875
112411.875
112262.40625
112345.6640625
112484.609375
112559.40625
112579.8359375
112632.0078125
112763.6015625
112973.6484375
113217.8046875
113459.34375
113797.8046875
114241.53125
114653.3828125
115012.59375
115316.1328125
115631.515625
115916.90625
116194.6953125
116451.3515625
116719.34375
117014.546875
117326.734375
117658.09375
117956.5859375
118148.9296875
118338.390625
118515.1171875
118710.6796875
118891.34375
119061.703125
119187.5390625
119275.4921875
119327.1484375
119347.359375
119346.1640625
119327.4609375
119315.734375
