25400.0
25400.0
25400.0
25400.0
25400.0
25400.0
25400.0
25400.0
25400.0
25400.0
25400.0
25400.0
25400.0
25400.0
25400.0
25400.0
25400.0
25400.0
25400.0
25400.0
25400.0
25400.0
25400.0
25400.0
25400.0
25400.0
25400.0
25400.0
25400.0
25400.0
25400.0
25400.0
25400.0
25400.0
25400.0
28088.408203125
38011.54296875
45931.28125
52260.7265625
60016.82421875
69021.125
79726.2578125
91137.9765625
101332.5546875
112805.8984375
123007.2109375
133441.546875
142779.96875
149759.0
153876.8125
157649.265625
161634.65625
167865.5625
172662.484375
176223.21875
178634.28125
181097.484375
183540.5
187638.125
193621.3125
202980.828125
218715.828125
212151.015625
207997.71875
204797.84375
201679.0625
198560.5625
196105.59375
192644.328125
188944.109375
184635.03125
181164.078125
177545.609375
173577.0
169563.734375
165472.75
161537.4375
157563.734375
153745.859375
150431.703125
147004.28125
143838.875
140713.8125
137879.171875
135108.671875
132477.6875
130082.9140625
127784.484375
125723.421875
123752.0390625
121940.625
120430.5859375
118904.46875
117547.859375
116259.5703125
115105.125
114004.0234375
112988.046875
112080.7734375
111219.6328125
110451.3359375
109720.0
109046.3828125
108482.9375
107909.0390625
107397.4453125
106912.5234375
106482.328125
106073.875
105697.890625
105361.890625
105063.453125
104907.6015625
104804.265625
104787.046875
104894.2890625
104957.9375
104994.765625
105016.6015625
105026.765625
105028.15625
105022.328125
105010.3671875
104992.234375
104969.734375
104920.1484375
