25400.0
25400.0
25400.0
25400.0
25400.0
25400.0
25400.0
25400.0
25400.0
25400.0
25400.0
25400.0
25400.0
25400.0
25400.0
25400.0
25400.0
25400.0
25400.0
25400.0
25400.0
25400.0
25400.0
25400.0
25400.0
25400.0
25400.0
25400.0
25400.0
27218.5390625
41556.23046875
58499.9296875
73522.75
85108.0703125
94169.234375
102278.8671875
109805.8671875
116550.5
122360.2578125
127462.3203125
131599.5625
134814.6875
137216.078125
139506.640625
141325.1875
142897.328125
144162.171875
145235.046875
146112.921875
146877.609375
147514.140625
147984.03125
148341.265625
148638.9375
148910.25
152667.421875
153169.921875
153521.0
151618.609375
153173.5625
158376.90625
163140.5625
169326.328125
167379.21875
164155.203125
161904.171875
160625.75
159939.4375
159270.53125
158614.96875
157760.109375
156927.46875
156030.640625
154995.71875
153777.859375
152501.703125
151081.375
149590.75
148164.25
146573.09375
145115.03125
143650.671875
142267.671875
140881.65625
139542.5
138284.734375
137026.578125
135844.921875
134666.15625
133531.546875
132536.5625
131472.984375
130484.703125
129524.4921875
128619.1875
127705.53125
126811.875
125958.1015625
125077.21875
124248.1640625
123413.1953125
122598.8671875
121877.890625
121096.984375
120348.4453125
119585.421875
118869.296875
118159.4296875
117476.796875
116839.21875
116203.359375
115609.40625
115016.59375
114445.359375
113945.1015625
113409.9375
112908.6328125
112408.84375
111940.28125
111459.4296875
110995.8671875
110556.4765625
110118.515625
109710.5
109303.921875
