22528.708984375
20971.46484375
19716.82421875
18528.314453125
17851.259765625
17444.89453125
17089.244140625
16975.369140625
17236.162109375
17647.59375
18098.080078125
18579.69921875
19060.935546875
19514.841796875
19969.224609375
20390.0390625
20806.4453125
21204.177734375
21552.107421875
21925.892578125
22283.82421875
22782.12890625
23499.548828125
24100.966796875
25038.48828125
26878.818359375
30256.501953125
34108.28515625
38485.76953125
42642.390625
47737.98046875
52707.06640625
56967.23046875
61131.44921875
64777.87890625
68028.515625
70903.7265625
73393.6171875
75663.8046875
77644.515625
79529.8671875
81289.890625
82765.7265625
84324.03125
85700.1640625
86980.8125
88177.3359375
89260.9609375
90217.625
91042.0625
91783.53125
92408.015625
92978.6640625
93482.0703125
93890.359375
94433.6015625
95037.4296875
95579.5390625
96042.3125
96466.9375
96852.3359375
97193.6953125
97513.0625
97791.3359375
98049.3046875
98288.7109375
98488.421875
98686.765625
98854.109375
98994.0234375
99101.4921875
99205.5859375
99304.6953125
99386.3046875
99461.90625
99529.8125
99594.5703125
99652.765625
99699.953125
99747.5078125
99788.6875
99826.1875
99859.015625
99887.0390625
99909.5
99950.3046875
99996.4609375
100028.171875
100047.8359375
100057.5
100059.875
100057.078125
100046.921875
100028.9453125
100007.53125
99982.921875
99956.6328125
99930.03125
99901.140625
99872.40625
99841.8984375
99810.828125
99781.6015625
99749.9765625
99717.359375
99683.5
99646.3359375
99604.2734375
99559.8515625
99519.703125
99483.6015625
99449.4765625
99413.0
99374.4609375
99337.71875
99292.96875
99233.3046875
99177.5234375
99128.890625
99084.75
99041.328125
99000.109375
98961.4375
98927.625
98896.578125
