25400.0
25400.0
25400.0
25168.271484375
24820.375
24820.375
24820.375
24820.375
24820.375
24820.375
24835.44921875
24846.833984375
24849.306640625
24850.42578125
24851.267578125
24852.05078125
24852.779296875
24853.6875
24855.18359375
24855.90625
24856.501953125
24857.03125
24857.537109375
24858.0234375
24858.478515625
24858.927734375
24859.33984375
24859.779296875
24860.2109375
24860.537109375
24860.875
24861.197265625
24861.52734375
24861.802734375
24861.974609375
24861.876953125
24861.306640625
24860.884765625
24867.0703125
28742.595703125
36341.18359375
42029.01953125
47074.36328125
51722.96875
56476.41796875
61722.11328125
67720.0859375
73101.84375
78354.8203125
83726.3671875
89038.1328125
95397.4140625
102091.234375
108170.28125
111241.6640625
113238.8203125
114939.3828125
116365.734375
117662.96875
118832.25
119843.5546875
120654.65625
121368.96875
122045.109375
122571.7734375
122916.953125
123157.5390625
123304.46875
123276.4921875
123161.4453125
122994.3671875
122801.171875
122600.8515625
122346.125
122043.3515625
121709.1640625
121360.8984375
121035.2421875
120675.7890625
120787.6328125
120889.7890625
120964.5703125
120979.8359375
120960.28125
120918.96875
120856.1796875
120770.890625
120653.328125
120502.46875
120341.3515625
120149.46875
119949.2734375
119722.203125
119483.0234375
119218.25
118938.875
118664.71875
118375.078125
118084.71875
117781.390625
117475.2109375
117199.4765625
116898.2265625
116634.2734375
116363.0703125
116107.7890625
115854.1875
115608.0234375
115426.0546875
115263.5
115081.0234375
114875.1484375
114660.40625
114466.5546875
114252.34375
114046.359375
113822.0234375
113601.1796875
113386.5625
113175.984375
112974.328125
112766.3828125
112569.921875
112476.7109375
