25400.0
25400.0
25400.0
25400.0
25400.0
25400.0
25400.0
25400.0
25400.0
25400.0
25400.0
25400.0
25400.0
25400.0
25400.0
25400.0
25400.0
25400.0
25400.0
25400.0
25400.0
25400.0
25400.0
25400.0
39339.9375
58607.984375
75236.34375
88134.890625
98452.4375
106695.3359375
115264.0546875
122021.1328125
128114.9140625
132589.34375
136064.28125
138955.703125
141180.609375
143009.890625
144433.3125
145585.265625
146582.703125
147303.53125
147870.0625
148300.03125
149216.34375
152600.40625
153167.75
151891.625
153404.3125
159054.953125
165520.953125
168456.578125
164232.578125
161723.625
160262.28125
159488.390625
158687.6875
157699.453125
156677.390625
155504.40625
154136.46875
152551.953125
150883.875
149053.28125
147126.1875
145436.984375
143650.5625
141972.859375
140304.40625
138752.421875
137205.71875
135720.765625
134339.34375
132973.546875
131704.109375
130451.390625
129288.0234375
128266.7109375
127167.765625
126130.96875
125057.3046875
124052.6015625
123045.828125
122067.5
121145.6953125
120209.40625
119318.328125
118435.703125
117596.2421875
116868.515625
116096.6484375
115381.3203125
114673.109375
114015.5625
113364.28125
112739.96875
112160.5703125
111574.03125
111025.3984375
110476.03125
109950.2421875
109494.3046875
109010.0625
108562.1484375
108119.7578125
107711.7890625
107307.265625
106921.0625
106562.328125
106202.09375
105868.9375
105536.2578125
105218.53125
104944.90625
104657.0234375
104392.8828125
104131.4765625
103884.5859375
103644.2890625
103416.5546875
103211.34375
103010.5390625
102827.78125
102649.75
