25400.0
25400.0
25400.0
25399.3046875
25186.85546875
25086.9921875
25086.990234375
25086.990234375
25086.990234375
25086.990234375
25086.990234375
25086.990234375
25086.990234375
25086.990234375
25086.990234375
25086.990234375
25086.990234375
25086.990234375
25086.990234375
25086.990234375
25086.990234375
25086.990234375
25091.271484375
25110.9765625
25115.4765625
25116.724609375
25117.31640625
25117.705078125
25118.044921875
25118.3671875
25118.609375
25118.84375
25119.04296875
25119.294921875
25119.201171875
25118.265625
25117.40234375
25116.296875
25118.763671875
29819.404296875
42522.30859375
53220.90234375
61035.19140625
69627.2109375
75557.5
80491.9921875
84145.1171875
87209.5234375
90060.875
92590.3515625
95202.109375
97703.3203125
99984.796875
102086.171875
103913.125
105792.9921875
107562.28125
109315.1015625
110778.171875
112053.46875
113148.984375
114210.8359375
115278.875
116689.296875
118187.8515625
119656.1640625
120999.1796875
122469.171875
123904.6171875
125424.9140625
126798.0859375
128056.53125
129170.921875
130347.3046875
132165.046875
134087.25
135751.703125
134806.265625
134102.375
133324.03125
132523.75
131670.359375
130995.3046875
130461.265625
129793.4765625
129081.4375
128306.0390625
127559.4765625
126896.0390625
126099.671875
125415.6796875
124690.3671875
123981.9375
123249.9140625
122560.0390625
121853.265625
121182.59375
120596.7421875
120138.859375
119817.9453125
119458.765625
119060.0390625
118810.7890625
118626.0625
118417.5625
118125.0390625
118031.8125
117873.015625
117650.4921875
117402.8203125
117204.59375
117043.4140625
116870.0234375
116679.078125
116498.109375
116326.7265625
116211.9453125
116156.3359375
116164.359375
116170.8984375
116160.28125
116136.734375
116111.5
116096.90625
116096.7578125
