25400.0
25400.0
25400.0
25400.0
25398.484375
25395.58984375
25393.443359375
25392.037109375
25391.06640625
25390.4296875
25389.98828125
25389.6953125
25389.501953125
25389.220703125
25388.82421875
25388.3984375
25388.01171875
25387.7109375
25387.44140625
25387.236328125
25387.0703125
25386.94921875
25386.853515625
25386.78515625
25386.734375
25386.6953125
25386.66796875
25386.6484375
25386.6328125
25386.626953125
25386.62109375
25386.529296875
25386.373046875
25386.099609375
25385.8125
25385.5078125
28365.798828125
44781.70703125
58784.59765625
70604.0078125
79097.9609375
85764.0546875
92808.7890625
99176.328125
105055.0546875
110124.0390625
114615.421875
117777.8515625
118510.9453125
119036.3359375
119326.9140625
119461.625
119513.046875
119449.4296875
119252.4296875
118971.7421875
118615.375
118221.453125
117760.125
117321.84375
116895.0390625
116407.4296875
115906.4453125
115400.625
114907.375
114479.0625
114005.8671875
113556.765625
113094.171875
112643.4453125
112182.8828125
111712.78125
111267.1171875
110821.4140625
110395.9375
109960.6328125
109525.5234375
109136.25
108713.8046875
108311.2578125
107900.9609375
107510.4453125
107115.375
106728.4140625
106347.3203125
105962.6328125
105608.7109375
105269.3203125
104939.328125
104643.578125
104326.2734375
104023.328125
103721.625
103442.421875
103167.375
102903.2734375
102658.359375
102414.9609375
102186.96875
101958.7265625
101737.0078125
101536.6328125
101324.6328125
101130.1875
100936.984375
100755.3828125
100572.78125
100394.0703125
100226.4296875
100059.1015625
99903.6171875
99754.5
99609.515625
99482.0703125
99344.2578125
99213.46875
99080.578125
98955.1953125
98829.0390625
98706.0625
98586.6640625
98464.3671875
98353.6328125
98258.171875
