25400.0
25400.0
25400.0
25392.314453125
25386.470703125
25377.94140625
25373.10546875
25370.66796875
25369.373046875
25368.71484375
25368.36328125
25368.1796875
25368.083984375
25368.03125
25368.00390625
25367.984375
25367.9609375
25367.83984375
25367.466796875
25367.470703125
41678.6953125
61640.6484375
78554.8515625
92700.6328125
103357.6484375
109937.6328125
114423.421875
118433.46875
123312.4453125
127013.15625
130148.96875
132590.203125
132214.96875
129514.2265625
127033.40625
124831.5078125
122876.4140625
120914.234375
119193.625
117685.6171875
116323.40625
115209.9765625
114054.25
112896.296875
111672.3359375
110573.546875
109530.0625
108575.265625
107734.546875
106969.1796875
106340.0625
105833.1640625
105423.21875
105028.328125
104573.8203125
104126.0390625
103854.203125
104016.140625
104488.734375
104684.546875
104753.90625
104823.71875
104999.90625
105335.0234375
105807.484375
106149.1328125
106467.1015625
106798.0390625
107190.3203125
107584.796875
108044.2421875
108467.4609375
108864.84375
109223.390625
109550.078125
109931.1328125
110325.6328125
110658.734375
110941.0234375
111180.8359375
111438.640625
111622.390625
111807.2578125
111983.1875
112123.6484375
112225.6171875
112310.9375
112399.1640625
112486.9453125
112482.9921875
112509.0703125
112547.21875
112583.1328125
112611.9765625
112633.875
112650.9609375
112665.4921875
112674.3671875
112675.453125
112675.1015625
112671.6484375
112657.921875
112632.609375
112583.515625
112525.0625
112471.2890625
112428.90625
112374.5
112314.453125
112245.0
112210.640625
112211.8359375
112351.1484375
112480.0625
112574.8203125
112664.1015625
112734.984375
112784.5078125
112822.90625
112847.9375
112861.140625
112865.078125
112860.34375
112851.3515625
