25400.0
25400.0
25400.0
25400.0
25382.2421875
25378.248046875
25369.953125
25365.39453125
25362.748046875
25361.28515625
25360.431640625
25359.947265625
25359.67578125
25359.513671875
25359.421875
25359.3671875
25359.3359375
25359.318359375
25359.306640625
25359.30078125
25359.30078125
25359.30078125
25359.2265625
25358.93359375
25358.193359375
25356.71875
29711.521484375
49630.53125
64521.8359375
75781.1796875
84358.4765625
90221.6328125
94144.7265625
97005.125
99748.09375
102799.6640625
105609.9453125
108177.2109375
110544.75
112724.015625
114578.7578125
116049.8828125
117547.046875
118911.7265625
120200.578125
121347.359375
122449.1796875
123461.59375
124461.6484375
125688.8125
127035.0859375
128274.8671875
129307.46875
130154.7265625
131042.8984375
133539.796875
135340.671875
136256.375
134474.421875
131814.921875
129503.671875
127390.28125
125943.75
124497.828125
123317.484375
122070.5234375
120684.2109375
119676.1875
119078.9453125
118497.2734375
117975.0703125
117524.734375
117275.4375
117083.1484375
116885.6484375
116727.140625
116709.203125
117004.578125
117511.1015625
118014.6875
118497.0859375
118871.6875
119564.5546875
120285.6640625
120940.1015625
121559.4296875
122103.109375
122667.0625
123193.2109375
123619.7578125
123916.578125
124193.3203125
124416.4921875
124633.84375
124883.4609375
125111.6953125
125269.296875
125278.3828125
125120.3046875
124837.2578125
124558.7109375
124321.2421875
124069.2578125
123825.0234375
123565.8671875
123304.875
123144.109375
123011.4453125
122830.9921875
122584.5703125
122306.4140625
122005.5078125
121705.4453125
121414.21875
121062.265625
120698.328125
120298.6015625
119883.9609375
119439.296875
118992.2578125
118561.4921875
118119.796875
117695.4296875
117260.5859375
