25400.0
25400.0
25400.0
24994.1484375
24850.98828125
24850.986328125
24885.84375
24936.994140625
24948.0546875
24952.29296875
24955.435546875
24958.26171875
24961.0703125
24964.904296875
24967.140625
24968.998046875
24970.634765625
24971.970703125
24973.103515625
24973.052734375
24978.978515625
29591.212890625
43555.421875
58139.015625
71918.515625
84358.6171875
93214.03125
98576.8203125
102762.4296875
106395.6484375
110486.203125
113884.2265625
116701.8984375
119096.9453125
121326.390625
123349.75
124917.09375
126427.546875
127861.5078125
129310.1171875
130587.375
128268.9296875
125900.765625
123887.328125
121930.71875
120240.703125
118499.46875
116903.40625
115561.359375
114338.390625
113280.9296875
112341.96875
111453.484375
110705.140625
109880.09375
109235.09375
108604.125
108366.015625
108106.8515625
107791.5546875
107500.6015625
107157.90625
106928.9921875
106735.703125
106541.1875
106496.9609375
106859.0
107278.546875
107650.8203125
108112.4375
108584.875
108969.65625
109400.21875
109844.171875
110201.3125
110514.796875
110817.0078125
111103.6953125
111445.3515625
111789.0625
112153.4140625
112507.0234375
112875.109375
113263.109375
113637.03125
114018.96875
114338.1640625
114643.5390625
115014.7734375
115447.5
115880.390625
116277.4375
116638.3828125
116923.6796875
117150.5390625
117332.8515625
117478.0390625
117588.7421875
117689.3984375
117786.53125
117802.03125
117768.9921875
117717.234375
117688.890625
117637.3984375
117559.5546875
117425.2421875
117204.6953125
116996.109375
116777.9140625
116559.09375
116320.984375
116074.2109375
115838.234375
115563.4296875
115270.953125
114963.171875
114659.5546875
114356.703125
114057.265625
113763.9140625
113458.125
113161.5
112839.3671875
