25400.0
25400.0
25400.0
24924.255859375
24666.87109375
24760.02734375
24791.38671875
24799.623046875
24800.8203125
24802.92578125
24806.1171875
24810.021484375
24814.1015625
24818.015625
24821.91796875
24825.505859375
24829.03125
24832.416015625
24836.5
24840.32421875
24843.185546875
24845.767578125
24848.134765625
24850.443359375
24852.650390625
24854.724609375
24856.787109375
24858.779296875
24860.857421875
24862.91015625
24864.458984375
24865.830078125
24867.3828125
24875.685546875
26310.71875
32646.576171875
41806.65625
49489.19921875
55184.18359375
58856.2421875
61928.203125
64550.5546875
66830.5546875
69306.1796875
71553.171875
74015.7109375
76334.1875
78568.0859375
80718.7109375
82730.5859375
84778.984375
86863.6953125
88932.984375
90928.5859375
92664.625
94528.859375
96368.8046875
98144.171875
100015.8984375
102089.796875
104054.7734375
105351.0859375
106418.734375
108053.296875
110027.21875
112886.8828125
115698.1796875
118338.8046875
120644.9375
122958.3203125
125226.8125
127586.3515625
130481.2265625
133492.296875
136637.578125
139607.21875
141423.9375
140325.890625
139406.1875
138462.953125
137558.75
136632.265625
135700.78125
134713.046875
133687.59375
132706.78125
131726.296875
130836.6875
129943.8125
128984.3828125
128122.2578125
127213.40625
126316.625
125378.2734375
124504.9453125
123737.7890625
123145.6796875
122598.5
122111.265625
121494.53125
120779.609375
120338.3359375
119987.4765625
119523.6484375
119047.875
118529.328125
118022.5625
117549.3515625
117208.6953125
116917.9375
116617.0
116380.8984375
116180.5546875
116012.1875
115879.40625
115745.6796875
115609.9375
115465.0234375
115374.2890625
115304.7421875
115239.1875
115164.0546875
115071.09375
114986.2109375
114888.15625
