25400.0
25400.0
25400.0
25400.0
25400.0
25400.0
25400.0
25400.0
25400.0
25400.0
25400.0
25400.0
25400.0
25400.0
25400.0
25400.0
25400.0
25400.0
25400.0
25400.0
25400.0
25400.0
25400.0
25400.0
25400.0
25400.0
25400.0
25400.0
25400.0
25400.0
25400.0
25400.0
25400.0
26983.478515625
41656.0234375
54305.78125
63181.6640625
70766.34375
76318.4140625
81154.1875
85365.3828125
88877.09375
92128.5078125
94940.5
97372.8203125
99718.4765625
101742.4609375
103572.90625
105204.3359375
106769.3359375
108251.2109375
109628.6328125
110903.015625
112036.8671875
113149.8359375
114186.8671875
115007.59375
115809.0234375
116515.078125
117219.1875
117848.3828125
118380.640625
118921.6484375
119428.1953125
119854.3046875
120120.53125
120332.421875
120487.0625
120630.453125
120791.1171875
120833.421875
120810.78125
120782.75
120711.890625
120618.75
120597.1015625
120526.6484375
121650.375
122242.2109375
123245.421875
124569.90625
126796.4765625
129535.625
132709.265625
136697.734375
142412.265625
149260.125
155065.421875
153148.796875
151878.984375
150166.078125
148450.5625
147342.265625
147375.953125
147218.3125
146728.140625
146027.875
145264.109375
144587.71875
144144.65625
143795.671875
143429.34375
143105.859375
142652.484375
142200.03125
141680.203125
141195.203125
140710.46875
140262.75
139938.578125
139627.78125
139313.859375
139078.9375
138892.203125
138580.9375
138185.65625
137797.109375
137349.265625
136911.953125
136472.53125
136030.71875
135506.984375
134909.28125
134262.6875
133794.75
133269.234375
132660.53125
