25400.0
25400.0
25400.0
25194.498046875
24888.3046875
24888.3046875
24888.3046875
24894.861328125
24952.87109375
24960.09765625
24963.0234375
24965.3984375
24967.642578125
24970.365234375
24972.693359375
24974.375
24975.865234375
24977.271484375
24978.6484375
24979.900390625
24980.935546875
24981.447265625
24982.205078125
28907.525390625
44004.83984375
56964.91796875
64243.4453125
67923.609375
70410.921875
72900.3828125
75897.7421875
78622.15625
81642.390625
84555.234375
87409.109375
90082.9296875
92392.703125
94390.5390625
96134.265625
97408.5625
98312.828125
99947.2421875
101473.515625
103200.515625
105383.453125
107194.9609375
109121.4453125
111026.015625
112758.3984375
114258.328125
115710.4375
117357.5703125
119347.109375
121707.484375
124168.1484375
126389.296875
129010.90625
134197.1875
132415.796875
129947.3046875
127844.6953125
125933.5234375
124261.265625
122883.8671875
122240.953125
121361.5078125
120586.21875
120040.28125
119497.7890625
119020.09375
118812.2890625
118498.6953125
118765.75
119139.9609375
119645.5390625
120217.46875
120832.71875
121397.0234375
121976.2578125
122490.671875
123104.03125
123682.1953125
124491.015625
125315.7734375
126020.1015625
126584.484375
126979.1875
127269.921875
127486.5859375
127603.734375
127637.171875
127666.7109375
127703.265625
127742.28125
127653.9453125
127463.9140625
127246.65625
127022.3125
126772.9296875
126483.2578125
126157.2109375
125941.7421875
125945.8203125
125849.765625
125673.5703125
125347.6953125
124949.8046875
124590.78125
124220.1875
123823.3359375
123421.5859375
122988.6875
122594.1953125
122217.6875
121857.5078125
121531.2265625
121159.1640625
120790.59375
120348.890625
119881.71875
119381.2109375
118882.15625
118385.890625
117921.1640625
117506.8984375
117090.1796875
