25400.0
25400.0
25400.0
25400.0
25400.0
25400.0
25400.0
25400.0
25400.0
25400.0
25400.0
25400.0
25400.0
25400.0
25400.0
25400.0
25400.0
25400.0
25400.0
25400.0
25400.0
25400.0
25400.0
25400.0
25400.0
25400.0
25400.0
25400.0
25400.0
25400.0
25400.0
25400.0
26192.7265625
41708.54296875
56239.8125
65894.0859375
70898.125
74453.8984375
77582.3125
81335.5078125
84855.734375
87637.890625
90289.015625
92673.921875
95015.4609375
97153.59375
99357.359375
101854.8125
104184.453125
106355.625
108309.7890625
110336.4296875
112437.4453125
114416.8984375
116648.7421875
118865.9296875
121633.1484375
124535.484375
127927.390625
131446.359375
134927.8125
138509.984375
141934.453125
145255.21875
148806.875
151870.65625
155333.71875
158875.4375
162320.734375
165448.296875
168296.390625
163925.765625
160441.578125
157228.953125
154268.859375
151275.078125
149276.734375
148226.6875
146984.234375
146083.109375
145073.4375
144378.75
143876.0625
143636.765625
143503.734375
143413.59375
143344.3125
143324.953125
143378.125
143435.703125
143481.953125
143564.65625
143711.25
143774.953125
143740.015625
143749.015625
143553.328125
143333.125
143094.140625
142788.984375
142515.9375
142289.375
142034.125
141789.53125
141501.3125
141176.15625
140766.109375
140260.03125
139764.8125
139249.140625
138772.953125
138221.96875
137698.078125
137278.296875
136939.59375
136536.421875
136062.125
135631.890625
135099.078125
134483.765625
133855.03125
133185.03125
132514.75
131793.28125
