25400.0
25400.0
25107.884765625
24580.115234375
24365.515625
24011.900390625
23964.330078125
23962.466796875
23972.203125
23986.71484375
24006.935546875
24036.134765625
24079.53125
24152.697265625
24247.71484375
24401.91015625
24812.1171875
25054.44140625
25144.345703125
25167.865234375
25180.9453125
25631.998046875
27780.67578125
33649.3359375
43000.87109375
52699.90234375
61628.875
70791.5703125
77800.671875
82723.640625
87670.796875
92053.5078125
95802.2578125
98835.015625
101914.1484375
104963.125
107662.6015625
110144.1640625
112582.09375
115002.6328125
117533.0078125
119234.4140625
118403.875
117745.1953125
117041.953125
116400.1875
115787.1953125
115224.1484375
114746.359375
114309.6953125
113921.6875
113511.46875
113087.9453125
112757.3359375
112305.4140625
111960.65625
111622.7578125
111288.1484375
110913.546875
110528.6171875
110159.65625
109847.3828125
109641.171875
109478.0390625
109318.5625
109240.5
109070.9140625
109043.171875
109164.2734375
109160.453125
109090.5625
108980.75
109079.5703125
109200.7109375
109186.6796875
109094.5703125
109033.796875
109078.1328125
109280.8671875
109313.1328125
109179.4921875
108970.796875
108876.734375
108998.609375
109136.5546875
109172.515625
109102.8125
108967.5234375
108825.3203125
108772.0546875
108867.4921875
109028.09375
109176.265625
109234.6953125
109263.25
109333.671875
109465.5390625
109589.3359375
109698.3828125
109803.625
109886.6796875
109938.9453125
109980.1328125
110008.9765625
110033.1015625
110066.7109375
110140.3125
110220.3671875
110295.375
110363.9140625
110418.625
110464.3828125
110507.984375
110549.1328125
110590.1484375
110615.0859375
110641.3671875
110672.84375
110732.609375
110805.5078125
110872.3046875
110936.6640625
110991.984375
111041.3984375
