25400.0
25400.0
25400.0
25400.0
25400.0
25400.0
25400.0
25400.0
25400.0
25400.0
25400.0
25400.0
25400.0
25400.0
25400.0
25400.0
25400.0
25400.0
25400.0
25400.0
37795.66015625
56706.0546875
72405.2578125
85828.4609375
95525.7265625
101955.8203125
105839.765625
109173.28125
112604.234375
115899.921875
119128.015625
121738.1796875
124034.328125
125898.3515625
127539.5859375
129020.359375
130580.0234375
131964.96875
133131.25
134385.625
136554.40625
136906.5
133002.390625
130244.8046875
127973.3671875
125942.8046875
124392.5390625
122876.8828125
121703.046875
120792.453125
119935.8046875
119124.265625
118956.4609375
119572.2109375
120319.390625
121090.09375
121803.2578125
122435.4453125
123065.1328125
123744.3203125
124568.4140625
125446.171875
126149.8359375
126716.5859375
127420.71875
127838.5859375
128064.2421875
128101.359375
128081.734375
127909.890625
127572.3125
127040.4453125
126420.90625
125746.890625
125101.6953125
124464.25
123858.8359375
123623.4375
123331.703125
122979.75
122561.703125
122163.3984375
121736.421875
121278.6171875
120802.390625
120218.96875
119664.671875
119096.34375
118537.1640625
118119.40625
117674.21875
117358.4765625
117001.921875
116638.09375
116257.21875
115877.1015625
115508.140625
115131.8984375
114779.6796875
114437.328125
114109.3984375
113808.671875
113468.6484375
113134.8984375
112788.5
112448.5
112104.84375
111760.921875
111425.9765625
111074.6875
110742.2734375
110410.9921875
110077.328125
109784.3359375
109473.2109375
109183.421875
108894.078125
108617.765625
108339.59375
108069.9765625
107817.640625
107566.328125
107331.8046875
107098.8046875
