22143.46484375
21135.404296875
20536.623046875
20045.564453125
19902.81640625
20317.228515625
20966.255859375
21603.857421875
22220.099609375
22766.591796875
23281.7265625
23753.416015625
24173.28125
24575.560546875
24941.26953125
25296.66796875
25400.0
25400.0
25400.0
25400.0
25400.0
25400.0
25400.0
25400.0
32273.998046875
44679.60546875
52014.03125
58719.73828125
63665.69921875
67706.2109375
71347.8359375
74137.6640625
76335.078125
78060.0078125
79471.109375
80555.796875
81338.15625
82044.8046875
82777.4296875
83446.484375
84303.2109375
85088.9453125
85868.4609375
86527.984375
87121.8671875
87627.9375
88084.8515625
88489.6875
88840.140625
89166.6171875
89454.515625
89728.2421875
89983.8125
90212.2421875
90464.0625
90687.8671875
90917.53125
91114.625
91290.3828125
91441.796875
91572.703125
91695.265625
91839.0
92002.9453125
92143.46875
92267.9453125
92414.8671875
92557.0078125
92698.9296875
92828.75
92955.5703125
93139.8828125
93419.9765625
93677.859375
93906.921875
94124.6796875
94347.90625
94601.4453125
94901.3984375
95187.9921875
95483.2109375
95771.34375
96070.890625
96369.5546875
96657.890625
96953.3046875
97239.1796875
97550.9375
97884.7578125
98173.4453125
98488.796875
98795.7109375
99114.3359375
99426.1328125
99748.2890625
100059.8828125
100347.421875
100628.359375
100892.1640625
101151.3359375
101396.28125
101609.78125
101821.8671875
101994.9609375
102142.609375
102263.1796875
102371.0078125
102483.875
102595.7265625
102710.9375
102954.625
103216.3125
103483.046875
103718.484375
103962.2734375
104176.2734375
104370.625
104535.34375
104683.953125
104812.3203125
104919.03125
105013.4375
105089.484375
105154.34375
