25400.0
25400.0
25271.142578125
24554.228515625
24373.052734375
24194.9609375
24177.283203125
24179.724609375
24185.125
24190.77734375
24199.54296875
24210.07421875
24260.17578125
30547.470703125
48640.703125
72160.8515625
82253.421875
88091.546875
91235.9375
92759.65625
93562.7578125
93950.046875
94194.765625
94435.5625
94643.1015625
94886.9453125
95051.9375
95250.640625
95498.84375
95684.28125
95687.609375
95495.828125
95409.5
95489.8671875
95526.5859375
95790.4140625
96091.6015625
96266.5546875
96345.6015625
96363.484375
96335.078125
96283.953125
96218.0078125
96162.8203125
96119.5546875
96087.3359375
96055.796875
96022.203125
95990.234375
95958.6640625
96067.796875
96250.1953125
96416.890625
96584.53125
96744.421875
96872.6015625
96980.5
97079.609375
97212.3046875
97340.765625
97452.9140625
97559.9140625
97657.6171875
97755.5078125
97850.734375
97933.984375
98016.96875
98086.2734375
98144.296875
98206.8984375
98275.1875
98342.875
98405.9765625
98465.1796875
98518.1875
98564.4453125
98604.2890625
98633.6015625
98662.390625
98687.2578125
98709.7109375
98727.6875
98732.90625
98731.6875
98728.609375
98721.8828125
98720.6328125
98727.9921875
98743.078125
98762.21875
98787.75
98822.1484375
98856.2265625
98893.4296875
98937.1875
98987.1171875
99041.734375
99097.4375
99149.4609375
99207.7109375
99268.671875
99349.609375
99495.3359375
99646.1171875
99794.6640625
99931.03125
100063.859375
100188.6953125
100302.3671875
100399.53125
100512.8359375
100594.640625
100647.3125
100694.03125
100759.5703125
100800.1796875
100812.6796875
100805.5390625
100784.6796875
100757.7734375
100736.2890625
100709.1640625
100674.9296875
100624.71875
