25400.0
25400.0
25400.0
25399.02734375
25397.208984375
25394.17578125
25391.3125
25389.271484375
25387.84765625
25386.947265625
25386.365234375
25386.009765625
25385.8046875
25385.8046875
25385.412109375
25384.806640625
34079.35546875
57212.51171875
75301.6015625
86528.7109375
96601.0703125
104414.09375
110670.28125
115629.3515625
119408.7734375
122483.0859375
125099.15625
127064.1953125
128904.0859375
130556.3046875
132456.59375
134765.296875
137574.5
132560.875
128682.8046875
125249.9609375
122806.96875
120358.921875
118407.1640625
117054.7578125
116043.7890625
115080.546875
114100.2109375
113369.9921875
112831.59375
112284.9921875
111734.4296875
111369.25
111284.9140625
111212.3359375
111266.0859375
111428.234375
111866.703125
112328.765625
112727.3046875
113066.609375
113462.34375
113820.515625
114170.21875
114520.96875
114849.984375
115176.609375
115473.0546875
115754.8515625
115994.7421875
116179.578125
116380.03125
116517.2890625
116573.796875
116590.5234375
116567.5625
116478.984375
116367.6875
116286.34375
116207.3828125
116084.6328125
115917.265625
115725.734375
115480.578125
115225.1875
114947.8359375
114670.921875
114377.6640625
114084.1171875
113799.6875
113513.671875
113234.6953125
112939.0078125
112640.9375
112372.7734375
112077.84375
111794.4765625
111504.046875
111226.25
110943.6796875
110667.4765625
110405.296875
110139.65625
109891.15625
109645.6796875
109406.7734375
109196.7109375
108972.09375
108761.25
108544.828125
108337.8984375
108129.625
107927.609375
107750.5078125
107583.328125
107430.09375
107304.4296875
107182.8359375
107073.859375
106983.8046875
106914.0390625
106827.8515625
106732.34375
106625.6640625
106507.0703125
106390.1171875
106268.765625
106150.2734375
106026.078125
