25400.0
25400.0
25400.0
25241.712890625
25120.21875
25120.21875
25120.21875
25120.21875
25120.21875
25120.21875
25120.21875
25120.21875
25120.21875
25120.21875
25120.21875
25120.21875
25120.21875
25120.21875
25120.21875
25120.21875
42636.03515625
63818.53515625
83158.515625
98868.046875
113967.0859375
120213.8203125
121724.6328125
121935.96875
121167.828125
119930.34375
118818.0078125
117759.0546875
116592.1484375
115447.875
114381.296875
113307.8203125
112203.25
111182.3359375
110226.6796875
109412.125
108635.4140625
107887.515625
107242.0703125
106551.65625
105929.4375
105335.875
104807.0546875
104308.1484375
103859.6484375
103473.296875
103118.1796875
102804.6640625
102505.0859375
102380.828125
102350.5390625
102290.875
102257.46875
102227.6875
102081.1796875
101935.7890625
101847.140625
101787.7734375
101737.1796875
101694.046875
101672.4296875
101646.78125
101608.78125
101551.078125
101523.9453125
101468.2734375
101403.78125
101323.3359375
101239.2265625
101127.8984375
101007.6875
100904.5
100817.9921875
100873.8359375
100914.3046875
100915.4921875
100888.03125
100896.625
100926.9453125
100973.703125
101131.328125
101245.4609375
101286.84375
101277.3203125
101234.2109375
101185.625
101202.0546875
101266.9453125
101335.0546875
101392.96875
101433.609375
101458.6484375
101469.78125
101503.4609375
101564.578125
101631.4296875
101737.28125
101876.140625
102035.40625
102258.75
102467.0234375
102656.703125
102819.6015625
102972.6015625
103113.015625
103241.5234375
103362.0078125
103469.453125
103594.6171875
103757.734375
103886.75
104008.9609375
104114.0390625
104214.8203125
104312.1640625
104414.53125
104515.0234375
104605.9609375
104687.4375
104753.90625
104809.703125
