25400.0
25400.0
25400.0
25400.0
25400.0
25399.783203125
25399.4140625
25398.642578125
25398.013671875
25397.50390625
25397.126953125
25396.841796875
25396.63671875
25396.494140625
25396.390625
25396.3203125
25396.271484375
25396.236328125
25396.21484375
25396.19921875
25396.189453125
25396.181640625
25396.177734375
25396.173828125
25396.171875
25396.171875
25396.171875
25396.171875
25396.171875
25396.171875
25396.171875
25396.171875
25396.171875
25396.134765625
25395.966796875
25395.796875
28690.35546875
37592.33203125
45115.359375
50615.28125
55639.79296875
60713.359375
65429.89453125
69569.234375
73156.8515625
76667.8828125
80027.5625
83604.7734375
87345.484375
91040.9375
94889.140625
98405.4375
101887.515625
105376.03125
108639.9921875
112362.3046875
116155.78125
120322.2734375
124131.609375
126912.7890625
129467.4765625
132562.640625
136760.859375
142073.5
146936.765625
151067.453125
154296.03125
155248.65625
153622.109375
152190.375
150872.21875
149423.34375
147894.953125
146383.015625
144817.71875
143302.6875
141743.46875
140215.921875
138875.171875
137671.46875
136858.78125
135475.859375
134126.09375
132796.34375
131529.546875
130376.328125
129230.9375
128124.828125
127301.0234375
126584.6875
125849.2421875
124948.3984375
124072.515625
123449.4453125
122916.53125
122395.171875
121899.1171875
121448.875
120994.6484375
120591.875
120346.34375
120203.109375
120115.2890625
120047.7421875
120018.4609375
119992.296875
119970.90625
119951.46875
119933.046875
119917.78125
119913.2109375
119928.5
119950.53125
119978.359375
120003.953125
120032.7265625
120064.40625
120094.1328125
120118.5
120140.5859375
120109.7109375
120067.8125
120027.7890625
119991.9453125
119955.1015625
