25400.0
25400.0
24696.4921875
25339.23828125
24798.5703125
23391.861328125
22921.271484375
22719.044921875
22818.884765625
23707.8359375
24525.7734375
24825.6640625
24894.345703125
24903.44921875
24908.759765625
24921.212890625
24939.341796875
24958.228515625
24975.55859375
24993.556640625
25008.921875
25022.115234375
25047.72265625
25262.78125
26246.947265625
28795.5625
34637.21484375
42291.85546875
51829.390625
62512.3125
71147.4921875
76259.0546875
80777.5859375
84741.9765625
87952.921875
90579.9765625
92550.390625
94042.84375
95290.109375
96290.4375
97139.46875
97763.921875
98265.5546875
98733.0546875
99106.8671875
99412.234375
99638.9296875
99805.4453125
99852.3125
99806.6640625
99714.421875
99605.1484375
99513.4609375
99440.4453125
99374.078125
99298.1640625
99223.625
99211.1484375
99182.484375
99115.5078125
99015.25
98899.8359375
98770.5859375
98649.8125
98523.6875
98392.453125
98268.9921875
98129.375
97993.1953125
97860.65625
97733.53125
97601.7421875
97475.2265625
97357.578125
97245.7890625
97143.6875
97041.671875
96945.4609375
96864.3046875
96780.1171875
96707.734375
96649.6640625
96603.7890625
96557.5390625
96506.3671875
96460.765625
96409.8046875
96355.828125
96293.671875
96222.625
96164.0859375
96104.6875
96045.171875
95996.6953125
95944.9453125
95885.421875
95837.7890625
95782.890625
95714.421875
95639.0703125
95577.3203125
95544.9765625
95607.75
95833.53125
96250.734375
96731.125
97191.203125
97625.8984375
97982.7265625
98259.2890625
98520.234375
98756.6875
98990.5
99211.6328125
99431.5859375
99715.671875
99986.1015625
100242.578125
100475.9140625
100707.0546875
100925.2734375
101124.390625
101316.2421875
101488.7578125
101653.7734375
