25400.0
25400.0
25118.34375
24605.4921875
24570.765625
24399.19921875
24377.25390625
24376.177734375
24378.396484375
24381.205078125
24384.19921875
24387.169921875
24389.955078125
24392.72265625
24395.3515625
24399.28125
24403.74609375
24407.986328125
24413.138671875
24418.900390625
24426.21484375
24434.927734375
24446.390625
24461.712890625
24482.208984375
24510.017578125
24572.224609375
26306.6484375
31360.115234375
38426.0625
45290.58984375
50032.65625
54616.765625
59112.9921875
64296.75
69049.0390625
73446.3125
77893.6640625
82111.6953125
86528.7421875
91173.3046875
95399.484375
99978.984375
104475.9765625
109031.078125
113439.6015625
118198.1484375
122741.2578125
126915.8359375
131239.0
135670.875
140155.796875
139549.5
138793.65625
137922.359375
137049.53125
136044.4375
135036.296875
134111.8125
133159.4375
132208.75
131185.984375
130189.84375
129198.1171875
128162.375
127193.25
126302.703125
125777.328125
125179.78125
124666.2734375
124020.2421875
123164.3984375
122388.625
121494.78125
120596.2421875
119702.7578125
119363.25
119078.09375
118469.0703125
117823.296875
117170.15625
116867.65625
116616.5859375
116468.8984375
116462.9140625
116420.7734375
116260.5234375
116006.9765625
115763.0859375
115566.8515625
115509.9375
115550.46875
115619.890625
115682.640625
115689.890625
115593.984375
115472.109375
115368.046875
115294.9453125
115233.3828125
115169.5234375
115129.1953125
115092.0703125
115037.140625
114958.921875
114857.4140625
114736.0390625
114612.2265625
114489.5703125
114359.6953125
114231.859375
114097.9765625
113965.8984375
113849.75
113732.453125
113629.7890625
113521.0546875
113414.71875
113305.1015625
113196.890625
113094.6015625
113009.46875
112926.796875
112843.6015625
