25400.0
25400.0
25400.0
24984.962890625
24734.2578125
24740.87890625
24861.7421875
24919.466796875
24933.408203125
24939.05859375
24943.140625
24947.103515625
24950.974609375
24954.6640625
24958.294921875
24961.630859375
24966.0078125
24970.068359375
24972.841796875
24975.431640625
24977.76171875
24980.025390625
24982.1171875
24984.2109375
24986.19921875
24988.103515625
24989.89453125
24991.623046875
24993.333984375
24995.005859375
24996.359375
24997.8125
24998.12109375
25008.400390625
25990.05859375
31257.23046875
39075.11328125
46966.22265625
54175.59765625
60189.1796875
66785.671875
72087.265625
76262.578125
79978.296875
82681.0546875
84957.1328125
87158.421875
89234.125
91230.6015625
93136.0703125
94955.6953125
96541.7734375
98013.3671875
99398.40625
100608.671875
101884.796875
103063.3984375
104157.25
105080.296875
105996.4453125
107230.7421875
108700.9765625
110303.6640625
112164.71875
115089.171875
118349.8828125
121567.4765625
125322.703125
129240.46875
133513.59375
137453.828125
141434.5625
145325.703125
149130.15625
153167.71875
156932.109375
160556.640625
160803.28125
158342.46875
155579.21875
153017.65625
150656.484375
148572.984375
146566.75
144698.390625
142972.234375
141483.4375
140669.234375
139690.171875
138455.453125
137385.65625
136269.671875
135321.21875
134450.6875
133733.75
133142.921875
132735.78125
132375.328125
132049.546875
131818.9375
131726.203125
131719.125
131749.3125
131791.125
131809.625
131951.453125
132104.609375
132187.671875
132198.546875
132148.90625
132121.875
132082.09375
131967.421875
131776.46875
131551.40625
131247.046875
130910.6875
130538.0
130152.0234375
129662.34375
129182.75
128729.0234375
128233.6015625
127716.9140625
127178.1171875
