25400.0
25400.0
25400.0
25400.0
25400.0
25400.0
25400.0
25400.0
25400.0
25400.0
25400.0
25400.0
25400.0
25400.0
25400.0
25400.0
25400.0
25400.0
30658.34375
54987.77734375
77164.1015625
93455.3984375
107331.5625
119242.671875
129409.0390625
137259.765625
142741.0
146781.625
149301.375
150838.4375
147271.6875
142795.09375
138697.21875
135027.21875
131156.453125
127648.5546875
124568.921875
121662.4140625
119360.3828125
117238.75
115771.2109375
114777.09375
113648.0078125
112605.34375
111604.890625
111195.6953125
111126.9453125
110979.734375
110893.359375
110948.015625
111026.34375
111170.96875
111349.296875
111496.296875
111667.4453125
111854.046875
112085.234375
112337.3125
112589.6796875
112813.0
113012.3828125
113200.6953125
113284.9609375
113378.8046875
113528.2890625
113627.984375
113711.9453125
113765.609375
113788.8984375
113784.7109375
113801.03125
113798.1875
113774.5390625
113723.7265625
113656.4609375
113569.1015625
113464.3671875
113352.75
113220.03125
113077.7890625
112895.5
112675.1640625
112449.1484375
112239.7890625
112039.3125
111830.84375
111620.453125
111398.71875
111179.9609375
110987.0859375
110779.859375
110627.75
110475.578125
110330.3515625
110181.90625
110034.03125
109891.734375
109745.4453125
109601.671875
109447.8046875
109288.21875
109133.1796875
108974.6328125
108833.953125
108698.7109375
108572.265625
108443.625
108315.328125
108190.3203125
108057.8125
107928.609375
107794.4609375
107662.1640625
107545.5
107422.703125
107316.8046875
107273.828125
107230.9296875
107180.2578125
107123.8984375
107063.7734375
106996.125
106926.109375
106849.75
