25400.0
25400.0
25400.0
25119.140625
24808.98046875
24758.1171875
24800.2890625
24826.54296875
24830.138671875
24832.384765625
24834.49609375
24836.572265625
24838.505859375
24840.943359375
24842.86328125
24844.28125
24845.609375
24846.904296875
24846.5859375
24849.24609375
26170.615234375
41498.76171875
57571.51171875
73385.359375
86230.578125
96769.2890625
106909.1796875
115122.109375
121584.7890625
126642.6015625
130278.65625
133459.984375
135912.59375
138017.328125
139719.3125
141131.46875
142397.21875
142559.9375
138070.34375
134080.890625
130515.4921875
127434.9609375
124949.7265625
122326.890625
120607.1796875
119084.8828125
117282.5390625
115648.484375
114240.2265625
113216.4765625
112200.9765625
111294.2890625
110426.7109375
109715.6875
109143.609375
108517.890625
108005.84375
107604.3046875
107329.015625
107217.7109375
107158.1796875
107103.0078125
107107.4296875
107155.7890625
107226.5234375
107281.8046875
107275.90625
107226.96875
107157.1484375
107074.453125
106990.203125
106895.90625
106791.1875
106687.140625
106579.0234375
106444.0390625
106310.5
106180.5859375
106061.078125
105923.078125
105751.640625
105599.1484375
105467.6328125
105343.1953125
105224.1484375
105117.7578125
105017.75
104926.3515625
104837.4609375
104757.171875
104688.7890625
104639.8125
104619.59375
104608.8984375
104601.2109375
104596.4765625
104598.390625
104607.078125
104625.6484375
104651.8046875
104726.40625
104815.953125
104901.2734375
105004.234375
105109.6484375
105222.0546875
105340.171875
105466.359375
105603.71875
105743.7109375
105915.84375
106085.6796875
106257.890625
106480.90625
106721.109375
106970.7109375
107194.6796875
107413.6796875
107611.46875
107852.640625
108232.8515625
108587.1015625
108917.15625
109077.6796875
109178.15625
