25400.0
25398.474609375
24718.466796875
24872.46875
23743.82421875
21234.341796875
20778.46484375
21653.568359375
22804.76953125
23607.080078125
24274.607421875
24911.1953125
24906.28515625
24844.345703125
24827.982421875
24838.09375
24858.759765625
24871.673828125
24877.818359375
24890.142578125
24907.712890625
24926.552734375
24945.365234375
24952.64453125
24960.744140625
24968.515625
24975.3125
24978.328125
25011.564453125
25173.34765625
25755.08984375
27304.765625
30329.49609375
35195.4375
41642.94140625
49162.94921875
56179.09765625
63043.75
66138.890625
69490.1796875
72175.3359375
74238.4765625
76158.2890625
77738.2265625
79151.8828125
80341.875
81458.8828125
82491.9296875
83348.546875
84136.421875
84805.734375
85397.921875
85896.9921875
86282.4609375
86649.8125
87028.5859375
87397.84375
87686.0703125
87914.3125
88112.4453125
88281.9453125
88440.6328125
88574.890625
88707.3984375
88830.078125
88935.4453125
89036.5859375
89135.4453125
89254.265625
89377.1171875
89505.890625
89651.0546875
89853.4921875
90083.625
90306.953125
90598.0859375
90938.8046875
91325.9921875
91797.640625
92314.5625
92909.40625
93529.5703125
94137.3984375
94746.5234375
95311.75
95846.453125
96316.8984375
96763.0390625
97175.640625
97552.625
98020.28125
98440.4453125
98832.7578125
99175.734375
99501.6484375
99819.40625
100116.2578125
100407.390625
100674.90625
100980.2109375
101256.21875
101500.09375
101748.53125
101963.765625
102167.6953125
102348.296875
102699.609375
103151.0703125
103546.75
103935.28125
104242.7421875
104489.8125
104736.1015625
104958.9609375
105209.2421875
105550.8515625
105871.6640625
106144.15625
106389.1015625
106602.390625
106787.4921875
106976.2890625
107135.7421875
107276.609375
