25400.0
25400.0
25400.0
24966.28515625
24623.259765625
24677.21875
24624.591796875
24583.8359375
24572.015625
24569.5625
24570.5234375
24572.89453125
24575.7578125
24578.73828125
24581.912109375
24584.93359375
24588.033203125
24591.4453125
24596.96484375
24603.77734375
24610.03515625
24616.814453125
24623.44921875
24633.763671875
24680.7890625
28430.46875
36258.01953125
45951.96875
57362.73046875
71300.875
82048.8203125
91974.4609375
101090.8515625
109955.84375
118242.3984375
121811.0546875
123273.6875
124022.5546875
124268.1328125
124118.6796875
123664.859375
122982.75
122246.1328125
121335.53125
120405.7265625
119391.6015625
118390.7890625
117354.65625
116325.046875
115308.453125
114323.40625
113493.8125
112701.6015625
111950.34375
111379.5078125
110850.3359375
110333.453125
109791.78125
109272.765625
108733.6875
108236.890625
107773.0703125
107304.078125
106869.9296875
106443.8125
106041.6953125
105699.75
105312.9921875
104984.09375
104766.0
104632.8828125
104476.6015625
104327.2421875
104212.4375
104083.265625
103938.7578125
103764.2109375
103703.28125
103487.4375
103255.6875
103035.1953125
102829.1640625
102658.4375
102495.09375
102311.5546875
102114.5625
101908.734375
101712.0234375
101519.4609375
101342.65625
101191.375
101012.0546875
100850.984375
100797.8515625
100781.5
100753.5625
100713.8359375
100658.2890625
100579.171875
100485.7734375
100381.9453125
100274.9921875
100254.2109375
100276.5703125
100328.1328125
100406.8984375
100466.609375
100496.5234375
100504.4765625
100494.1171875
100465.9140625
100438.671875
100437.5078125
100460.21875
100488.390625
100516.3046875
100559.546875
100584.3984375
100584.484375
100563.9609375
100528.5234375
100485.3203125
100436.9375
100391.3125
100348.796875
