25400.0
25400.0
25400.0
25400.0
25400.0
25400.0
25400.0
25400.0
25400.0
25400.0
25400.0
25400.0
25400.0
25400.0
25400.0
25400.0
25400.0
25400.0
25400.0
25400.0
25400.0
25400.0
25400.0
25400.0
25400.0
25400.0
25400.0
25400.0
25400.0
25400.0
25400.0
25400.0
25400.0
35706.26171875
53245.2890625
65765.8046875
73023.0703125
76729.8984375
79397.1171875
81915.5078125
84342.0703125
86594.5390625
88758.984375
90999.1875
93055.0546875
95327.1953125
97483.8828125
99307.0234375
101165.734375
102833.0859375
104390.7890625
105786.671875
107180.1875
108782.3671875
110192.828125
111686.1015625
113092.515625
114496.28125
115817.109375
117190.78125
118631.1328125
119976.5078125
121337.6328125
122732.8515625
124244.53125
125791.421875
127232.765625
128949.1640625
130684.8203125
132342.765625
134161.859375
136060.703125
137911.53125
139693.40625
143252.75
146849.109375
149693.21875
149656.546875
147451.59375
145304.75
143226.078125
141224.65625
139373.328125
137762.171875
136236.65625
134824.03125
133359.125
131926.796875
130729.9765625
129851.953125
129365.1484375
129329.359375
129200.296875
129148.390625
129129.734375
129134.4921875
129176.1171875
129249.4296875
129367.3515625
129505.2265625
129666.375
129790.890625
129851.625
129900.3046875
129927.0703125
129931.25
129910.71875
129861.6796875
129782.703125
129784.46875
129768.75
129679.3671875
129528.953125
129340.7734375
129144.2421875
128897.8203125
128633.4765625
128336.265625
128058.421875
127800.203125
127555.4375
127315.65625
127055.15625
126791.8125
126507.625
