25400.0
25400.0
25400.0
25400.0
25400.0
25400.0
25400.0
25400.0
25400.0
25400.0
25400.0
25400.0
25400.0
25400.0
25400.0
25400.0
25400.0
25400.0
25400.0
25400.0
25400.0
25400.0
30242.126953125
53606.0703125
71975.609375
81421.390625
85749.2578125
90354.90625
94756.2421875
99059.9921875
103443.2734375
107442.828125
111389.203125
114539.2421875
117218.671875
119492.09375
121617.7578125
123945.2734375
126137.6015625
128412.59375
130304.2734375
131903.8125
133674.40625
135267.03125
136770.8125
138229.34375
140606.78125
144805.234375
146083.015625
141623.4375
138102.375
135049.53125
132660.984375
131038.71875
129297.8359375
127819.734375
126370.7421875
125365.5546875
124565.90625
123943.6484375
123931.421875
124499.6953125
125145.953125
125881.1875
126690.359375
127429.296875
128206.1796875
128932.1875
129783.109375
130332.6953125
130755.84375
131102.15625
131391.9375
131680.65625
131774.53125
131673.015625
131517.296875
131317.21875
131060.9296875
130816.203125
130403.5390625
130034.4609375
129695.109375
129333.0390625
128955.4765625
128546.0546875
128114.140625
127629.75
127127.7265625
126880.2421875
126596.234375
126290.359375
125892.3984375
125456.2109375
124975.484375
124477.5625
123984.15625
123470.5
122971.0
122455.28125
121938.3984375
121472.1953125
120958.59375
120455.6875
119916.09375
119379.8984375
118799.0390625
118234.703125
117704.9296875
117174.2734375
116673.421875
116197.8203125
115757.46875
115370.7578125
114951.375
114603.78125
114248.9296875
113900.6953125
113537.546875
113179.0546875
112809.84375
112426.8046875
112069.9609375
111716.5625
