25400.0
25400.0
25400.0
25393.560546875
25388.37109375
25382.8125
25380.037109375
25378.80078125
25378.21875
25377.95703125
25377.83203125
25377.7734375
25377.74609375
25377.732421875
25377.7265625
25377.72265625
25377.72265625
25377.72265625
25377.72265625
25377.72265625
25377.72265625
25377.72265625
25377.67578125
25377.5234375
25376.865234375
25376.865234375
36732.67578125
48446.07421875
56335.9296875
61843.9921875
67123.2578125
71274.6015625
75018.8125
78272.7109375
81233.125
83615.578125
85428.4375
86850.484375
87890.3828125
88909.2578125
90419.390625
92456.859375
96067.6875
101171.484375
108853.8984375
116448.484375
122241.078125
129006.5546875
137834.84375
144564.34375
149667.796875
154035.703125
157970.046875
162113.671875
166793.359375
170945.25
177455.03125
183646.265625
176136.0625
171414.875
168116.125
164665.84375
161622.8125
159190.703125
157155.625
155746.75
154572.65625
153647.6875
152880.828125
152169.984375
151368.75
150486.453125
149539.140625
148487.984375
147420.8125
146117.046875
144840.625
143773.8125
142708.671875
142015.671875
141469.9375
140751.59375
139896.4375
139117.0
138265.8125
137295.453125
136311.109375
135257.859375
134161.4375
133136.359375
131983.921875
130853.1015625
129685.34375
128559.984375
127411.6640625
126284.5078125
125203.625
124192.8515625
123331.6953125
122414.9765625
121480.484375
120645.71875
119747.7890625
118911.2890625
118080.53125
117307.7578125
116544.953125
115813.6015625
115133.4375
114450.953125
113770.2265625
113102.546875
112470.546875
111927.8046875
111366.2109375
110852.21875
110349.1171875
109879.40625
109424.0390625
109006.734375
108642.3515625
108295.109375
107976.7265625
107662.6875
