25400.0
25400.0
25063.783203125
24663.197265625
24857.421875
24050.318359375
23550.447265625
23438.171875
23422.083984375
23433.169921875
23456.12890625
23490.712890625
23540.1875
23619.5859375
23736.755859375
23892.251953125
24421.357421875
24763.09765625
24936.560546875
25001.654296875
25024.6484375
25032.759765625
25032.220703125
25032.216796875
25214.197265625
26102.119140625
28714.310546875
35015.96484375
43679.09765625
53464.87109375
66161.6640625
77868.6015625
84260.421875
88946.3828125
92150.1796875
94219.1796875
95489.28125
96233.1015625
96853.6875
97407.3046875
97809.671875
98165.890625
98556.265625
98890.3046875
99165.359375
99368.7890625
99523.6171875
99681.84375
99814.8671875
99889.3125
99906.3203125
99892.453125
99848.4296875
99789.765625
99714.84375
99646.765625
99582.71875
99520.2734375
99446.53125
99377.8671875
99328.3046875
99220.5390625
99131.265625
99046.59375
98966.359375
98894.265625
98810.3046875
98727.2109375
98638.3125
98552.46875
98463.875
98390.296875
98356.96875
98339.1640625
98330.7734375
98323.4609375
98321.3046875
98321.171875
98321.328125
98322.203125
98324.6015625
98326.9296875
98331.921875
98345.3359375
98396.859375
98438.4921875
98464.265625
98479.7578125
98487.3515625
98488.8671875
98485.8515625
98480.875
98471.6328125
98462.6328125
98491.359375
98633.4765625
98748.25
98856.75
98953.7421875
99048.328125
99138.5
99215.859375
99299.921875
99385.4140625
99473.3125
99569.7578125
99675.875
99780.40625
99876.4375
99971.140625
100062.1171875
100150.5
100233.375
100303.359375
100373.9140625
100435.09375
100491.7734375
100540.9765625
100586.4140625
100623.1171875
100667.9609375
100727.703125
100773.2421875
100810.453125
