25400.0
25400.0
25246.193359375
24751.560546875
24582.578125
24554.037109375
24487.533203125
24461.62109375
24457.94921875
24458.8203125
24460.78515625
24463.126953125
24465.49609375
24467.791015625
24470.01953125
24472.095703125
24474.1640625
24477.203125
24479.107421875
24480.892578125
24482.509765625
24484.6484375
24487.697265625
24491.318359375
24495.26171875
24499.3828125
24504.638671875
24517.1484375
24933.08984375
30769.90625
39371.8046875
49792.18359375
59076.23828125
69297.9453125
76937.5390625
82995.609375
87447.234375
90627.6171875
92970.578125
95629.765625
98578.953125
101803.109375
104382.765625
106851.5859375
108864.1484375
108666.6328125
108499.15625
108294.4453125
108133.15625
107953.6953125
107710.390625
107517.765625
107334.2265625
107321.0625
107386.9609375
107515.515625
107633.015625
107734.203125
107821.3125
107908.1953125
108008.3515625
108153.890625
108245.2265625
108396.765625
108724.46875
108984.3671875
109147.21875
109278.1796875
109368.171875
109459.3671875
109452.4921875
109431.765625
109408.3984375
109411.7421875
109350.9375
109240.390625
109104.9375
109005.0546875
109290.96875
109633.84375
109908.59375
110140.0234375
110321.4921875
110507.484375
110662.0
110783.4140625
110884.546875
110954.9140625
110983.1171875
111023.5078125
111064.75
111111.5546875
111133.515625
111141.7265625
111149.65625
111145.3125
111120.9375
111071.0859375
110983.8125
110864.9609375
110817.7890625
110856.375
110912.3046875
110955.0390625
110868.2890625
110738.015625
110614.421875
110468.703125
110303.734375
110128.203125
109935.3984375
109743.890625
109541.984375
109335.3203125
109182.5546875
109218.3515625
109230.40625
109210.71875
109156.8984375
109052.3515625
108903.453125
108727.671875
108527.2421875
108328.71875
108158.0546875
