25400.0
25400.0
25400.0
25400.0
25400.0
25400.0
25400.0
25400.0
25400.0
25400.0
25400.0
25400.0
25400.0
25400.0
25400.0
25400.0
25400.0
25400.0
25400.0
25400.0
25400.0
25400.0
25400.0
25400.0
25400.0
25400.0
25400.0
25400.0
25400.0
25400.0
25400.0
25400.0
25400.0
25400.0
37375.33984375
47587.60546875
52063.46484375
54996.44921875
57719.2734375
60661.7421875
64113.67578125
68197.1015625
73060.0234375
78859.6171875
85057.2734375
92162.78125
99088.9140625
107245.2109375
116323.9921875
125192.28125
134819.28125
143888.140625
152163.875
159574.046875
165644.484375
172083.953125
178309.921875
183037.140625
186419.84375
190196.25
196805.9375
202108.53125
198363.421875
192605.578125
186683.703125
180072.8125
174766.59375
169764.96875
165039.03125
161002.25
157667.671875
154802.359375
152733.109375
151294.328125
150129.921875
149182.34375
148315.125
147497.4375
146733.890625
145846.71875
144978.0625
144128.59375
143218.890625
142179.703125
141201.84375
140353.78125
139486.1875
138639.78125
137727.890625
136795.234375
135965.578125
135073.734375
134217.140625
133253.296875
132304.296875
131357.96875
130446.0703125
129593.046875
128757.390625
127990.3828125
127212.8125
126526.3984375
125947.6484375
125434.125
124906.671875
124333.7421875
123764.109375
123176.4296875
122591.0078125
122026.9921875
121430.5703125
120858.1796875
120252.125
119678.3515625
119179.4609375
118637.109375
118119.765625
117593.46875
117092.0078125
116579.515625
116075.4453125
115597.6796875
115112.8046875
114651.5078125
114183.53125
