25400.0
25243.525390625
24637.130859375
23708.0546875
22773.0625
23300.095703125
23399.740234375
23868.849609375
24773.708984375
25011.6484375
25071.17578125
25092.609375
26119.537109375
32157.162109375
45304.6953125
61534.6171875
72483.2578125
80278.0
84873.625
87790.578125
90270.21875
92209.53125
93543.5078125
94384.25
94843.8125
95171.7734375
95585.5703125
95962.0390625
96163.7265625
96282.5
96499.8671875
96638.734375
96763.578125
96853.8671875
96901.453125
96945.75
96982.015625
96982.71875
96978.546875
96988.2421875
97061.9921875
97117.8984375
97176.1796875
97499.0390625
97771.484375
98015.4140625
98244.625
98423.734375
98588.265625
98757.0703125
98907.0078125
99068.1171875
99219.828125
99359.5703125
99514.2890625
99663.609375
99804.6171875
99922.1796875
100021.8984375
100098.625
100157.375
100221.0234375
100300.578125
100335.7421875
100380.34375
100427.765625
100484.34375
100522.515625
100540.8359375
100631.3125
100809.71875
101030.53125
101188.265625
101280.0078125
101317.2265625
101321.7890625
101283.484375
101219.3671875
101170.6328125
101183.359375
101241.0859375
101315.828125
101388.34375
101412.2109375
101398.8203125
101362.84375
101322.8828125
101250.2421875
101161.2421875
101087.0234375
101008.5078125
100930.640625
100842.53125
100752.0703125
100654.5234375
100558.25
100468.8984375
100398.4609375
100334.7578125
100270.7265625
100208.8125
100154.78125
100097.7734375
100047.2421875
100004.0703125
99965.78125
99903.1875
99865.8515625
99847.5
99843.3984375
99848.53125
99854.203125
99860.4765625
99866.640625
99873.2109375
99886.859375
99910.3125
99936.9140625
99968.546875
99997.3515625
100025.375
100065.078125
100094.8046875
100125.1953125
