25400.0
25400.0
25400.0
24910.9765625
24718.9296875
24730.765625
24777.09375
24786.474609375
24789.064453125
24791.541015625
24793.87109375
24796.064453125
24798.0703125
24799.908203125
24802.642578125
24804.22265625
24805.630859375
24806.998046875
24808.216796875
24809.544921875
24810.595703125
24811.03125
24819.373046875
29478.046875
39423.4296875
43410.35546875
46127.2421875
49251.375
53864.0
58967.546875
64861.31640625
71330.171875
77225.2890625
83183.5859375
88331.8515625
92534.96875
95210.7734375
98096.546875
101710.1171875
106055.4921875
110707.53125
115017.1796875
118819.890625
122953.390625
124896.1484375
124587.34375
124274.7578125
123784.734375
123055.0
122157.34375
121122.515625
120122.6171875
119083.90625
118033.40625
117135.9765625
116239.2265625
115451.265625
114695.25
113990.4375
113282.3203125
112579.3125
112012.1953125
111537.6328125
111134.3828125
110750.265625
110388.328125
110046.6328125
109711.0625
109561.8828125
109585.6640625
109547.0390625
109473.2421875
109238.8515625
109033.9921875
108875.4140625
108757.34375
108730.4765625
108683.390625
108583.84375
108400.9609375
108215.6640625
108165.4375
108091.5
107922.4375
107712.609375
107500.7578125
107305.9140625
107254.3828125
107335.5234375
107336.484375
107303.1328125
107216.9765625
107099.703125
106977.3984375
106873.9609375
106774.2265625
106679.921875
106581.125
106474.8828125
106398.3203125
106360.5625
106351.5625
106351.8984375
106363.1484375
106380.6484375
106417.015625
106453.5859375
106492.8984375
106540.53125
106601.078125
106681.8046875
106774.890625
106883.234375
106995.21875
107094.3828125
107208.203125
107331.0703125
107458.015625
107577.3984375
107700.1796875
107824.0
107940.0
108053.6484375
108158.0234375
108258.8828125
