22329.80078125
21068.716796875
19956.099609375
19333.8203125
18961.8125
18898.26171875
19044.525390625
19636.357421875
20267.7890625
20911.3046875
21499.4296875
22066.392578125
22591.8984375
23064.40234375
23518.23828125
23932.90234375
24340.921875
24734.88671875
25061.97265625
25061.97265625
25061.97265625
27839.29296875
35820.0078125
41736.015625
47510.5703125
54276.296875
59632.50390625
64008.84765625
68239.0
71997.7265625
74931.578125
77734.4375
80112.8046875
82349.71875
84303.1328125
86060.0234375
87626.5859375
88980.890625
90218.9375
91273.984375
92256.796875
93190.328125
93917.3515625
94585.5703125
95431.71875
96358.6484375
97120.59375
97779.921875
98341.890625
98823.7734375
99252.1328125
99605.125
99910.421875
100166.671875
100373.890625
100578.5546875
100752.171875
100906.1640625
101033.5546875
101144.890625
101236.703125
101308.9765625
101369.2265625
101413.125
101463.359375
101523.1875
101560.2578125
101580.9765625
101569.9609375
101548.8515625
101527.3515625
101506.3125
101484.0078125
101461.5
101436.71875
101410.578125
101375.609375
101334.3828125
101290.0
101237.859375
101187.203125
101136.5234375
101085.2734375
101033.171875
100981.2578125
100941.2890625
100906.2578125
100868.6328125
100825.8203125
100780.8046875
100736.2421875
100681.84375
100627.921875
100568.65625
100510.09375
100451.9140625
100394.15625
100338.3046875
100282.7265625
100231.1171875
100181.59375
100133.5
100091.375
100045.9140625
100002.3828125
99958.0546875
99916.0390625
99862.0859375
99798.6796875
99736.9453125
99670.15625
99606.09375
99544.2421875
99487.875
99437.6328125
99375.5078125
99313.953125
99251.75
99192.1015625
99132.0
99069.921875
99007.234375
98940.453125
98874.890625
98805.8828125
