22123.2734375
20759.12109375
19792.447265625
18751.0078125
18221.166015625
18324.130859375
18854.423828125
19461.845703125
20091.515625
20670.748046875
21229.3046875
21745.453125
22223.763671875
22687.3125
23110.43359375
23537.63671875
23961.919921875
24399.19921875
24807.404296875
29428.23046875
36952.63671875
42784.10546875
50228.2109375
56531.09375
61941.30859375
66916.328125
70994.3046875
74596.09375
77567.515625
79938.984375
82289.25
84328.3125
86237.8125
88058.796875
89709.65625
91119.703125
92353.765625
93797.0859375
95142.0703125
96311.140625
97354.625
98253.984375
99090.2265625
99703.6640625
100230.53125
100664.96875
101042.6328125
101339.984375
101552.9296875
101721.7421875
101854.875
101969.9296875
102068.4453125
102144.2890625
102212.9453125
102265.7265625
102306.8125
102324.7734375
102309.4609375
102246.5546875
102164.1953125
102070.546875
101975.0
101876.0234375
101776.703125
101685.5234375
101584.859375
101476.9453125
101386.3828125
101306.859375
101225.59375
101143.03125
101062.703125
100978.90625
100898.375
100816.2265625
100739.0546875
100694.1875
100674.4765625
100658.2109375
100632.875
100597.4140625
100550.890625
100496.5
100438.34375
100375.2578125
100313.6796875
100249.8125
100189.2734375
100139.3359375
100089.625
100045.1484375
100001.4921875
99955.609375
99906.859375
99857.8828125
99810.9140625
99763.53125
99716.75
99674.25
99632.6171875
99592.9921875
99549.9140625
99510.5234375
99470.3125
99431.046875
99391.171875
99350.890625
99313.5
99272.8671875
99233.0625
99189.5546875
99129.75
99077.8984375
99024.359375
98976.375
98929.7421875
98885.890625
98846.0
98807.7578125
98771.390625
98735.59375
98701.234375
98666.4140625
