25400.0
25400.0
25400.0
25400.0
25399.794921875
25398.97265625
25397.974609375
25397.103515625
25396.36328125
25395.798828125
25395.357421875
25395.029296875
25394.794921875
25394.619140625
25394.49609375
25394.404296875
25394.337890625
25394.294921875
25394.259765625
25394.236328125
25394.21875
25394.205078125
25394.197265625
25394.189453125
25394.185546875
25394.18359375
25394.181640625
25394.181640625
25394.056640625
25393.833984375
25393.49609375
25393.052734375
33481.40625
48752.16015625
58601.15234375
66289.859375
72453.140625
77290.40625
81564.96875
85187.125
88236.359375
90789.1328125
92997.734375
94641.015625
96086.6015625
97352.421875
98571.03125
99854.6640625
101116.0234375
102354.3671875
103463.4296875
104512.1015625
105465.0703125
106269.0859375
107113.1015625
107906.859375
108768.0
109512.625
110244.75
110879.1015625
111493.421875
112214.8515625
112954.890625
113744.609375
114682.2109375
115891.3125
117372.3359375
118842.4453125
120622.65625
123055.1484375
126500.4375
129803.03125
133204.75
136957.828125
140412.328125
144683.9375
150256.359375
155489.6875
159455.0625
163317.421875
166730.859375
168779.359375
165636.25
162526.296875
160578.96875
158849.65625
157159.03125
155547.796875
154090.4375
152858.78125
151513.609375
150213.140625
148918.65625
147711.078125
146641.234375
146034.671875
145400.875
144653.8125
143849.6875
142951.578125
142007.09375
141125.453125
140134.984375
139215.796875
138275.15625
137349.34375
136394.609375
135458.140625
134594.40625
133743.0
132952.8125
132174.84375
131515.34375
130941.7734375
130331.1171875
129755.4921875
129158.1171875
128568.8046875
127968.4609375
127356.0
126778.265625
126208.125
125698.6875
125209.03125
