25400.0
25400.0
25331.392578125
24654.486328125
24516.40234375
24312.0
24268.83984375
24262.9375
24262.935546875
24264.185546875
24265.82421875
24267.51953125
24269.171875
24270.8046875
24272.337890625
24274.634765625
24277.03125
24280.37890625
24283.65625
24309.603515625
28450.822265625
39861.71875
53379.57421875
65816.2734375
73316.03125
80011.9375
85662.140625
90165.375
93580.3046875
96149.21875
98518.375
100419.4140625
102043.2109375
103422.5546875
104769.828125
105827.6640625
106608.8125
107169.203125
107531.6796875
107768.0546875
107929.1640625
107971.671875
107913.2109375
107794.15625
107619.3203125
107673.5625
107705.515625
107637.4140625
107528.0390625
107424.34375
107331.0546875
107222.4296875
107097.703125
106980.9296875
106836.6875
106688.0703125
106529.046875
106373.4453125
106218.4453125
106057.84375
105885.375
105699.703125
105480.7890625
105232.140625
104999.0390625
104802.9296875
104600.6953125
104400.8984375
104185.4921875
103977.8984375
103764.53125
103554.171875
103354.1015625
103152.3125
102963.75
102778.59375
102598.671875
102451.890625
102309.484375
102176.734375
102044.84375
101921.125
101797.875
101678.90625
101571.390625
101488.3359375
101441.390625
101395.75
101345.3046875
101292.5234375
101226.5546875
101159.078125
101091.703125
101031.4453125
100969.3984375
100905.625
100839.828125
100769.984375
100702.671875
100634.1484375
100566.84375
100508.59375
100445.3203125
100387.1953125
100329.28125
100273.5546875
100216.8828125
100160.3125
100105.1875
100048.6484375
99994.0390625
99935.1953125
99862.671875
99798.40625
99732.1015625
99668.4296875
99605.8984375
99549.234375
99500.5078125
99453.5234375
99408.21875
99361.4140625
99315.6484375
99268.1171875
