25400.0
25400.0
25400.0
24878.12109375
24586.578125
24621.271484375
24619.78125
24618.9375
24619.65625
24621.05859375
24622.802734375
24624.583984375
24626.279296875
24628.0
24629.607421875
24631.142578125
24632.6484375
24634.849609375
24636.34375
24637.578125
24638.7421875
24639.876953125
24641.01171875
24641.748046875
24646.0
24690.599609375
30325.458984375
42351.4375
54330.0078125
65745.2421875
77210.5625
86694.2265625
95779.84375
103989.6484375
111347.6953125
117710.2890625
123160.96875
127928.8984375
131716.5
134872.28125
137639.328125
138705.65625
136843.140625
135195.984375
133514.90625
131898.875
130254.7578125
128694.9609375
127253.3046875
125848.8046875
124536.8828125
123225.671875
121968.2578125
120849.8125
119648.2578125
118581.7734375
117553.0078125
116618.9921875
115724.65625
114731.609375
113853.7109375
113018.8828125
112251.3515625
111498.3515625
110791.53125
110118.65625
109321.3359375
108583.9921875
107869.6484375
107225.6171875
106721.9609375
106701.3828125
106610.2109375
106430.40625
106224.34375
105848.0859375
105408.84375
105020.6875
104729.8359375
104487.0703125
104231.375
103992.9765625
103783.2734375
103704.4609375
103635.9921875
103513.984375
103393.1171875
103272.78125
103135.375
102988.921875
102802.953125
102608.859375
102416.3671875
102260.0859375
102120.7578125
102004.3046875
101893.1328125
101780.109375
101679.46875
101586.859375
101506.2421875
101442.0546875
101380.3125
101330.5234375
101287.6875
101249.296875
101211.875
101176.3984375
101142.5
101119.5546875
101117.890625
101118.296875
101113.2734375
101103.6953125
101087.828125
101069.0859375
101046.484375
101022.3671875
100995.578125
100967.2109375
100938.6875
100908.375
100878.1953125
100846.390625
