25400.0
25400.0
25400.0
25400.0
25400.0
25400.0
25400.0
25400.0
25400.0
25400.0
25400.0
25400.0
25400.0
25400.0
25400.0
25400.0
25400.0
25400.0
25400.0
25400.0
25400.0
25400.0
25400.0
25400.0
25400.0
25400.0
25400.0
25400.0
25400.0
25400.0
25400.0
25400.0
25400.0
25400.0
25400.0
28141.533203125
41640.9296875
53610.7421875
61628.54296875
68599.140625
74326.4609375
78911.953125
83335.0703125
86874.7109375
90015.265625
92713.3515625
95295.8125
97411.6171875
99105.4296875
100542.09375
101878.703125
103177.3125
104434.265625
105612.4140625
106770.5859375
107740.59375
108671.8203125
109538.7109375
110391.125
111205.4765625
111948.21875
112653.5390625
113285.5234375
114053.875
114816.203125
115501.8203125
116350.71875
117526.5078125
119147.0859375
120888.234375
122818.421875
124997.546875
127472.0625
130328.3984375
133853.203125
137997.75
142135.453125
146241.3125
150654.0625
154744.15625
159065.890625
163563.796875
164859.96875
161154.0
158422.265625
155545.109375
153070.953125
150513.734375
148372.9375
147073.609375
145938.4375
144814.609375
143709.453125
142677.703125
141657.296875
140765.546875
140015.96875
139323.03125
138757.734375
138242.578125
137707.34375
137290.796875
136885.046875
136501.1875
136114.703125
135743.671875
135350.21875
134936.21875
134522.53125
134087.359375
133664.390625
133238.09375
132831.015625
132466.53125
132052.765625
131635.140625
131197.578125
130787.546875
130386.265625
130006.8046875
129673.3984375
129352.9609375
129036.6875
128700.7734375
