25400.0
25400.0
25400.0
25400.0
25400.0
25400.0
25400.0
25400.0
25400.0
25400.0
25400.0
25400.0
25400.0
25400.0
25400.0
25400.0
25400.0
25400.0
25400.0
25400.0
25400.0
25400.0
25400.0
38011.3984375
49594.7109375
56823.46484375
63457.77734375
69238.3046875
74459.9921875
79450.09375
84174.8671875
88818.1171875
92703.9453125
96659.390625
100638.59375
104608.21875
108580.7109375
112529.7109375
116489.25
120395.5703125
124120.84375
127704.1953125
130775.5625
133976.953125
136691.546875
139370.90625
141743.421875
144112.078125
146579.0625
148743.796875
151562.84375
155900.3125
158279.578125
159990.65625
168344.671875
176848.640625
172208.03125
169495.5
167981.875
167740.625
167149.015625
166338.515625
165121.5
163631.40625
162190.40625
160354.1875
158453.484375
156273.203125
154232.625
152117.453125
150010.984375
147860.15625
145612.34375
143339.296875
141065.3125
138835.28125
136601.984375
134583.203125
133068.4375
131289.84375
129548.5
127797.390625
126154.9296875
124528.6796875
122980.9609375
121578.296875
120230.0859375
119057.0234375
117975.2109375
116978.25
116177.75
115424.0390625
114765.7734375
114139.046875
113569.453125
113021.9921875
112512.953125
112052.3046875
111608.8203125
111202.3984375
110815.328125
110623.8984375
110491.828125
110388.640625
110370.7890625
110387.9296875
110372.1015625
110329.953125
110262.1796875
110175.9921875
110075.6953125
109972.8828125
109855.921875
109731.1015625
109609.09375
109463.5859375
109314.2265625
109153.7109375
108987.7421875
108807.1875
108624.9921875
108449.8828125
108277.7421875
108131.3359375
107979.21875
