25400.0
25400.0
24773.58203125
24551.359375
24009.423828125
23348.732421875
22958.015625
22781.865234375
22781.525390625
22831.099609375
22949.822265625
23290.494140625
24152.439453125
24645.982421875
24810.875
24856.345703125
24875.654296875
24893.400390625
24910.61328125
24930.455078125
24945.970703125
24964.01171875
25056.4140625
25550.005859375
27174.064453125
31271.09765625
38578.89453125
47639.875
58863.16796875
70944.71875
79704.9375
89159.984375
97952.4609375
101275.90625
103594.7890625
105166.5859375
106579.5546875
107445.4609375
107757.8203125
107839.4140625
107799.421875
107854.734375
107859.8125
107783.0390625
107619.375
107350.859375
107025.9140625
106660.90625
106286.1328125
105915.9140625
105540.6953125
105187.0390625
104857.3203125
104518.9375
104204.2265625
103849.9453125
103505.015625
103146.9296875
102807.375
102506.1171875
102249.0859375
102014.6953125
101770.34375
101531.0546875
101292.921875
101066.4609375
100871.4140625
100662.546875
100471.3359375
100285.6484375
100112.625
99938.2265625
99765.90625
99598.4296875
99425.3984375
99258.7109375
99095.6328125
98938.1640625
98800.515625
98636.15625
98483.296875
98331.6328125
98191.6484375
98079.5859375
97966.2578125
97860.1484375
97756.921875
97691.3359375
97654.59375
97698.875
97736.65625
97783.21875
97833.953125
97921.078125
98029.328125
98163.484375
98296.21875
98433.0859375
98583.4921875
98745.6953125
98901.171875
99022.71875
99101.125
99151.84375
99173.328125
99182.5859375
99190.09375
99193.4453125
99364.375
99548.6640625
99704.484375
99832.4375
99981.9140625
100294.015625
100661.8203125
101055.6796875
101374.890625
101692.671875
101982.984375
102257.34375
102477.0703125
102639.9765625
102787.7109375
102921.5703125
103052.1484375
