25400.0
25400.0
25400.0
25400.0
25400.0
25400.0
25400.0
25400.0
25400.0
25400.0
25400.0
25400.0
25400.0
25400.0
25400.0
25400.0
25400.0
25400.0
25400.0
25400.0
25400.0
25400.0
39173.421875
57186.32421875
70139.1171875
77492.03125
83408.140625
87897.3515625
91687.5390625
94715.8359375
96986.4296875
99101.09375
100703.1953125
101970.796875
102887.5703125
103650.90625
104230.046875
104642.8359375
104902.6328125
105029.53125
105061.28125
105003.0703125
104914.5390625
104787.7265625
104653.28125
104506.2265625
104353.2578125
104184.796875
104011.0546875
103843.015625
103673.578125
103548.9296875
103575.359375
103487.40625
103363.9453125
103191.765625
103009.234375
102820.3984375
102646.296875
102478.1953125
102324.125
102251.453125
102266.1875
102244.3125
102168.4609375
102045.671875
101938.1015625
101827.78125
101722.40625
101606.8046875
101485.1171875
101352.390625
101215.2734375
101080.125
100940.9140625
100807.6953125
100678.9453125
100559.828125
100459.640625
100393.1015625
100335.0
100265.9609375
100190.9921875
100104.5
100012.8828125
99922.0625
99825.125
99727.6015625
99624.84375
99536.09375
99469.5859375
99424.515625
99399.578125
99380.3125
99363.5859375
99345.2578125
99330.1953125
99326.328125
99445.828125
99560.984375
99677.2890625
99826.3125
99973.0234375
100149.46875
100313.9765625
100474.0
100621.4921875
100837.609375
101222.5546875
101592.0546875
101923.2734375
102190.8046875
102419.3359375
102609.0859375
102759.9765625
102899.265625
102997.2890625
103083.03125
103156.6796875
103223.3046875
103278.796875
103321.6796875
103352.859375
103375.7109375
103388.8359375
