25400.0
25400.0
25400.0
25400.0
25400.0
25400.0
25400.0
25400.0
25400.0
25400.0
25400.0
25400.0
25400.0
25400.0
25400.0
25400.0
25400.0
25400.0
25400.0
25400.0
25400.0
25400.0
25400.0
25400.0
25400.0
25400.0
25727.12890625
41661.4296875
56246.921875
67995.359375
76622.515625
84407.3203125
90544.3671875
95807.2734375
100514.7734375
104923.25
108409.0625
111251.265625
113883.0703125
116389.4375
118737.5
120819.75
122607.09375
124406.21875
126017.859375
127569.7109375
129053.03125
130524.7890625
131798.25
132631.453125
133385.921875
133867.484375
134352.15625
134217.859375
134708.53125
137098.171875
141792.71875
145994.84375
142883.0
140330.390625
138001.71875
135753.125
134257.484375
132714.0625
131188.296875
130285.5234375
130147.5703125
130014.7890625
130237.34375
130486.65625
130778.1171875
131107.671875
131454.625
131803.625
132318.28125
133083.015625
133934.9375
134643.90625
135066.21875
135362.09375
135344.265625
135098.8125
134804.375
134392.75
133838.765625
133219.421875
132534.203125
132194.78125
131922.171875
131584.90625
131183.84375
130669.2109375
130126.34375
129517.9296875
128909.8515625
128240.609375
127585.296875
126948.8984375
126278.53125
125613.390625
124976.703125
124378.7578125
123916.3359375
123422.5
122915.65625
122374.8984375
121857.2734375
121327.6484375
120796.4921875
120282.1796875
119750.125
119217.96875
118658.625
118098.5078125
117596.1640625
117048.4296875
116527.7578125
116000.8125
115501.9921875
114983.21875
114478.671875
114007.78125
113536.3125
113094.46875
112653.2265625
