18055.45703125
17039.318359375
16558.6171875
16094.2861328125
15947.296875
16020.7080078125
16372.0888671875
16813.53125
17802.666015625
18654.96875
19417.349609375
20064.419921875
20660.408203125
21204.5703125
21700.78515625
22200.037109375
22724.337890625
23403.26953125
29677.5546875
38104.10546875
43172.38671875
48225.16796875
52301.4765625
55911.51953125
59341.32421875
62173.4765625
64663.56640625
67025.484375
69258.1171875
71458.75
73498.2421875
75224.1328125
77007.3125
78636.5625
80178.265625
81530.2421875
82790.5703125
83951.4609375
85019.8046875
86094.6953125
87115.5546875
88096.265625
89163.328125
90435.8125
91745.9296875
93030.6328125
94141.484375
95147.8203125
96118.1015625
96999.1171875
97764.8671875
98520.7578125
99217.640625
99846.7109375
100444.859375
100931.2890625
101399.203125
101797.2734375
102158.9453125
102478.2734375
102792.4765625
103087.796875
103351.84375
103599.015625
103812.5625
104005.265625
104168.2109375
104292.6328125
104418.8671875
104531.1484375
104634.0625
104717.3828125
104743.9296875
104745.8671875
104749.3828125
104759.6328125
104769.3203125
104777.21875
104781.390625
104780.578125
104774.2421875
104763.4609375
104747.546875
104731.328125
104719.078125
104709.578125
104694.703125
104674.671875
104645.015625
104603.6171875
104550.6953125
104492.8125
104424.8515625
104345.046875
104250.90625
104154.28125
104052.3359375
103950.296875
103852.5859375
103753.9375
103664.1640625
103580.796875
103506.5625
103441.578125
103369.703125
103298.4765625
103222.2109375
103170.46875
103112.6640625
103049.4921875
102983.28125
102912.296875
102843.1640625
102772.953125
102741.1796875
102768.2734375
102796.4765625
102821.4921875
102845.359375
102866.2890625
102885.3984375
102901.8046875
102914.640625
102925.953125
102934.3828125
102942.6171875
