17995.537109375
17152.888671875
16615.515625
16347.962890625
16463.173828125
17237.64453125
18157.935546875
18973.703125
19719.126953125
20360.916015625
20960.9609375
21524.80078125
22075.447265625
22686.09375
28133.599609375
38246.3984375
49255.79296875
57114.7265625
63482.08203125
68839.3203125
73770.546875
77406.8828125
80174.265625
82195.5390625
83684.7265625
84858.3828125
85854.3359375
86906.8984375
88303.0078125
89350.28125
90532.3125
91860.1796875
93080.8984375
94061.96875
94876.2265625
95537.3984375
96048.40625
96426.2890625
96782.1484375
97127.1328125
97445.1171875
97682.5
97892.71875
98053.046875
98184.1484375
98284.6328125
98365.59375
98426.2734375
98466.3515625
98493.875
98530.1484375
98578.4765625
98632.6875
98680.796875
98733.28125
98777.1640625
98814.90625
98843.3671875
98861.671875
98869.5234375
98879.4453125
98922.8515625
98991.359375
99071.078125
99164.6328125
99244.0703125
99325.6328125
99395.5078125
99457.234375
99506.296875
99543.4140625
99564.8203125
99572.9453125
99572.9921875
99567.6875
99559.96875
99551.328125
99548.375
99547.453125
99545.1953125
99543.2578125
99548.9375
99552.1796875
99549.9609375
99540.953125
99526.140625
99506.8359375
99481.2421875
99452.5703125
99424.609375
99426.8828125
99453.7890625
99480.375
99494.5625
99495.390625
99493.75
99498.25
99512.09375
99530.4453125
99552.0703125
99572.8984375
99590.6640625
99609.8203125
99628.3359375
99648.2265625
99667.0546875
99686.5078125
99706.2265625
99725.5625
99745.625
99764.0078125
99782.6796875
99800.234375
99815.09375
99831.2734375
99845.4296875
99857.453125
99868.8125
99876.234375
99880.5703125
99881.640625
99872.1875
99857.0625
99866.6875
