25400.0
25400.0
24267.208984375
22767.39453125
22430.99609375
22831.193359375
23655.017578125
24464.072265625
24485.666015625
24488.041015625
24491.373046875
24494.794921875
24498.021484375
24501.173828125
24505.74609375
24509.947265625
24518.06640625
24558.158203125
31083.984375
43324.03125
54433.8203125
63451.26953125
70879.7265625
77101.171875
81319.0078125
84022.9921875
85877.375
87058.0234375
88367.4140625
89449.125
90680.5546875
91642.8671875
92396.375
92959.328125
93407.734375
93763.6328125
94047.5625
94323.21875
94551.9140625
94735.59375
94929.8984375
95117.7734375
95317.4296875
95480.78125
95632.171875
95734.859375
95810.1796875
96002.109375
96182.7578125
96347.4140625
96486.0
96603.7734375
96698.359375
96769.7421875
96858.9375
96928.3828125
96982.1796875
97115.8125
97353.828125
97560.5546875
97750.796875
97949.234375
98129.5703125
98302.7265625
98444.0390625
98543.9375
98661.671875
98788.015625
98943.4453125
99081.3046875
99229.6875
99365.21875
99479.1484375
99622.3203125
99726.953125
99818.5
99898.5
99963.7578125
100026.546875
100112.234375
100216.234375
100308.9140625
100404.03125
100520.953125
100649.4765625
100779.90625
100899.8671875
101015.1875
101113.6796875
101180.0234375
101235.390625
101273.0703125
101297.3125
101308.734375
101333.5390625
101381.34375
101404.421875
101425.1015625
101441.2890625
101469.7890625
101507.9296875
101546.9375
101586.5078125
101618.9921875
101650.1484375
101672.8515625
101698.1015625
101739.3671875
101907.0859375
102074.5546875
102204.7734375
102289.53125
102331.3671875
102303.6796875
102265.7890625
102228.4921875
102187.8046875
102146.09375
102099.6484375
102050.9921875
102001.03125
101965.96875
101955.8984375
101949.3203125
