25400.0
25400.0
25400.0
25067.150390625
25067.1484375
25067.1484375
25067.1484375
25067.1484375
25067.1484375
25067.1484375
25067.1484375
25067.1484375
25067.1484375
29734.6484375
53013.078125
77861.4375
89550.0390625
96361.4140625
101716.7109375
105612.1015625
108173.9609375
109681.5078125
110366.7421875
110395.9140625
110041.21875
109548.8984375
108935.8359375
108206.765625
107418.28125
106687.5078125
106066.7734375
105523.734375
104885.1328125
104393.28125
104042.9609375
103817.2890625
103857.609375
103858.953125
103809.390625
103697.0625
103551.2109375
103405.859375
103239.1875
103090.9921875
102980.0
102846.359375
102692.5
102530.0859375
102365.4296875
102203.1875
102062.40625
101913.1640625
101760.25
101616.1796875
101456.9453125
101308.78125
101142.59375
100988.9921875
100839.4375
100698.671875
100609.609375
100443.25
100267.453125
100094.0234375
99934.8828125
99803.109375
99669.1015625
99547.15625
99429.9765625
99323.6484375
99230.6171875
99158.796875
99103.8671875
99089.8984375
99064.6484375
99020.0859375
98973.296875
98933.578125
98889.859375
98846.1875
98796.2578125
98754.71875
98715.0390625
98676.453125
98701.8515625
98896.3671875
99064.1796875
99188.203125
99274.3828125
99343.7265625
99471.8671875
99565.5390625
99645.4921875
99715.1875
99784.78125
99854.296875
99920.640625
99986.9296875
100069.671875
100162.1171875
100257.1015625
100326.6875
100402.1796875
100489.96875
100592.90625
100682.8515625
100758.4140625
100827.6640625
100901.4453125
100967.515625
101031.109375
101116.9765625
101207.671875
101286.484375
101358.875
101413.8828125
101494.9765625
101586.6015625
101688.7578125
101795.3203125
101921.5859375
102092.875
102281.75
102561.3671875
