18553.791015625
17416.732421875
16585.05078125
15983.1220703125
15872.08203125
16082.4755859375
16431.943359375
17320.96484375
18135.076171875
18894.318359375
19555.841796875
20179.1015625
20760.771484375
21322.25
21937.13671875
24654.5234375
33962.5703125
42576.32421875
51706.8203125
59042.32421875
64606.16796875
69809.96875
74291.875
77800.078125
80306.84375
81996.3359375
83407.3828125
84586.5859375
85784.390625
87405.609375
88768.1640625
90036.6328125
91072.4453125
91980.34375
92803.546875
93486.6171875
94006.734375
94451.4296875
94841.046875
95150.9765625
95410.5078125
95622.34375
95779.7734375
95919.046875
96026.7265625
96116.09375
96184.7734375
96276.0859375
96389.96875
96510.09375
96633.671875
96746.078125
96849.7734375
96938.5078125
97010.6015625
97079.390625
97132.5
97176.9453125
97211.25
97240.28125
97262.6875
97278.40625
97287.140625
97289.78125
97286.2421875
97277.671875
97295.09375
97343.6015625
97413.4453125
97489.796875
97559.578125
97626.8515625
97687.78125
97742.859375
97794.8515625
97843.21875
97886.9296875
97925.625
97957.6484375
97980.265625
97999.4609375
98020.4609375
98042.59375
98067.953125
98094.4765625
98121.3125
98148.7421875
98176.671875
98206.0
98236.7578125
98265.3046875
98297.1328125
98328.046875
98361.2109375
98406.75
98462.0859375
98522.6796875
98595.3515625
98676.828125
98753.25
98829.125
98901.03125
98962.5
99026.921875
99086.828125
99145.59375
99197.09375
99245.4921875
99289.2109375
99326.3359375
99360.421875
99390.515625
99418.078125
99442.8671875
99462.6328125
99484.8671875
99519.9453125
99550.0390625
99569.171875
99581.9921875
99591.9765625
99598.796875
99604.421875
99609.171875
99613.421875
