25400.0
25400.0
25400.0
25076.625
24865.134765625
24804.609375
24804.609375
24846.583984375
24864.140625
24866.84375
24868.857421875
24870.7421875
24872.529296875
24874.193359375
24875.982421875
24877.90625
24879.123046875
24880.283203125
24881.455078125
24882.412109375
24883.013671875
24881.91796875
24906.908203125
37007.83203125
48927.0546875
55737.26171875
59689.94921875
62886.9375
65368.9140625
68034.2421875
70666.9453125
73432.953125
76833.9921875
80524.2265625
84730.265625
87958.328125
90158.5390625
91262.15625
92507.9296875
94922.65625
97500.0546875
100719.7734375
103262.0
105317.78125
107512.453125
109569.6640625
111611.296875
113512.453125
115468.25
117455.9140625
119374.890625
121309.71875
123119.34375
125074.0703125
126887.609375
128348.8515625
130694.09375
133971.953125
132861.046875
130028.6015625
127835.8671875
125992.3046875
124422.203125
122744.203125
121200.5390625
119812.578125
119009.9765625
118175.6328125
117373.3359375
116670.0
115902.828125
115154.4375
114379.1953125
113730.59375
113268.296875
112934.359375
112701.03125
112756.265625
112995.125
113161.8359375
113311.96875
113522.5234375
113789.546875
114058.6640625
114357.5078125
114638.1875
114910.6328125
115194.140625
115461.8984375
115770.71875
116114.1328125
116431.3828125
116752.90625
117004.5390625
117188.9609375
117295.65625
117339.6328125
117415.1328125
117534.5859375
117694.1171875
117870.65625
118089.28125
118310.828125
118506.8828125
118715.4140625
118848.328125
118956.4921875
119079.4765625
119211.4296875
119332.0859375
119434.828125
119540.515625
119656.640625
119815.65625
119986.4296875
120061.5390625
120089.234375
120082.8046875
120080.34375
120056.015625
120011.734375
119938.71875
119841.1640625
119717.390625
119681.15625
119691.9921875
