25400.0
25400.0
25400.0
25400.0
25400.0
25400.0
25400.0
25400.0
25400.0
25400.0
25400.0
25400.0
25400.0
25400.0
25400.0
25400.0
25400.0
25400.0
25400.0
25400.0
25400.0
25400.0
25400.0
25400.0
25400.0
25400.0
25400.0
25400.0
25400.0
36622.40234375
51346.125
58756.53125
64012.9609375
67984.4375
71622.78125
75345.875
78659.8828125
81747.296875
84893.984375
88357.6953125
91549.5703125
94159.1171875
97055.6171875
99741.3125
102335.8046875
104750.0078125
107276.75
109881.609375
112134.203125
114240.8359375
116157.078125
118095.71875
120281.890625
122251.25
124277.4140625
126109.984375
127954.0390625
129688.953125
131364.640625
132931.375
134272.28125
135724.421875
137144.375
138333.875
139298.078125
140014.484375
140601.4375
143685.046875
143850.6875
143383.0625
143992.015625
147504.84375
150371.625
151099.875
148229.609375
145947.078125
143779.71875
141731.96875
139738.859375
138124.359375
136672.96875
135437.125
134386.8125
133740.03125
133422.3125
133045.390625
132729.984375
132576.296875
132591.34375
132638.65625
132708.34375
132807.0625
132909.234375
133010.3125
133014.34375
132997.46875
132945.71875
132882.5
132826.4375
132830.46875
132776.828125
132665.984375
132476.09375
132242.78125
131957.03125
131663.796875
131352.9375
131037.96875
130717.609375
130377.8046875
130047.9921875
129704.875
129397.6171875
129160.375
128860.4296875
128546.015625
128198.6640625
127844.6484375
127458.9296875
127059.65625
126650.5859375
126221.65625
125801.9609375
125360.703125
