61.2933
71.3737
91.1981
100.314
100.314
102.525
102.525
104.942
142.46
172.017
211.208
221.726
262.404
272.561
279.98
281.088
337.974
414.838
428.917
430.323
438.398
440.207
455.152
456.524
473.503
539.168
559.369
565.293
609.265
611.017
614.616
617.121
649.224
662.65
679.578
682.778
695.014
717.985
750.231
774.118
775.843
806.438
824.939
834.666
839.112
843.738
848.481
858.777
891.987
917.169
932.519
977.911
979.368
1011.35
1013.48
1013.72
1074.63
1081.38
1088.55
1103.11
1104.4
1125.5
1145.57
1147.36
1170.26
1175.48
1177.22
1215.13
1236.47
1239.72
1249.04
1274.44
1288.22
1291.45
1294.8
1301.17
1386.01
1403.77
1420.54
1427.78
1429.15
1429.53
1485.28
1534.57
1562.16
1565.21
1569.86
1576.95
1605.23
1691.87
1698.68
1741.91
1761.56
1764.8
1789.98
1807.13
1808.16
1811.18
1816.49
1817.03
