20000.0
20000.0
20000.0
19999.998046875
20000.0
20000.0
20000.0
20000.0
20000.0
20000.0
20000.0
20000.0
20000.0
20000.0
20000.0
20000.0
20000.0
20000.0
20000.0
20000.0
20000.0
20000.0
20000.0
20000.0
20000.0
20000.0
20000.0
20000.0
20000.0
20000.0
20000.0
20000.0
20000.0
20000.0
20000.0
20000.0
19999.99609375
19998.916015625
19999.98828125
19999.990234375
20000.0
19999.9375
20000.0
19999.9765625
19999.986328125
20000.0
20000.0
20000.0
20000.0
20000.0
19999.994140625
20000.0
19999.982421875
20000.0
20000.0
19999.99609375
19999.943359375
20000.0
20000.0
20000.0
20000.0
20000.0
20000.0
19999.9921875
20000.0
20000.0
20000.0
20000.0
20000.0
20000.0
20000.0
20000.0
20000.0
20000.0
19593.419921875
19078.123046875
18612.966796875
18164.1171875
17739.265625
17374.640625
16993.6796875
16645.14453125
16304.3056640625
15982.890625
15660.6875
15328.4609375
15004.3798828125
14664.201171875
14273.830078125
13943.2294921875
13633.333984375
13360.2158203125
13088.9794921875
12857.8046875
12621.5732421875
12379.4638671875
12136.451171875
11904.17578125
11694.232421875
11487.490234375
11297.7421875
11105.4501953125
10901.3251953125
10710.0029296875
10500.5751953125
10304.41796875
10111.689453125
9936.205078125
9765.9560546875
9602.61328125
9455.2314453125
9315.12109375
9187.447265625
9061.7099609375
8943.1865234375
8839.63671875
8728.734375
8625.890625
8522.8681640625
8425.7314453125
8316.6689453125
8210.5771484375
8109.458984375
8006.978515625
7911.11865234375
7782.7998046875
