20000.0
20000.0
20000.0
20000.0
20000.0
20000.0
20000.0
20000.0
20000.0
20000.0
20000.0
20000.0
20000.0
20000.0
20000.0
20000.0
20000.0
19999.99609375
20000.0
20000.0
20000.0
20000.0
20000.0
20000.0
20000.0
20000.0
20000.0
20000.0
20000.0
20000.0
20000.0
20000.0
20000.0
20000.0
19999.998046875
20000.0
20000.0
19999.912109375
19999.99609375
20000.0
20000.0
20000.0
20000.0
19999.998046875
20000.0
20000.0
19998.13671875
20000.0
20000.0
20000.0
20000.0
20000.0
20000.0
20000.0
20000.0
19999.72265625
20000.0
20000.0
20000.0
20000.0
19999.921875
20000.0
20000.0
20000.0
19999.990234375
20000.0
20000.0
20000.0
20000.0
20000.0
20000.0
20000.0
20000.0
20000.0
20000.0
20000.0
20000.0
19999.994140625
20000.0
20000.0
19791.22265625
19425.9609375
19036.994140625
18654.140625
18271.560546875
17907.12890625
17562.369140625
17223.626953125
16920.1171875
16627.88671875
16352.046875
16112.44140625
15854.2998046875
15609.283203125
15360.689453125
15125.4580078125
14884.037109375
14638.8115234375
14407.1787109375
14173.7958984375
13952.13671875
13725.662109375
13503.4775390625
13307.376953125
13095.55078125
12895.5537109375
12695.0947265625
12507.8662109375
12319.4228515625
12136.7001953125
11964.1474609375
11791.34765625
11621.837890625
11446.662109375
11285.697265625
11161.658203125
11034.576171875
10917.7109375
10801.5263671875
10692.7001953125
10583.830078125
10478.9404296875
10381.232421875
10283.86328125
10191.11328125
10097.0322265625
