20000.0
18794.79296875
17829.40625
17199.173828125
17069.150390625
17621.03515625
18397.166015625
19111.98828125
19775.001953125
20000.0
20000.0
20000.0
20000.0
20000.0
20000.0
19999.677734375
19999.998046875
18262.708984375
16414.044921875
15251.818359375
14198.9462890625
13428.955078125
12926.126953125
12568.462890625
12239.7568359375
11851.7158203125
11510.09375
11207.8994140625
10949.728515625
10745.142578125
10546.4599609375
10375.7353515625
10211.919921875
10052.1650390625
9890.0849609375
9735.3369140625
9595.8232421875
9467.3896484375
9333.025390625
9191.1142578125
9054.0068359375
8935.978515625
8811.3369140625
8695.4658203125
8580.2236328125
8473.126953125
8370.7548828125
8291.853515625
8217.845703125
8142.34521484375
8068.97509765625
7992.31787109375
7915.11962890625
7841.95849609375
7758.83642578125
7680.56396484375
7602.3798828125
7532.2138671875
7460.45361328125
7388.41162109375
7320.41259765625
7253.064453125
7190.91357421875
7129.78857421875
7069.09130859375
7011.39404296875
6942.07177734375
6872.5263671875
6799.51708984375
6727.81396484375
6652.662109375
6577.173828125
6504.23291015625
6430.3623046875
6361.029296875
6292.330078125
6226.68505859375
6169.521484375
6107.05712890625
6046.92529296875
5984.203125
5923.4560546875
5861.7412109375
5801.1162109375
5743.40771484375
5684.87060546875
5629.7880859375
5575.21875
5523.15380859375
5475.24755859375
5417.83349609375
5358.87158203125
5300.39697265625
5246.115234375
5191.88037109375
5139.1484375
5089.96875
5041.17724609375
4995.7177734375
4950.53466796875
4907.05859375
4869.0859375
4828.40576171875
4790.22900390625
4751.794921875
4714.27783203125
4674.18359375
4633.96875
4595.9365234375
4557.775390625
4522.431640625
4488.95947265625
4455.72119140625
4425.63525390625
4392.20947265625
4359.84326171875
4326.51513671875
4294.45068359375
4261.63330078125
4229.35205078125
4198.8408203125
4168.3642578125
4140.37353515625
4112.68505859375
