20000.0
20000.0
20000.0
20000.0
20000.0
20000.0
20000.0
20000.0
20000.0
20000.0
20000.0
20000.0
20000.0
20000.0
20000.0
20000.0
20000.0
20000.0
20000.0
20000.0
20000.0
20000.0
20000.0
19999.3984375
20000.0
20000.0
20000.0
19999.998046875
19999.92578125
20000.0
20000.0
20000.0
20000.0
20000.0
20000.001953125
19791.248046875
19095.916015625
18437.966796875
17855.24609375
17309.515625
16824.30859375
16406.83984375
15973.9716796875
15585.064453125
15201.271484375
14753.0546875
14383.2802734375
14035.8173828125
13718.5625
13415.1708984375
13141.6328125
12871.6181640625
12603.5126953125
12353.583984375
12100.015625
11872.1396484375
11657.9619140625
11463.787109375
11234.30859375
11043.51171875
10888.4384765625
10727.3837890625
10572.42578125
10420.2041015625
10276.955078125
10140.7333984375
9981.935546875
9836.2177734375
9696.291015625
9568.4560546875
9435.4853515625
9287.4150390625
9133.8544921875
8979.2431640625
8847.4228515625
8724.8076171875
8605.89453125
8498.0283203125
8379.5576171875
8269.90625
8166.6650390625
8078.09814453125
7992.25927734375
7907.47509765625
7825.40771484375
7734.6953125
7648.693359375
7564.4560546875
7484.7685546875
7416.48095703125
7344.2353515625
7277.21240234375
7210.91015625
7148.88720703125
7086.28857421875
7022.47216796875
6961.65771484375
6900.046875
6841.63916015625
6782.7744140625
6724.931640625
6678.03759765625
6627.29736328125
6576.19140625
6521.62353515625
6469.482421875
6417.07568359375
6364.70751953125
6313.42333984375
6260.37744140625
6209.8525390625
6155.39697265625
6099.759765625
6049.41845703125
5992.126953125
5933.56201171875
5871.16064453125
5803.22705078125
5729.46435546875
5657.0234375
5590.7158203125
5527.11474609375
5472.1455078125
5423.7265625
