20000.0
20000.0
20000.0
20000.0
20000.0
20000.0
20000.0
20000.0
20000.0
20000.0
20000.0
20000.0
20000.0
20000.0
20000.0
20000.0
20000.0
20000.0
20000.0
20000.0
20000.001953125
20000.0
20000.0
20000.0
19999.9921875
19999.96484375
20000.0
20000.0
20000.0
20000.0
20000.0
20000.0
20000.0
20000.0
20000.0
20000.0
20000.0
20000.0
20000.0
20000.0
19999.94921875
20000.0
19272.501953125
18069.84765625
16884.150390625
15771.814453125
14860.017578125
14015.8017578125
13309.7861328125
12702.208984375
12176.6015625
11711.4033203125
11267.74609375
10877.68359375
10490.8701171875
10090.1875
9738.80078125
9374.2841796875
9051.37109375
8730.2392578125
8436.26171875
8145.79736328125
7871.51611328125
7615.2001953125
7362.208984375
7131.24169921875
6903.46728515625
6678.65283203125
6476.15185546875
6270.0654296875
6088.2392578125
5915.58544921875
5752.5546875
5596.08544921875
5460.83154296875
5352.76708984375
5248.81103515625
5151.3212890625
5051.2265625
4937.4658203125
4844.578125
4755.3857421875
4679.37255859375
4609.103515625
4547.05712890625
4488.0634765625
4431.27490234375
4376.96923828125
4323.0322265625
4274.58544921875
4228.0107421875
4184.43017578125
4147.45556640625
4109.255859375
4074.61279296875
4040.72119140625
4009.65185546875
3978.849853515625
3949.3271484375
3921.934814453125
3894.983642578125
3870.081787109375
3845.509765625
3822.096923828125
3801.781982421875
3780.265869140625
3760.167724609375
3740.058349609375
3720.77099609375
3700.825927734375
3680.70703125
3661.05615234375
3640.536376953125
3620.537353515625
3599.7646484375
3578.946044921875
3560.111083984375
3539.2734375
3519.130615234375
3497.271484375
3475.121337890625
3451.301025390625
3426.748291015625
3402.4951171875
3377.08544921875
3352.2314453125
3326.478515625
