20000.0
20000.0
20000.0
20000.0
20000.0
20000.0
20000.0
20000.0
20000.0
20000.0
20000.0
20000.0
20000.0
20000.0
20000.0
20000.0
20000.0
20000.0
20000.0
20000.0
20000.0
20000.0
20000.0
20000.0
20000.0
20000.0
20000.0
20000.0
20000.0
20000.0
20000.0
20000.0
19999.9609375
19999.99609375
19999.998046875
20000.0
19999.986328125
20000.0
20000.0078125
20000.0
20000.00390625
19999.994140625
20000.0
20000.0
20000.0
20000.0
20000.0
19999.857421875
20000.0
20000.0
20000.0
20000.0
19483.26171875
19034.83203125
18563.70703125
18135.041015625
17718.490234375
17343.974609375
16987.16796875
16666.142578125
16384.86328125
16109.4794921875
15851.3330078125
15494.755859375
15198.63671875
14962.6533203125
14704.4677734375
14413.53515625
14131.7373046875
13818.8359375
13476.013671875
13158.2275390625
12869.7275390625
12578.6943359375
12282.802734375
11966.2802734375
11706.6728515625
11502.1435546875
11295.794921875
11100.6171875
10898.916015625
10705.0126953125
10503.3232421875
10304.4404296875
10122.513671875
9946.9267578125
9784.1337890625
9619.3779296875
9459.6728515625
9317.7451171875
9165.0458984375
9021.0234375
8875.37109375
8738.3857421875
8602.0361328125
8464.5908203125
8336.96875
8210.0634765625
8090.05029296875
7968.51171875
7848.6533203125
7740.12158203125
7619.03173828125
7499.67822265625
7374.42578125
7253.1796875
7128.662109375
7006.87353515625
6887.7744140625
6766.3447265625
6653.81201171875
6542.4140625
6435.79248046875
6343.53173828125
6246.28662109375
6156.6259765625
6068.0439453125
5985.8349609375
5904.361328125
5828.56005859375
5759.958984375
5691.48681640625
5623.79443359375
5553.41845703125
