20000.0
20000.0
20000.0
20000.0
20000.0
20000.0
20000.0
20000.0
20000.0
20000.0
20000.0
20000.0
20000.0
20000.0
20000.0
20000.0
20000.0
20000.0
20000.00390625
20000.0
20000.0
20000.0
19999.94921875
20000.0
19871.640625
19028.255859375
18326.201171875
17702.173828125
17150.376953125
16682.564453125
16232.4599609375
15828.9482421875
15423.05078125
15046.794921875
14675.6015625
14322.6220703125
13999.287109375
13687.619140625
13406.2109375
13137.8955078125
12888.595703125
12662.41015625
12403.6171875
12149.62109375
11892.02734375
11652.8232421875
11417.740234375
11195.0185546875
10989.6220703125
10780.9072265625
10581.931640625
10381.322265625
10211.3154296875
10071.1123046875
9918.517578125
9773.9140625
9629.291015625
9500.5869140625
9365.5615234375
9230.4111328125
9072.9287109375
8912.8037109375
8771.70703125
8630.88671875
8489.6318359375
8365.787109375
8236.4013671875
8107.43017578125
7972.3173828125
7845.10791015625
7718.64990234375
7597.31689453125
7477.03515625
7365.8330078125
7264.76220703125
7165.85595703125
7070.2119140625
6986.5625
6896.3974609375
6798.12353515625
6684.42724609375
6582.1396484375
6488.72265625
6404.6181640625
6325.69482421875
6240.31103515625
6154.978515625
6067.1767578125
5978.9853515625
5900.09228515625
5814.89404296875
5735.35009765625
5655.9658203125
5577.91552734375
5500.5322265625
5428.861328125
5363.09130859375
5298.390625
5239.4287109375
5182.07763671875
5126.8125
5077.5732421875
5023.369140625
4971.2783203125
4916.09716796875
4859.66015625
4800.9306640625
4742.79736328125
4687.0146484375
4630.095703125
4577.45263671875
4526.6533203125
4476.73583984375
4431.69775390625
4381.9033203125
4338.12548828125
4292.76513671875
4250.390625
4207.771484375
4165.900390625
4126.2294921875
4086.211181640625
4049.2490234375
4012.906005859375
