20000.0
20000.0
20000.0
20000.0
20000.0
20000.0
20000.0
20000.0
20000.0
20000.0
20000.0
20000.0
20000.0
20000.0
20000.0
20000.0
20000.0
20000.0
20000.0
20000.0
20000.0
20000.0
20000.0
20000.0
20000.0
20000.0
20000.0
20000.0
20000.0
20000.0
19999.962890625
20000.0
20000.0
19999.982421875
20000.0
20000.0
20000.0
20000.0
20000.0
19999.978515625
20000.0
20000.0
20000.0
20000.0
20000.0
20000.0
20000.0
19969.5625
19478.990234375
18979.3671875
18494.220703125
18010.662109375
17556.009765625
17171.939453125
16777.810546875
16428.0625
16095.236328125
15783.697265625
15389.796875
15076.4560546875
14770.3125
14483.72265625
14231.2255859375
13989.6806640625
13764.427734375
13572.2421875
13360.0205078125
13162.6171875
12963.140625
12778.3466796875
12605.6474609375
12417.111328125
12220.8056640625
12043.6064453125
11884.525390625
11718.9375
11532.8857421875
11372.21484375
11216.013671875
11071.802734375
10914.2109375
10765.6572265625
10625.96875
10503.548828125
10398.2392578125
10289.076171875
10172.0009765625
10039.953125
9905.328125
9784.3759765625
9655.365234375
9542.796875
9440.6474609375
9347.3076171875
9255.2734375
9163.2783203125
9070.6953125
8976.9423828125
8889.80078125
8803.6484375
8719.0517578125
8643.39453125
8559.7900390625
8478.6650390625
8394.6943359375
8312.4521484375
8222.6875
8131.5810546875
8042.47216796875
7949.79345703125
7860.11865234375
7766.9404296875
7673.66259765625
7591.255859375
7501.609375
7415.8125
7328.4658203125
7243.431640625
7154.7607421875
7067.0546875
6982.0283203125
6893.939453125
6815.11083984375
6730.9228515625
