20000.0
20000.0
20000.0
20000.0
20000.0
20000.0
20000.0
20000.0
20000.0
20000.0
20000.0
20000.0
20000.0
20000.0
20000.0
20000.0
20000.0
20000.0
20000.0
20000.0
20000.0
20000.0
20000.0
20000.0
20000.0
20000.0
20000.0
20000.0
20000.0
20000.0
20000.0
20000.0
19999.99609375
19999.9921875
20000.0
19999.998046875
20000.0
20000.0
20000.0
20000.0
20000.0
19999.99609375
20000.001953125
20000.0
20000.0
20000.0
20000.0
20000.0
20000.0
19999.99609375
19999.99609375
20000.0
20000.0
20000.0
20000.0
19999.99609375
19999.99609375
20000.0
19999.998046875
20000.0
20000.0
20000.0
20000.0
19999.998046875
20000.0
20000.0
20000.0
20000.0
20000.0
20000.0
20000.0
20000.0
20000.0
20000.0
20000.0
20000.0
19737.716796875
18992.453125
18247.041015625
17398.623046875
16722.3671875
16090.279296875
15512.8173828125
14972.373046875
14452.1787109375
13957.4033203125
13471.1845703125
13022.5458984375
12582.177734375
12169.2333984375
11814.9326171875
11441.5361328125
11102.232421875
10768.8359375
10457.169921875
10143.9501953125
9842.572265625
9561.515625
9278.4375
9010.2421875
8725.033203125
8445.1826171875
8204.5830078125
7951.9765625
7719.37939453125
7492.28173828125
7284.04296875
7089.53125
6906.798828125
6737.52783203125
6567.84814453125
6408.09423828125
6248.25341796875
6096.04638671875
5963.25830078125
5823.98291015625
5690.4619140625
5557.1220703125
5431.80078125
5301.26708984375
5172.09326171875
5049.9130859375
4927.59375
4814.51025390625
4703.03564453125
