18856.25390625
17656.615234375
16557.70703125
16034.359375
15708.490234375
15607.9931640625
15924.8759765625
16347.5673828125
16807.5390625
17241.98046875
17667.052734375
18065.794921875
18426.060546875
18775.302734375
19094.0859375
19407.865234375
19709.505859375
19975.30859375
20000.0
20000.0
20000.0
20000.0
20000.0
18386.646484375
16656.087890625
15257.2763671875
14340.732421875
13621.9189453125
12971.298828125
12446.642578125
11939.4736328125
11511.138671875
11120.2734375
10781.0595703125
10466.6474609375
10181.0205078125
9923.650390625
9663.5576171875
9431.994140625
9220.7021484375
9026.248046875
8860.8994140625
8692.263671875
8536.201171875
8384.64453125
8250.5556640625
8143.25634765625
8059.1416015625
7983.37548828125
7913.6201171875
7849.10205078125
7784.32861328125
7721.52880859375
7667.3720703125
7610.8876953125
7558.373046875
7505.53076171875
7455.412109375
7404.4580078125
7354.29931640625
7306.52978515625
7257.93359375
7211.802734375
7167.7236328125
7127.359375
7092.40380859375
7055.1513671875
7020.48779296875
6986.12744140625
6954.20263671875
6922.61181640625
6891.32763671875
6860.57763671875
6828.66259765625
6797.79931640625
6766.060546875
6734.59423828125
6706.38818359375
6670.0771484375
6632.73828125
6594.34375
6558.3544921875
6522.66845703125
6488.435546875
6456.44091796875
6423.88671875
6392.60693359375
6360.52978515625
6328.81591796875
6300.5517578125
6269.79443359375
6240.5810546875
6211.03955078125
6183.06787109375
6154.806640625
6127.14453125
6101.009765625
6074.6923828125
6049.80224609375
6024.552734375
5999.69091796875
5977.53955078125
5953.3837890625
5930.30908203125
5906.76220703125
5884.2255859375
5861.2109375
5838.44482421875
5816.33056640625
5793.28466796875
5771.13818359375
5748.4404296875
5726.12060546875
5706.119140625
5684.2705078125
5663.3427734375
5641.9541015625
5621.51806640625
5600.65625
5580.0791015625
5560.42041015625
5540.39794921875
5521.2919921875
5501.84619140625
