20000.0
20000.0
20000.0
20000.0
20000.0
20000.0
20000.0
20000.0
20000.0
20000.0
20000.0
20000.0
20000.0
20000.0
20000.0
20000.0
20000.0
20000.0
20000.0
20000.0
20000.0
20000.0
20000.0
20000.0
20000.0
20000.0
20000.0
20000.0
20000.0
20000.0
20000.0
20000.0
20000.0
20000.0
20000.0
20000.0
20000.0
20000.0
20000.0
20000.0
20000.0
20000.0
19999.998046875
20000.01171875
19999.9375
20000.0
20000.0
19999.333984375
19999.96875
20000.0
19999.994140625
20000.005859375
19999.83984375
19999.99609375
20000.0
19999.998046875
20000.0
20000.0
20000.0
19999.998046875
20000.0
20000.0
19999.927734375
20000.0
20000.0
20000.0
20000.0
20000.0
20000.0
20000.0
20000.0
20000.0
20000.0
20000.0
20000.0
20000.0
20000.0
20000.0
20000.0
20000.0
20000.0
20000.0
20000.0
20000.0
20000.0
20000.0
20000.0
20000.0
20000.0
20000.0
20000.0
19761.0703125
19477.671875
19182.732421875
18813.60546875
18506.578125
18236.0546875
17996.59375
17767.47265625
17560.796875
17358.734375
17165.80859375
16997.95703125
16812.802734375
16646.525390625
16481.9453125
16313.0439453125
16143.86328125
15974.3515625
15798.611328125
15593.9140625
15393.2001953125
15193.3466796875
15003.853515625
14840.6025390625
14638.8212890625
14452.4248046875
14280.6943359375
14128.23046875
13981.26953125
13842.845703125
13710.0576171875
13565.4521484375
13413.4482421875
13251.388671875
