20000.0
20000.0
20000.0
20000.0
20000.0
20000.0
20000.0
20000.0
20000.0
20000.0
20000.0
20000.0
20000.0
20000.0
20000.0
20000.0
20000.0
20000.0
20000.0
20000.0
20000.0
20000.0
20000.0
20000.0
19999.99609375
19999.9921875
19999.91796875
19999.70703125
20000.0
20000.0
20000.0
19999.998046875
20000.0
20000.0
20000.0
20000.0
20000.0
20000.0
20000.0
20000.0
20000.0
19999.998046875
20000.0
20000.0
20000.0
19999.986328125
20000.0
20000.0
20000.0
20000.0
20000.0
20000.0
20000.0
20000.0
20000.0
20000.0
19667.89453125
19205.59375
18741.21484375
18222.453125
17746.505859375
17360.736328125
17019.640625
16707.603515625
16367.1337890625
16038.3076171875
15736.92578125
15424.6953125
15146.2890625
14865.322265625
14605.8203125
14351.67578125
14103.1591796875
13872.9892578125
13643.7998046875
13440.1591796875
13252.8330078125
13079.43359375
12927.0322265625
12766.9794921875
12622.638671875
12480.8251953125
12347.7392578125
12213.8662109375
12081.8173828125
11962.705078125
11840.0458984375
11728.298828125
11616.3701171875
11503.708984375
11401.1201171875
11286.6640625
11178.314453125
11068.708984375
10959.224609375
10848.7939453125
10741.7958984375
10640.3232421875
10536.6240234375
10436.935546875
10333.7294921875
10229.1943359375
10133.974609375
10028.53125
9927.484375
9823.5498046875
9723.705078125
9622.1474609375
9522.318359375
9426.416015625
9326.4501953125
9227.9697265625
9125.2412109375
9023.3623046875
8931.4384765625
8829.171875
8729.9130859375
8628.08203125
8531.607421875
8436.478515625
8341.4091796875
8248.1123046875
8150.4619140625
8055.287109375
7956.13330078125
