20000.0
20000.0
20000.0
20000.0
20000.0
20000.0
20000.0
20000.0
20000.0
20000.0
20000.0
20000.0
20000.0
20000.0
20000.0
20000.0
20000.0
20000.0
20000.0
20000.0
20000.0
20000.0
20000.0
20000.0
20000.0
20000.0
20000.0
20000.0
19999.84375
20000.013671875
20000.0
20000.0
20000.00390625
20000.0
20000.0
20000.0
20000.0
20000.0
20000.02734375
20000.0
20000.005859375
20000.0
20000.0
20000.0
20000.0
20000.0
19596.744140625
19161.728515625
18758.09765625
18362.095703125
17997.4140625
17648.400390625
17316.728515625
17023.453125
16714.794921875
16429.859375
16147.5830078125
15884.595703125
15624.1513671875
15374.7021484375
15144.9443359375
14920.5732421875
14711.6552734375
14501.9189453125
14300.525390625
14124.9814453125
13939.0849609375
13771.33984375
13607.150390625
13454.9375
13304.6650390625
13113.2470703125
12950.3671875
12801.9052734375
12667.369140625
12532.4990234375
12406.140625
12303.3701171875
12192.361328125
12087.4208984375
11980.775390625
11880.33984375
11782.1298828125
11669.0654296875
11533.205078125
11407.732421875
11304.1748046875
11212.23828125
11126.611328125
11054.17578125
10972.388671875
10896.583984375
10828.3232421875
10769.02734375
10713.10546875
10661.52734375
10613.423828125
10556.6923828125
10503.0458984375
10450.2314453125
10395.0791015625
10342.3671875
10284.76171875
10231.99609375
10181.9736328125
10136.77734375
10094.1279296875
10054.1572265625
10018.181640625
9981.4453125
9945.533203125
9909.0703125
9872.9208984375
9840.5634765625
9803.8271484375
9767.4619140625
9729.607421875
9692.3203125
9654.1162109375
9617.033203125
9582.5791015625
9548.9921875
9518.451171875
9487.982421875
