20000.0
20000.0
20000.0
20000.0
20000.0
20000.0
20000.0
20000.0
20000.0
20000.0
20000.0
20000.0
20000.0
20000.0
20000.0
20000.0
20000.0
20000.0
20000.0
20000.0
20000.0
20000.0
20000.0
20000.0
20000.0
20000.0
20000.0
20000.0
20000.0
20000.0
20000.0
20000.0
20000.0
19999.998046875
19999.74609375
20000.0
20000.0
20000.0
20000.0
20000.0
20000.0
20000.0
20000.005859375
20000.0
20000.0
20000.001953125
19999.998046875
20000.0
20000.0
20000.0
20000.0
20000.0
20000.0
20000.0
20000.0
19999.99609375
19999.998046875
19999.99609375
20000.0
20000.0
20000.0
19999.998046875
19999.896484375
20000.0
20000.0
20000.0
20000.0
20000.0
20000.0
20000.0
20000.0
20000.0
20000.0
20000.0
20000.0
20000.0
20000.0
19921.453125
19251.017578125
18535.84765625
17728.447265625
17023.55859375
16384.576171875
15804.4150390625
15296.125
14813.4423828125
14326.9501953125
13874.798828125
13465.8916015625
13128.09765625
12768.2333984375
12428.7490234375
12085.474609375
11762.01953125
11445.0908203125
11143.75390625
10854.6591796875
10559.826171875
10280.4794921875
9999.8583984375
9730.4736328125
9493.677734375
9243.91796875
9008.9970703125
8772.984375
8550.8017578125
8327.7353515625
8113.01904296875
7915.291015625
7722.25
7546.0859375
7373.63720703125
7207.279296875
7063.0673828125
6911.0693359375
6770.54443359375
6630.88818359375
6499.55419921875
6369.70556640625
6245.1201171875
6129.2646484375
6014.41015625
5908.4013671875
5807.2890625
