20000.0
20000.0
20000.0
20000.0
20000.0
20000.0
20000.0
20000.0
20000.0
20000.0
20000.0
20000.0
20000.0
20000.0
20000.0
20000.0
20000.0
20000.0
20000.0
20000.0
20000.0
20000.0
20000.0
20000.0
20000.0
20000.0
20000.0
20000.0
20000.0
20000.0
20000.0
20000.0
19999.998046875
20000.0
20000.0
20000.0
20000.0
20000.0
20000.0
20000.0
19999.994140625
20000.0
20000.0
20000.0
20000.0
20000.0
20000.0
20000.0
20000.0
20000.0
19999.998046875
20000.0
20000.0
20000.0
20000.0
20000.0
20000.0
20000.0
20000.0
20000.0
20000.0
20000.0
20000.0
20000.0
20000.0
20000.0
19840.919921875
19383.25390625
18959.51171875
18542.0
18108.509765625
17635.671875
17250.46875
16913.08203125
16579.607421875
16251.689453125
15925.328125
15617.2275390625
15350.60546875
15059.265625
14777.7529296875
14488.72265625
14213.2216796875
13912.4794921875
13622.55859375
13369.796875
13123.7607421875
12896.5361328125
12670.9169921875
12431.2958984375
12187.4267578125
11916.3037109375
11685.8818359375
11466.685546875
11274.7060546875
11095.19140625
10926.8291015625
10766.26171875
10601.146484375
10444.8349609375
10288.0107421875
10125.0029296875
9975.5244140625
9812.5244140625
9660.4140625
9508.1640625
9364.666015625
9221.90234375
9084.6484375
8952.732421875
8819.5810546875
8696.4619140625
8573.552734375
8454.4462890625
8347.87109375
8229.3857421875
8114.81396484375
7997.23876953125
7884.74658203125
7769.4912109375
7654.37060546875
7542.6328125
7427.22705078125
7317.1044921875
7204.60107421875
