20000.0
20000.0
20000.0
20000.0
20000.0
20000.0
20000.0
20000.0
20000.0
20000.0
20000.0
20000.0
20000.0
20000.0
20000.0
20000.0
20000.0
20000.0
20000.0
20000.0
20000.0
20000.0
20000.0
20000.0
20000.0
20000.0
20000.0
20000.0
20000.0
20000.0
20000.0
20000.0
20000.0
20000.0
20000.0
20000.0
20000.0
20000.0
20000.0
20000.009765625
20000.0
20000.0
20000.001953125
20000.0
19999.99609375
20000.0
20000.0
19999.994140625
20000.009765625
20000.00390625
20000.0
20000.001953125
20000.0
20000.0
20000.0
20000.0
20000.0
20000.0
20000.0
20000.0
20000.0
20000.0
20000.0
20000.0
20000.0
20000.0
20000.0
20000.0
19999.994140625
20000.0
20000.0
20000.0
20000.0
20000.0
20000.0
20000.0
20000.0
19876.724609375
19440.935546875
18935.638671875
18537.654296875
18132.03125
17769.603515625
17431.896484375
17130.57421875
16887.421875
16633.30859375
16330.46484375
16009.044921875
15701.044921875
15434.880859375
15076.439453125
14727.0654296875
14379.5751953125
14053.8779296875
13732.3798828125
13430.8427734375
13148.306640625
12881.603515625
12633.111328125
12392.5654296875
12163.70703125
11966.30859375
11757.404296875
11563.8603515625
11373.845703125
11197.6572265625
11021.703125
10854.029296875
10697.4404296875
10540.3544921875
10391.2548828125
10240.3095703125
10090.2587890625
9956.2783203125
9810.5732421875
9671.4541015625
9529.1767578125
9394.318359375
9255.3515625
9113.4287109375
8975.63671875
8835.3955078125
8702.3720703125
8566.943359375
