20000.0
20000.0
20000.0
20000.0
20000.0
20000.0
20000.0
20000.0
20000.0
20000.0
20000.0
20000.0
20000.0
20000.0
20000.0
20000.0
20000.0
20000.0
20000.0
20000.0
20000.0
19999.998046875
20000.0
19999.99609375
20000.0
20000.0
19999.962890625
20000.0
20000.0
20000.0
19452.869140625
18659.857421875
17794.416015625
16874.060546875
16155.4736328125
15547.6484375
14994.0888671875
14566.1728515625
14128.9931640625
13579.626953125
13135.5517578125
12771.4150390625
12412.984375
12120.7041015625
11840.8291015625
11581.779296875
11330.3974609375
11112.8330078125
10913.1455078125
10728.484375
10563.15625
10403.98046875
10255.859375
10107.5166015625
9965.98046875
9842.7900390625
9707.552734375
9578.09765625
9446.8671875
9322.8896484375
9203.1123046875
9087.427734375
8977.2431640625
8866.2353515625
8763.181640625
8662.654296875
8567.544921875
8486.2841796875
8400.935546875
8322.033203125
8244.625
8172.92919921875
8102.009765625
8034.125
7971.1806640625
7908.837890625
7851.9365234375
7795.419921875
7740.01806640625
7691.69775390625
7639.5673828125
7590.568359375
7541.3857421875
7494.96923828125
7447.65869140625
7401.18505859375
7356.93701171875
7311.93798828125
7268.9677734375
7225.3662109375
7181.36865234375
7142.2333984375
7099.3203125
7058.1611328125
7016.10888671875
6975.748046875
6934.158203125
6892.791015625
6853.06005859375
6812.96875
6775.64404296875
6736.56494140625
6696.65869140625
6660.2138671875
6618.89501953125
6576.82275390625
6530.06396484375
6483.52197265625
6434.81298828125
6386.72802734375
6341.12890625
6294.154296875
6249.03662109375
6206.48681640625
6163.8212890625
6124.61962890625
6082.1435546875
6042.337890625
6004.52880859375
5971.0009765625
5938.12255859375
5906.67236328125
5876.3876953125
5844.6357421875
5809.35791015625
5757.7685546875
