20000.0
20000.0
20000.0
20000.0
20000.0
20000.0
20000.0
20000.0
20000.0
20000.0
20000.0
20000.0
20000.0
20000.0
20000.0
20000.0
20000.0
20000.0
20000.0
20000.0
20000.0
20000.0
20000.0
20000.0
20000.0
20000.0
20000.0
19997.0703125
20000.0
20000.00390625
20000.0
20000.0
19999.96875
20000.0
20000.0
20000.0
20000.0
20000.005859375
20000.0
20000.0
20000.0
20000.0
20000.0
20000.0
20000.0
20000.0
20000.0
20000.0
20000.0
20000.0
19322.5390625
18660.763671875
18092.388671875
17621.34765625
17142.79296875
16772.962890625
16436.529296875
15968.259765625
15540.796875
15088.0009765625
14744.9462890625
14369.525390625
14030.8857421875
13731.044921875
13446.6953125
13182.7509765625
12902.2763671875
12672.8818359375
12462.451171875
12274.333984375
12093.50390625
11930.9755859375
11788.6796875
11650.357421875
11527.0595703125
11404.48828125
11284.6376953125
11179.0888671875
11066.974609375
10962.7080078125
10858.9013671875
10761.4306640625
10658.986328125
10555.091796875
10457.9951171875
10361.8564453125
10273.5751953125
10186.6220703125
10103.251953125
10031.2431640625
9954.7724609375
9883.55078125
9812.8623046875
9747.11328125
9681.333984375
9614.5029296875
9548.6220703125
9481.525390625
9417.94921875
9353.78515625
9291.6142578125
9236.5927734375
9176.849609375
9119.6845703125
9061.166015625
9006.0546875
8949.892578125
8894.86328125
8842.1708984375
8788.5634765625
8736.85546875
8682.7802734375
8627.533203125
8577.0791015625
8521.4453125
8467.1533203125
8410.09765625
8354.0546875
8292.271484375
8228.7041015625
8166.873046875
8102.14697265625
8038.53076171875
7971.728515625
