20000.0
20000.0
20000.0
20000.0
20000.0
20000.0
20000.0
20000.0
20000.0
20000.0
20000.0
20000.0
20000.0
20000.0
20000.0
20000.0
20000.0
20000.0
20000.0
20000.0
20000.0
20000.0
20000.0
20000.0
20000.0
20000.0
19999.998046875
20000.00390625
20000.0
20000.0
19999.986328125
20000.0
20000.0
20000.0
19999.998046875
20000.0
20000.0
19999.998046875
19999.998046875
19999.966796875
20000.0
20000.0
19959.255859375
19410.900390625
18887.03515625
18413.095703125
17956.224609375
17532.26953125
17150.36328125
16779.44140625
16444.048828125
16067.9677734375
15653.9482421875
15359.6357421875
15072.353515625
14816.8134765625
14547.29296875
14287.208984375
14028.8154296875
13782.736328125
13570.90625
13376.7568359375
13184.0869140625
12989.607421875
12790.107421875
12574.4365234375
12352.2822265625
12169.435546875
12015.09375
11886.3662109375
11760.6708984375
11644.123046875
11537.634765625
11433.6767578125
11339.064453125
11244.7265625
11139.23046875
11040.16796875
10937.572265625
10842.9580078125
10749.7734375
10660.150390625
10568.1259765625
10478.9814453125
10398.5166015625
10321.72265625
10250.3916015625
10175.0361328125
10098.6181640625
10029.4306640625
9953.8486328125
9882.109375
9810.9375
9744.51953125
9678.2431640625
9615.134765625
9556.974609375
9496.9853515625
9438.9716796875
9379.6552734375
9321.888671875
9271.328125
9217.345703125
9166.8583984375
9116.681640625
9068.947265625
9020.111328125
8971.8466796875
8925.87109375
8879.32421875
8834.900390625
8790.41796875
8747.1640625
8708.3701171875
8664.7177734375
8623.322265625
8582.4287109375
8543.0087890625
8502.07421875
8461.2314453125
8421.6572265625
8380.9921875
8342.04296875
8302.462890625
