20000.0
20000.0
20000.0
20000.0
20000.0
20000.0
20000.0
20000.0
20000.0
20000.0
20000.0
20000.0
20000.0
20000.0
20000.0
20000.0
20000.0
20000.0
20000.0
20000.0
20000.0
20000.0
20000.0
20000.0
20000.0
20000.0
20000.0
20000.0
20000.0
20000.0
20000.0
20000.0
20000.0
19999.93359375
20000.0
20000.0
20000.0
19999.916015625
20000.0
20000.0
20000.0
20000.0
20000.0
20000.0
20000.0
20000.0
20000.0
20000.0
20000.0
20000.0
20000.0
20000.0
20000.0
20000.0
20000.0
20000.0078125
20000.0
20000.0
20000.0
19999.98828125
20000.0
20000.0
19999.998046875
19999.998046875
20000.0
20000.0
20000.0
20000.0
19999.708984375
19103.98828125
18209.822265625
17295.0625
16421.2734375
15668.939453125
14967.1533203125
14357.5361328125
13786.3955078125
13271.166015625
12830.9287109375
12370.7626953125
11942.5439453125
11511.13671875
11109.7890625
10715.9716796875
10355.990234375
10022.4013671875
9686.7568359375
9379.2314453125
9074.8798828125
8779.9482421875
8525.7451171875
8258.5517578125
8008.384765625
7764.8046875
7548.72802734375
7343.48681640625
7149.64501953125
6971.07861328125
6809.91845703125
6659.73681640625
6507.2509765625
6359.3291015625
6230.77734375
6094.3798828125
5967.6337890625
5842.5537109375
5732.2431640625
5621.36474609375
5515.974609375
5417.77685546875
5320.97998046875
5231.61083984375
5143.89990234375
5059.95068359375
4986.97705078125
4909.83056640625
4838.4072265625
4767.91748046875
4703.63525390625
4640.6259765625
4580.177734375
4523.5400390625
4467.21826171875
4414.7568359375
4362.57861328125
