20000.0
20000.0
20000.0
20000.0
20000.0
20000.0
20000.0
20000.0
20000.0
20000.0
20000.0
20000.0
20000.0
20000.0
20000.0
20000.0
20000.0
20000.0
20000.0
20000.0
20000.0
20000.0
20000.0
20000.0
19999.3203125
19996.5625
19999.931640625
19999.9609375
20000.0
20000.0
20000.0
20000.0
20000.0
20000.0
19999.998046875
20000.0
20000.0
20000.0
20000.0
20000.0
20000.0
20000.0
20000.0
20000.0
20000.0
20000.0
20000.0
19802.837890625
19187.703125
18693.798828125
17864.451171875
17180.41796875
16613.94140625
16093.6708984375
15629.619140625
15143.3359375
14726.8525390625
14353.263671875
14040.373046875
13756.544921875
13497.05078125
13282.7626953125
13073.6357421875
12880.3310546875
12686.7822265625
12502.09375
12341.7802734375
12170.76953125
12008.7138671875
11848.107421875
11703.41796875
11560.4140625
11421.90234375
11292.1259765625
11158.875
11031.75390625
10901.583984375
10772.6279296875
10657.845703125
10532.8154296875
10412.8291015625
10289.6279296875
10171.2841796875
10050.767578125
9931.5380859375
9816.4306640625
9698.2412109375
9584.2236328125
9464.5107421875
9336.02734375
9225.072265625
9109.6201171875
8995.8564453125
8877.30859375
8759.4599609375
8639.947265625
8522.5791015625
8410.9482421875
8297.171875
8188.70263671875
8078.64794921875
7970.7685546875
7873.68359375
7762.359375
7646.18359375
7526.5458984375
7413.2109375
7298.4560546875
7186.326171875
7086.64013671875
6990.556640625
6898.4736328125
6802.53662109375
6704.41845703125
6615.39892578125
6521.947265625
6439.44140625
6362.97021484375
6296.3544921875
6229.4248046875
6163.71533203125
6101.0439453125
6037.048828125
5975.70751953125
5913.18701171875
