20000.0
20000.0
20000.0
20000.0
20000.0
20000.0
20000.0
20000.0
20000.0
20000.0
20000.0
20000.0
20000.0
20000.0
20000.0
20000.0
20000.0
20000.0
20000.0
20000.0
20000.0
20000.0
20000.0
20000.0
20000.0
20000.0
20000.0
20000.0
20000.0
20000.0
20000.0
19999.951171875
19999.998046875
20000.0
20000.0
20000.0
19999.99609375
20000.0
20000.0
20000.0
20000.0
20000.0
20000.0
20000.0
20000.0
20000.0
20000.0
20000.0
20000.0
20000.0
20000.0
20000.0
19999.998046875
20000.0
19645.34375
19005.658203125
18408.732421875
17829.806640625
17307.693359375
16810.27734375
16351.1435546875
15935.1083984375
15530.8701171875
15152.533203125
14775.3017578125
14423.359375
14115.6455078125
13802.376953125
13516.8232421875
13206.5517578125
12869.884765625
12574.73046875
12303.232421875
12057.5
11816.6494140625
11569.5556640625
11319.3017578125
11086.8837890625
10893.0400390625
10703.880859375
10544.650390625
10398.79296875
10257.712890625
10090.642578125
9927.7275390625
9779.140625
9634.3544921875
9501.859375
9375.138671875
9257.2431640625
9158.10546875
9056.0751953125
8960.01953125
8862.7666015625
8771.7900390625
8680.3291015625
8590.7333984375
8507.2900390625
8424.646484375
8347.9833984375
8271.5625
8196.9541015625
8130.99169921875
8061.01318359375
7993.65380859375
7924.7587890625
7857.765625
7789.06884765625
7722.5068359375
7659.46142578125
7595.9619140625
7533.7900390625
7469.06640625
7403.58837890625
7344.103515625
7271.4296875
7198.96142578125
7122.1240234375
7046.634765625
6968.044921875
6885.00439453125
6796.13720703125
6705.7099609375
6623.76904296875
6545.03271484375
