20000.0
20000.0
20000.0
20000.0
20000.0
20000.0
20000.0
20000.0
20000.0
20000.0
20000.0
20000.0
20000.0
20000.0
20000.0
20000.0
20000.0
20000.0
20000.0
20000.0
20000.0
20000.0
20000.0
20000.0
20000.0
20000.0
20000.0
20000.0
20000.0
20000.0
20000.0
20000.0
20000.0
20000.0
20000.0
20000.0
20000.0
20000.0
20000.0
20000.0
20000.0
20000.0
20000.0
20000.0
20000.0
19999.99609375
20000.0
20000.0
20000.0
20000.0078125
19999.572265625
20000.0
20000.0
20000.0
20000.005859375
20000.0
20000.0
20000.0
20000.0
20000.0
19999.98828125
20000.0
20000.0
20000.0
20000.0
20000.0
20000.0078125
20000.0
20000.0
20000.0
20000.001953125
20000.0
20000.0
19999.998046875
20000.0
19999.99609375
20000.0
20000.0
20000.0
20000.0
20000.0
20000.0
20000.0
20000.0
19999.990234375
19999.990234375
20000.0
18707.130859375
17530.14453125
16679.494140625
15877.20703125
15167.703125
14430.26171875
13708.875
13039.984375
12425.0888671875
11880.4521484375
11366.02734375
10908.0087890625
10473.7666015625
10071.3935546875
9734.0947265625
9378.771484375
9052.4501953125
8741.08984375
8455.6298828125
8170.28759765625
7902.53564453125
7662.75048828125
7430.68701171875
7220.4921875
7023.8046875
6844.4599609375
6695.3134765625
6538.025390625
6394.1279296875
6254.48046875
6126.65966796875
6000.970703125
5880.56298828125
5769.16748046875
5659.46875
5558.1337890625
5457.98046875
