20000.0
20000.0
20000.0
20000.0
20000.0
20000.0
20000.0
20000.0
20000.0
20000.0
20000.0
20000.0
20000.0
20000.0
20000.0
20000.0
20000.0
20000.0
20000.0
20000.0
20000.0
20000.0
20000.0
20000.0
20000.0
20000.0
20000.0
20000.00390625
20000.0
20000.0
20000.0
20000.0
20000.0
20000.0
20000.0
20000.0
20000.0
20000.0
20000.0
19999.98046875
20000.0
20000.0
20000.0
20000.0
20000.0
20000.0
20000.0
20000.0
20000.0
20000.0
20000.0
20000.0
19996.357421875
20000.0
20000.0
20000.0
20000.0
20000.0
20000.0
20000.0
20000.0
19657.587890625
18958.24609375
18267.978515625
17616.9609375
17041.67578125
16402.08984375
15801.6162109375
15198.0908203125
14630.884765625
14069.9658203125
13529.5087890625
13028.837890625
12541.1640625
12094.43359375
11671.2568359375
11285.447265625
10946.9345703125
10583.4140625
10223.1220703125
9849.58984375
9508.765625
9177.5849609375
8865.9873046875
8580.984375
8302.8818359375
8047.5400390625
7793.9033203125
7540.42724609375
7322.18896484375
7097.04052734375
6885.5888671875
6677.0126953125
6488.89892578125
6317.1171875
6168.7607421875
6033.93603515625
5902.8466796875
5782.30419921875
5664.4638671875
5555.06396484375
5461.0498046875
5361.98876953125
5270.8759765625
5182.3271484375
5102.6552734375
5026.5400390625
4956.01708984375
4892.0703125
4830.623046875
4775.04638671875
4721.33203125
4671.1279296875
4629.15380859375
4585.96484375
4546.8359375
4509.0458984375
4474.41650390625
4440.46630859375
4407.267578125
4377.05078125
4347.9365234375
4321.34228515625
4295.326171875
