20000.0
20000.0
20000.0
20000.0
20000.0
20000.0
20000.0
20000.0
20000.0
20000.0
20000.0
20000.0
20000.0
20000.0
20000.0
20000.0
20000.0
20000.0
20000.0
20000.0
20000.0
20000.0
20000.0
20000.0
19999.8203125
20000.0
19999.990234375
20000.0
20000.0
20000.0
19999.99609375
20000.0
20000.0
20000.0
20000.0
20000.0
20000.0
20000.0
19999.974609375
20000.0
20000.0
20000.0
20000.0
20000.0
20000.0
20000.0
20000.0
20000.0
19999.939453125
20000.0
20000.0
19999.9921875
20000.0
20000.0
19999.7578125
20000.0
20000.0
20000.0
19235.560546875
17591.8671875
16186.900390625
14879.8115234375
13703.015625
12588.3408203125
11548.947265625
10677.3759765625
9839.3349609375
9126.669921875
8452.4052734375
7874.26220703125
7344.611328125
6895.208984375
6495.00537109375
6113.06005859375
5770.53759765625
5449.9404296875
5166.88525390625
4937.74365234375
4708.8154296875
4506.64599609375
4311.68896484375
4132.15478515625
3954.593505859375
3794.455322265625
3652.095703125
3516.911865234375
3398.119384765625
3286.573486328125
3184.794921875
3099.976806640625
3011.616455078125
2930.58056640625
2850.67529296875
2777.7705078125
2707.23486328125
2640.9736328125
2580.450439453125
2521.328857421875
2467.447021484375
2415.04296875
2365.358642578125
2322.4814453125
2277.0634765625
2234.690185546875
2192.240478515625
2152.43115234375
2112.736328125
2074.711669921875
2039.5726318359375
2004.98388671875
1972.9586181640625
1941.2557373046875
1910.7642822265625
1884.15087890625
1855.693115234375
1829.0306396484375
1802.3515625
1777.24072265625
1752.073974609375
1727.6795654296875
1704.7802734375
1681.787353515625
1661.0484619140625
1645.550048828125
