20000.0
20000.0
20000.0
20000.0
20000.0
20000.0
20000.0
20000.0
20000.0
20000.0
20000.0
20000.0
20000.0
20000.0
20000.0
20000.0
20000.0
20000.0
20000.0
20000.0
20000.0
20000.0
20000.0
20000.0
20000.0
20000.0
20000.0
20000.0
20000.0
20000.0
20000.0
20000.0
20000.0
20000.0
20000.0
20000.0
19999.998046875
20000.0
20000.0
19999.986328125
20000.0
20000.0
20000.0
20000.0
20000.013671875
20000.0
20000.0
20000.0
19999.96875
20000.0
20000.0
20000.0
20000.0
20000.0
20000.0
20000.0
20000.0
20000.0
20000.0
20000.0
20000.0
20000.0
20000.0
20000.0
20000.0
20000.0
19999.998046875
20000.0
20000.0
19999.994140625
20000.0
20000.0
19999.98046875
20000.0
20000.0
20000.0
20000.0
20000.0
20000.0
20000.0
20000.0
20000.0
20000.0
19889.45703125
19437.220703125
18980.9140625
18538.583984375
17959.291015625
17407.900390625
16985.53515625
16566.638671875
16192.3427734375
15801.455078125
15413.439453125
15020.16796875
14673.5947265625
14372.0634765625
14076.0927734375
13802.1943359375
13537.548828125
13292.529296875
13085.7646484375
12866.0908203125
12649.9189453125
12425.9951171875
12219.3388671875
12012.171875
11809.57421875
11617.76171875
11424.3125
11234.4306640625
11042.427734375
10852.4228515625
10685.1201171875
10511.5078125
10345.7177734375
10178.7080078125
10020.5146484375
9859.18359375
9704.1474609375
9550.60546875
9387.5341796875
9235.75
9086.1826171875
