20000.0
20000.0
20000.0
20000.0
20000.0
20000.0
20000.0
20000.0
20000.0
20000.0
20000.0
20000.0
20000.0
20000.0
20000.0
20000.0
20000.0
20000.0
20000.0
20000.0
20000.0
20000.0
20000.0
20000.0
20000.0
20000.0
20000.0
20000.0
20000.0
20000.0
20000.0
20000.0
20000.0
20000.0
20000.0
20000.0
20000.0
20000.0
20000.0
20000.0
20000.0
20000.0
19999.990234375
20000.0
20000.0
20000.0
20000.0
20000.0
20000.0
20000.0
20000.0
20000.0
20000.0
20000.0
20000.0
20000.0
20000.0
20000.0
20000.0
20000.0
20000.0
20000.0
20000.0
20000.0
20000.0
20000.0
20000.0
20000.0
19999.998046875
20000.0
20000.0
20000.0
20000.0
20000.0
19999.982421875
20000.0
19999.970703125
20000.0
20000.0
20000.0
20000.0
19999.828125
20000.0
20000.0
20000.0
20000.0
20000.0
19999.8671875
19274.59375
18577.84765625
17957.9453125
17441.451171875
16912.412109375
16431.9609375
15970.939453125
15564.068359375
15176.2197265625
14762.03515625
14399.8310546875
14048.2802734375
13714.6220703125
13394.115234375
13104.748046875
12843.4482421875
12553.6376953125
12288.47265625
12031.3505859375
11803.6640625
11567.3134765625
11336.7275390625
11122.939453125
10914.30078125
10721.9453125
10532.48046875
10352.5859375
10198.15625
10032.9833984375
9875.2431640625
9706.5986328125
9536.9951171875
9365.6376953125
9196.7294921875
9034.8291015625
8870.193359375
8715.2802734375
8558.7802734375
