20000.0
20000.0
20000.0
20000.0
20000.0
20000.0
20000.0
20000.0
20000.0
20000.0
20000.0
20000.0
20000.0
20000.0
20000.0
20000.0
20000.0
20000.0
20000.0
20000.0
20000.0
20000.0
20000.0
19999.998046875
19999.984375
19999.99609375
20000.0
20000.0
20000.0
20000.001953125
20000.0
20000.0
20000.0
20000.0
20000.0
20000.0
20000.0
20000.0
19999.98046875
19999.99609375
19453.873046875
18437.302734375
17232.451171875
16328.4404296875
15526.9677734375
14822.4599609375
14165.90234375
13569.9091796875
12991.673828125
12476.1591796875
12024.0673828125
11587.525390625
11183.544921875
10836.9365234375
10494.603515625
10168.8857421875
9857.45703125
9577.3837890625
9301.3359375
9035.5244140625
8783.48828125
8530.4580078125
8292.921875
8051.9306640625
7814.2119140625
7587.42578125
7338.060546875
7105.130859375
6872.564453125
6659.74267578125
6451.84521484375
6262.88232421875
6091.9794921875
5923.1611328125
5769.64990234375
5622.79248046875
5485.97998046875
5369.02001953125
5220.54443359375
5084.80078125
4960.37548828125
4847.1689453125
4734.3134765625
4625.185546875
4523.41162109375
4421.58349609375
4326.94140625
4234.34033203125
4146.72021484375
4071.7783203125
3993.099609375
3920.558837890625
3849.362548828125
3783.784423828125
3720.5029296875
3660.127197265625
3604.14404296875
3548.891357421875
3498.0419921875
3446.55859375
3397.245849609375
3354.8408203125
3310.2568359375
3269.196533203125
3228.800048828125
3191.46044921875
3154.388427734375
3118.963623046875
3086.109375
3053.689208984375
3023.171630859375
2993.013671875
2964.2392578125
2939.270263671875
2912.76904296875
2888.19482421875
2863.842529296875
2841.172607421875
2818.63818359375
2796.996337890625
2776.975341796875
2757.2216796875
2738.857666015625
2720.62646484375
