20000.0
20000.0
20000.0
20000.0
20000.0
20000.0
20000.0
20000.0
20000.0
20000.0
20000.0
20000.0
20000.0
20000.0
20000.0
20000.0
20000.0
20000.0
20000.0
20000.0
20000.0
19999.689453125
19997.044921875
19999.998046875
20000.0
19999.99609375
20000.0
19999.98046875
19535.365234375
18553.716796875
17825.365234375
17151.0625
16581.494140625
16073.439453125
15639.4384765625
15233.6875
14857.1044921875
14515.6484375
14182.3544921875
13877.63671875
13580.669921875
13296.6572265625
13045.720703125
12784.5380859375
12546.9814453125
12315.78515625
12104.986328125
11900.6015625
11707.7021484375
11529.2763671875
11352.74609375
11188.208984375
11023.4580078125
10867.140625
10732.671875
10593.6396484375
10473.4873046875
10352.59765625
10236.5380859375
10085.876953125
9947.892578125
9827.4453125
9709.4482421875
9600.814453125
9493.376953125
9390.6259765625
9300.1953125
9199.7685546875
9107.625
9017.568359375
8930.7998046875
8842.8623046875
8753.3779296875
8670.2333984375
8588.5947265625
8511.15625
8433.728515625
8361.3671875
8297.80078125
8229.220703125
8164.45263671875
8094.2646484375
8008.46923828125
7918.84521484375
7835.9833984375
7762.34423828125
7687.85302734375
7611.51904296875
7533.64794921875
7460.484375
7397.982421875
7331.5654296875
7267.625
7200.39697265625
7134.45458984375
7065.22216796875
6995.8154296875
6929.62890625
6861.73828125
6795.849609375
6728.56396484375
6661.92333984375
6601.87353515625
6534.7529296875
6470.298828125
6405.1025390625
6344.06591796875
6283.38525390625
6224.3349609375
6168.12109375
6110.4443359375
6054.87939453125
5996.3203125
5937.68701171875
5884.89990234375
5827.08642578125
5772.06005859375
5716.2255859375
5663.18505859375
5609.0224609375
5555.04345703125
5503.072265625
5449.4697265625
5397.72021484375
5344.08251953125
