20000.0
20000.0
20000.0
20000.0
20000.0
20000.0
20000.0
20000.0
20000.0
20000.0
20000.0
20000.0
20000.0
20000.0
20000.0
20000.005859375
20000.0
20000.0
20000.0
20000.0
20000.0
19999.96875
20000.0
20000.0
20000.0
20000.0
20000.0
20000.0
20000.0
19999.998046875
20000.0
19820.484375
18202.55859375
17068.10546875
16569.64453125
16082.392578125
15160.869140625
14345.708984375
13558.23046875
12878.04296875
12256.728515625
11708.90625
11278.439453125
10865.3798828125
10506.6513671875
10160.0478515625
9851.29296875
9574.7705078125
9315.083984375
9076.8583984375
8841.44921875
8628.0810546875
8422.97265625
8234.1748046875
8077.0400390625
7917.89697265625
7775.1455078125
7638.98193359375
7519.09912109375
7404.51806640625
7298.2431640625
7201.97802734375
7109.947265625
7027.169921875
6947.953125
6874.3466796875
6812.2294921875
6748.201171875
6689.64501953125
6633.16650390625
6581.8701171875
6531.927734375
6484.57568359375
6441.736328125
6399.34033203125
6359.49462890625
6319.404296875
6280.646484375
6246.96240234375
6210.9150390625
6176.7158203125
6141.9609375
6108.76611328125
6074.6845703125
6040.7587890625
6007.78076171875
5973.560546875
5940.44677734375
5904.14794921875
5867.0400390625
5833.32666015625
5795.7548828125
5759.158203125
5720.97900390625
5685.04833984375
5649.2734375
5612.65087890625
5575.9541015625
5537.49462890625
5499.61328125
5460.0205078125
5419.88232421875
5383.66015625
5344.96923828125
5310.51025390625
5280.8125
5251.140625
5218.8505859375
5185.0478515625
5153.07763671875
5108.5322265625
5056.595703125
5008.00244140625
4962.08984375
4924.47900390625
4889.4541015625
4858.01318359375
4827.86376953125
4800.4697265625
4771.7314453125
4742.39794921875
4714.501953125
4686.23486328125
4659.43896484375
4632.40234375
