20000.0
20000.0
20000.0
20000.0
20000.0
20000.0
20000.0
20000.0
20000.0
20000.0
20000.0
20000.0
20000.0
20000.0
20000.0
20000.0
20000.0
20000.0
20000.0
20000.0
20000.0
20000.0
20000.0
20000.0
20000.0
20000.0
20000.0
20000.0
19999.9296875
20000.0
19999.99609375
20000.0
20000.0
19999.3203125
20000.0
19999.99609375
20000.0
20000.0
20000.0
20000.0
20000.0
20000.0
20000.0
20000.0
20000.0
20000.0
20000.0
19999.99609375
20000.0
20000.0
20000.0
20000.0
19999.998046875
20000.0
20000.0
20000.0
20000.0
20000.0
19999.99609375
19201.125
18491.734375
17887.12109375
17272.23046875
16691.572265625
16142.1162109375
15644.29296875
15232.939453125
14826.0498046875
14478.56640625
14169.6787109375
13907.357421875
13647.83203125
13393.890625
13142.2431640625
12883.5224609375
12635.349609375
12381.1796875
12131.3515625
11904.853515625
11651.8447265625
11415.9794921875
11183.7861328125
10969.3212890625
10758.4609375
10557.515625
10366.2314453125
10169.1220703125
9980.7197265625
9791.2724609375
9614.162109375
9460.826171875
9294.158203125
9136.1845703125
8979.2041015625
8835.14453125
8690.337890625
8551.1630859375
8425.833984375
8304.345703125
8186.2158203125
8065.595703125
7948.31298828125
7844.22802734375
7731.41552734375
7624.79296875
7517.06005859375
7417.060546875
7317.353515625
7220.24951171875
7126.056640625
7030.01318359375
6939.1201171875
6847.81591796875
6758.81396484375
6680.30859375
6594.95947265625
6515.703125
6436.27392578125
6360.80908203125
6283.921875
6208.48095703125
6135.22119140625
6061.9482421875
5993.5068359375
5925.38232421875
