20000.0
20000.0
20000.0
20000.0
20000.0
20000.0
20000.0
20000.0
20000.0
20000.0
20000.0
20000.0
20000.0
20000.0
20000.0
20000.0
20000.0
20000.0078125
20000.00390625
20000.0
20000.0
20000.001953125
20000.0
20000.0
20000.0
20000.0
19898.521484375
18950.6875
18069.775390625
17299.767578125
16681.876953125
16079.5087890625
15458.1435546875
14834.4765625
14344.3203125
13891.8857421875
13484.044921875
13122.1005859375
12780.787109375
12499.5205078125
12223.25
11897.9111328125
11582.4912109375
11284.4169921875
11051.1318359375
10831.009765625
10633.0517578125
10441.4287109375
10253.8369140625
10074.2822265625
9894.6484375
9734.91015625
9584.9833984375
9445.7568359375
9322.8271484375
9188.376953125
9063.1064453125
8939.900390625
8826.994140625
8712.70703125
8601.3154296875
8504.6044921875
8402.05078125
8303.0146484375
8202.2421875
8096.66650390625
7997.9091796875
7886.10595703125
7777.0634765625
7664.833984375
7556.81298828125
7445.7919921875
7330.74072265625
7219.07861328125
7109.48046875
7007.3369140625
6903.87939453125
6802.638671875
6714.0107421875
6618.310546875
6526.4296875
6430.681640625
6339.16748046875
6247.19970703125
6158.2412109375
6078.95947265625
5999.56591796875
5923.29541015625
5845.67236328125
5770.2724609375
5704.37451171875
5635.65625
5572.41455078125
5511.30322265625
5455.63427734375
5402.58154296875
5350.78173828125
5301.39794921875
5250.626953125
5201.677734375
5151.41943359375
5101.65966796875
5057.3095703125
5009.05419921875
4963.31591796875
4917.310546875
4874.1396484375
4831.2099609375
4790.0947265625
4750.7958984375
4711.224609375
4674.7373046875
4638.4267578125
4602.92919921875
4571.890625
4538.59228515625
4507.24267578125
4477.2890625
4448.880859375
4419.81494140625
4391.380859375
4364.56396484375
4338.04833984375
4313.13720703125
4288.02294921875
