20000.0
20000.0
20000.0
20000.0
20000.0
19627.205078125
19728.576171875
20000.0
20000.0
20000.0
20000.0
20000.0
20000.0
20000.0
20000.0
20000.0
20000.0
20000.0
20000.0
20000.0
20000.0
20000.0
20000.0
20000.0
20000.0
20000.0
20000.0
20000.0
20000.0
20000.0
20000.0
19619.826171875
19309.244140625
19017.16015625
18645.28515625
18281.666015625
17957.857421875
17645.13671875
17364.9609375
17101.416015625
16850.96484375
16631.841796875
16398.982421875
16177.4345703125
15945.33203125
15724.89453125
15517.6279296875
15328.716796875
15158.6015625
14982.357421875
14831.0625
14679.5322265625
14541.2578125
14438.6484375
14345.56640625
14266.109375
14190.03515625
14125.6015625
14038.1552734375
13937.365234375
13838.6357421875
13738.1572265625
13600.037109375
13441.5634765625
13296.59375
13176.103515625
13048.9853515625
12929.22265625
12811.341796875
12701.08203125
12590.82421875
12483.248046875
12379.4306640625
12273.1396484375
12170.9716796875
12066.158203125
11962.421875
11869.6865234375
11768.337890625
11671.177734375
11569.4326171875
11471.107421875
11371.2275390625
11273.23828125
11180.0859375
11085.6142578125
10995.9921875
10900.59765625
10806.6103515625
10724.3828125
10636.6982421875
10554.0869140625
10470.2958984375
10390.5166015625
10309.5234375
10232.703125
10161.0986328125
10087.05859375
10015.75
9943.00390625
9871.548828125
9808.1982421875
9739.8759765625
9675.796875
9611.763671875
9551.5703125
9490.9873046875
9431.73046875
9375.38671875
9317.6083984375
9260.845703125
9201.9091796875
9143.771484375
9092.171875
9036.3037109375
8983.3955078125
8931.560546875
8890.353515625
8848.5009765625
8807.0419921875
8766.9130859375
8725.1943359375
8684.5
8642.185546875
