20000.0
20000.0
20000.0
20000.0
20000.0
20000.0
20000.0
20000.0
20000.0
20000.0
20000.0
20000.0
20000.0
20000.0
20000.0
20000.0
19999.798828125
20000.0
20000.0
19999.98828125
19255.09765625
18017.298828125
17150.845703125
16481.021484375
15929.2763671875
15433.484375
14876.787109375
14411.2568359375
13996.1083984375
13579.869140625
13151.9697265625
12711.9375
12349.49609375
11998.5009765625
11681.603515625
11373.3759765625
11095.7880859375
10867.9580078125
10653.3466796875
10450.4599609375
10258.6455078125
10079.2529296875
9890.1845703125
9703.1552734375
9551.43359375
9392.2470703125
9237.0029296875
9089.7568359375
8954.5234375
8826.5419921875
8688.185546875
8554.5205078125
8421.8427734375
8299.2763671875
8195.94140625
8089.83642578125
7992.4365234375
7892.25830078125
7795.57421875
7694.126953125
7596.24853515625
7509.505859375
7421.25146484375
7337.13037109375
7251.771484375
7169.3984375
7097.87890625
7020.92919921875
6947.8603515625
6873.4541015625
6802.85546875
6731.51123046875
6664.67578125
6602.81201171875
6540.65673828125
6482.05859375
6423.02490234375
6364.673828125
6312.474609375
6255.314453125
6198.27099609375
6136.26513671875
6077.07666015625
6017.5244140625
5959.32666015625
5887.3984375
5803.97802734375
5728.423828125
5656.11279296875
5588.03955078125
5528.96875
5466.46435546875
5408.52978515625
5351.31396484375
5298.64404296875
5246.65576171875
5197.0595703125
5150.9794921875
5104.93994140625
5062.11083984375
5019.87841796875
4980.4619140625
4946.84423828125
4911.10791015625
4877.4326171875
4843.376953125
4811.0751953125
4778.38623046875
4745.97412109375
4714.763671875
4683.42578125
4653.759765625
4623.64892578125
4594.0693359375
4567.802734375
4539.17919921875
4511.998046875
4484.40087890625
4458.19775390625
4431.83154296875
4406.04638671875
4381.5947265625
4356.84619140625
4335.13232421875
4313.05517578125
