20000.0
20000.0
20000.0
20000.0
20000.0
20000.0
20000.0
20000.0
20000.0
20000.0
20000.0
20000.0
20000.0
20000.0
20000.0
20000.0
20000.0
20000.0
20000.0
20000.0
20000.0
20000.0
20000.0
20000.0
20000.0
20000.0
20000.0
20000.0
20000.0
20000.0
20000.0
20000.0
20000.0
20000.0
20000.0
20000.0
20000.0
20000.0
20000.0
20000.0
20000.0
20000.0
20000.0
20000.0
20000.0
20000.0
20000.0
20000.0
20000.0
19996.607421875
20000.0
20000.0
20000.0
19999.99609375
19999.9609375
20000.0
19999.994140625
20000.0
20000.0
20000.0
20000.0
20000.0
20000.0
20000.0
19999.99609375
19999.994140625
20000.0
20000.0
20000.0
20000.0
20000.0
20000.0
20000.0
20000.0
20000.0
20000.0
20000.0
19999.994140625
20000.0
20000.001953125
20000.0
19999.990234375
20000.0
20000.0
20000.0
20000.0
20000.0
20000.0
20000.0
20000.001953125
20000.001953125
20000.0
20000.0
20000.0
20000.0
20000.0
19810.0
19275.66796875
18737.408203125
18224.96484375
17719.2734375
17125.818359375
16620.029296875
16188.302734375
15836.0419921875
15512.408203125
15222.6103515625
14929.8544921875
14609.8740234375
14307.98828125
14011.2978515625
13676.7802734375
13342.1552734375
13032.703125
12772.404296875
12490.2197265625
12231.419921875
11982.857421875
11756.73046875
11541.4609375
11347.4453125
11175.5087890625
11007.1337890625
10843.7216796875
10676.1806640625
