16510.974609375
15641.916015625
14969.78515625
14685.0810546875
14669.70703125
14848.953125
15113.83984375
15766.8330078125
16363.7529296875
16922.21484375
17406.30078125
17853.9296875
18256.65234375
18611.796875
18948.30859375
19250.208984375
19541.091796875
19814.400390625
20000.0
20000.0
20000.0
20000.0
20000.0
20000.0
20000.0
20000.0
18910.30078125
16573.458984375
15508.9638671875
14998.3681640625
14616.025390625
14239.203125
13932.2646484375
13655.1376953125
13414.3330078125
13180.7080078125
12923.2314453125
12661.5166015625
12397.5771484375
12154.94921875
11905.5126953125
11658.9951171875
11437.48046875
11168.33984375
10910.677734375
10642.447265625
10380.59375
10115.70703125
9879.1865234375
9647.5146484375
9405.7529296875
9171.5166015625
8943.0537109375
8732.4326171875
8545.4833984375
8343.0029296875
8155.6123046875
7973.10107421875
7842.50537109375
7723.46337890625
7609.82421875
7503.068359375
7395.84130859375
7294.83544921875
7192.11279296875
7090.46923828125
7000.11376953125
6893.390625
6794.16259765625
6698.744140625
6612.13232421875
6527.15576171875
6444.732421875
6365.97314453125
6286.5947265625
6211.34716796875
6134.90087890625
6059.916015625
5993.59619140625
5922.06494140625
5854.8955078125
5790.138671875
5727.46142578125
5662.87841796875
5599.22216796875
5538.8427734375
5477.689453125
5419.599609375
5360.6650390625
5302.76904296875
5251.4482421875
5195.57958984375
5142.0009765625
5086.94580078125
5034.0712890625
4980.0703125
4928.01904296875
4879.5087890625
4830.783203125
4784.34423828125
4736.76708984375
4689.59521484375
4647.42236328125
4601.35546875
4557.57421875
4513.314453125
4471.50048828125
4429.6181640625
4388.21826171875
4347.4853515625
4305.1962890625
4264.49072265625
4222.92822265625
4182.0087890625
4145.61767578125
4106.103515625
4067.941650390625
4029.04638671875
3992.735595703125
3956.718994140625
3922.026123046875
3889.387939453125
3855.962158203125
3823.739990234375
3794.023193359375
