20000.0
20000.0
20000.0
19999.998046875
20000.0
20000.0
20000.0
20000.0
20000.0
20000.0
20000.0
20000.0
20000.0
20000.0
20000.0
20000.0
20000.0
20000.0
20000.0
20000.0
20000.0
20000.0
20000.0
20000.0
20000.0
20000.0
20000.0
20000.0
20000.0
20000.0
20000.0
19999.97265625
20000.0
20000.0
20000.0
20000.0
20000.0
20000.0
19999.978515625
20000.0
20000.02734375
20000.009765625
19999.998046875
20000.0
20000.0
20000.0
19999.994140625
19957.8046875
19456.626953125
18976.267578125
18542.134765625
18122.96484375
17729.587890625
17393.052734375
17039.27734375
16716.048828125
16402.0078125
16104.71484375
15803.5927734375
15513.951171875
15161.9541015625
14817.48828125
14542.7041015625
14286.7353515625
14047.095703125
13840.0966796875
13619.1533203125
13413.5205078125
13231.732421875
13059.546875
12903.556640625
12753.3037109375
12578.68359375
12346.7265625
12150.0693359375
11972.8310546875
11824.3037109375
11705.083984375
11586.3876953125
11480.865234375
11363.7880859375
11239.0048828125
11094.3271484375
10947.154296875
10817.5126953125
10702.4697265625
10605.5048828125
10508.1416015625
10411.962890625
10327.21875
10231.4462890625
10141.7958984375
10055.314453125
9973.6845703125
9890.408203125
9807.400390625
9728.2314453125
9650.1904296875
9576.626953125
9501.552734375
9428.654296875
9365.8916015625
9299.884765625
9238.8798828125
9178.6201171875
9122.958984375
9071.7431640625
9022.0302734375
8973.4970703125
8923.033203125
8874.0009765625
8822.7998046875
8771.310546875
8724.013671875
8670.5
8618.6904296875
8565.7138671875
8514.794921875
8463.1259765625
8411.2294921875
8361.11328125
8309.591796875
8260.1171875
8209.3564453125
