20000.0
20000.0
20000.0
20000.0
20000.0
20000.0
20000.0
20000.0
20000.0
20000.0
20000.0
20000.0
20000.0
20000.0
20000.0
20000.0
20000.0
20000.0
20000.0
20000.0
20000.0
20000.0
20000.0
20000.0
20000.0
20000.0
20000.0
20000.0
20000.0
20000.0
20000.0
20000.0
20000.0
20000.0
20000.0
20000.0
19999.998046875
19999.998046875
19999.99609375
19999.99609375
20000.0
20000.0
20000.0
20000.0
20000.0
20000.0
20000.0
20000.0
20000.0
20000.0
19999.998046875
20000.0
20000.0
20000.0
20000.0
19999.99609375
20000.0
20000.0
20000.0
20000.0
20000.0
20000.0
19857.181640625
19251.6953125
18582.802734375
17951.365234375
17435.8828125
16919.8515625
16460.32421875
16014.8896484375
15613.63671875
15224.3740234375
14858.560546875
14521.5087890625
14188.2275390625
13881.05859375
13573.1279296875
13270.51953125
13013.412109375
12740.3974609375
12485.7958984375
12221.453125
11979.5595703125
11745.1533203125
11524.3115234375
11321.1640625
11148.4052734375
10998.666015625
10848.96875
10704.0126953125
10575.3818359375
10435.4306640625
10299.69140625
10159.8818359375
10027.484375
9893.958984375
9763.716796875
9640.87890625
9527.251953125
9427.5234375
9324.798828125
9227.4365234375
9146.2275390625
9059.7333984375
8971.939453125
8881.9638671875
8796.8603515625
8707.142578125
8590.7607421875
8484.0712890625
8384.052734375
8295.427734375
8210.646484375
8131.20068359375
8062.982421875
7991.05322265625
7924.361328125
7890.623046875
7857.51953125
7795.46044921875
7733.35107421875
7671.73583984375
7611.154296875
7548.18994140625
7487.38671875
7425.60302734375
