20000.0
20000.0
20000.0
20000.0
20000.0
20000.0
20000.0
20000.0
20000.0
20000.0
20000.0
20000.0
20000.0
20000.0
20000.0
20000.0
20000.0
20000.0
20000.0
20000.0
20000.0
20000.0
20000.0
20000.0
20000.0
20000.0
20000.0
20000.0
20000.0
20000.01171875
20000.001953125
20000.0
20000.0
19999.72265625
20000.0
20000.0
19999.986328125
20000.0
19999.998046875
19999.998046875
19999.9296875
20000.0
20000.0
20000.0
20000.0
20000.0
20000.0
19999.998046875
20000.0
20000.0
20000.0
20000.0
19708.162109375
19090.578125
18576.130859375
18134.0078125
17716.380859375
17343.6953125
16985.580078125
16643.1171875
16310.515625
15985.7001953125
15719.666015625
15431.9443359375
15131.626953125
14844.873046875
14522.0302734375
14240.8095703125
13986.3017578125
13747.1494140625
13505.04296875
13269.7529296875
13056.013671875
12843.404296875
12641.0380859375
12437.083984375
12236.0302734375
12065.6279296875
11901.119140625
11754.970703125
11614.0302734375
11482.2197265625
11348.0849609375
11216.708984375
11093.1552734375
10971.1875
10858.744140625
10746.99609375
10638.6650390625
10543.1943359375
10439.4970703125
10340.6318359375
10239.6494140625
10142.23046875
10041.8125
9941.80859375
9845.6845703125
9746.23828125
9646.3984375
9544.7119140625
9443.5458984375
9353.2314453125
9254.033203125
9160.05859375
9067.4921875
8976.83984375
8881.267578125
8784.6943359375
8691.47265625
8596.6416015625
8507.4951171875
8417.640625
8328.95703125
8249.2197265625
8163.1318359375
8081.97216796875
7999.27490234375
7919.61767578125
7837.80517578125
7756.2705078125
7677.09814453125
7595.69580078125
7517.89111328125
7438.4228515625
