20000.0
20000.0
20000.0
20000.0
20000.0
20000.0
20000.0
20000.0
20000.0
20000.0
20000.0
20000.0
20000.0
20000.0
20000.0
20000.0
20000.0
20000.0
20000.0
20000.0
20000.0
20000.0
20000.0
20000.0
19999.984375
20000.0
20000.0
19999.953125
20000.0
20000.0
20000.0
20000.0
20000.0
20000.0
20000.0
20000.0
20000.0
20000.0
20000.0
20000.0
20000.0
20000.0
20000.0
19999.939453125
20000.0
20000.0
20000.0
19999.99609375
19162.14453125
18411.84765625
17637.857421875
16962.00390625
16365.3681640625
15850.5869140625
15434.61328125
15034.40625
14693.203125
14369.3857421875
14079.513671875
13797.41015625
13524.7314453125
13262.2529296875
13000.3583984375
12758.9228515625
12535.849609375
12312.474609375
12116.96484375
11912.57421875
11724.71875
11539.8720703125
11369.11328125
11200.9443359375
11041.375
10898.43359375
10755.9677734375
10623.4697265625
10493.33984375
10369.0771484375
10260.9814453125
10145.7587890625
10034.91015625
9922.23828125
9816.294921875
9709.939453125
9607.0576171875
9510.94921875
9414.1533203125
9324.1630859375
9233.19921875
9143.7177734375
9064.1123046875
8975.0791015625
8887.4931640625
8799.111328125
8715.255859375
8630.3212890625
8547.375
8468.6904296875
8388.279296875
8311.4189453125
8232.7158203125
8154.55224609375
8083.939453125
8005.59033203125
7928.78662109375
7849.390625
7772.708984375
7694.2626953125
7611.638671875
7532.14013671875
7451.1416015625
7373.89794921875
7294.54833984375
7215.5009765625
7144.35205078125
7060.9853515625
6978.5869140625
6895.3671875
6817.2275390625
6743.80908203125
6676.91552734375
6612.80029296875
6545.71142578125
6480.71142578125
6414.96728515625
