20000.0
20000.0
20000.0
20000.0
20000.0
20000.0
20000.0
20000.0
20000.0
20000.0
20000.0
20000.0
20000.0
20000.0
20000.0
20000.0
20000.0
20000.0
20000.0
20000.0
20000.0
20000.0
20000.0
20000.0
19997.322265625
19999.6484375
19999.953125
20000.0
20000.0
19999.998046875
20000.0
19999.99609375
20000.0
20000.0
20000.0
19999.990234375
20000.0
20000.0
20000.0
20000.0
19999.994140625
19999.998046875
20000.0
20000.0
20000.0
19999.998046875
20000.0
19999.998046875
20000.0
20000.0
20000.0
19647.984375
18872.205078125
18232.048828125
17662.4921875
17123.693359375
16683.4375
16246.474609375
15859.255859375
15488.447265625
15155.87109375
14834.3994140625
14541.1640625
14268.5400390625
13989.41015625
13707.1533203125
13399.5791015625
13098.8037109375
12849.38671875
12585.9375
12326.958984375
12059.064453125
11806.5703125
11564.845703125
11340.00390625
11111.9833984375
10871.9140625
10638.6298828125
10399.1337890625
10163.5869140625
9958.806640625
9725.8408203125
9505.4111328125
9282.287109375
9064.6484375
8851.6943359375
8640.9033203125
8434.466796875
8229.861328125
8043.23779296875
7867.6650390625
7706.46435546875
7567.9150390625
7420.50390625
7284.30712890625
7153.19677734375
7039.0390625
6928.25146484375
6822.9697265625
6729.6064453125
6623.11962890625
6506.5224609375
6392.150390625
6288.8876953125
6204.4033203125
6119.02197265625
6042.9814453125
5970.22705078125
5904.04248046875
5839.38037109375
5778.11962890625
5721.11767578125
5664.15576171875
5610.37158203125
5554.6064453125
5498.5927734375
5448.35986328125
5393.7685546875
5342.26708984375
5290.63330078125
5241.74169921875
5192.3408203125
5144.23583984375
5099.59716796875
5056.0693359375
5014.8369140625
4972.9296875
