20000.0
20000.0
20000.0
20000.0
20000.0
20000.0
20000.0
20000.0
20000.0
20000.0
20000.0
20000.0
20000.0
20000.0
20000.0
20000.0
20000.0
20000.0
20000.0
20000.0
20000.0
20000.0
20000.0
20000.0
19995.484375
19999.998046875
20000.0
20000.0
20000.0
20000.0
19999.876953125
20000.0
20000.0
20000.0
20000.0
20000.0
20000.0
20000.0
20000.0
20000.0
20000.0
20000.0
20000.0
20000.0
20000.0
20000.0
20000.0
20000.0
19416.37109375
18843.0546875
18282.591796875
17708.7890625
17052.095703125
16466.134765625
16003.9736328125
15527.857421875
15106.5390625
14693.279296875
14303.7333984375
13927.548828125
13578.7958984375
13265.0849609375
12984.318359375
12747.251953125
12521.353515625
12310.1083984375
12127.3828125
11931.7197265625
11745.8173828125
11554.6767578125
11371.3505859375
11183.744140625
10995.9306640625
10814.4033203125
10624.70703125
10433.087890625
10231.5927734375
10037.748046875
9865.205078125
9678.4375
9504.3466796875
9332.810546875
9175.4931640625
9018.119140625
8866.3837890625
8725.9580078125
8584.169921875
8449.083984375
8313.576171875
8184.9599609375
8072.00439453125
7949.5537109375
7833.626953125
7716.79052734375
7606.1982421875
7495.98583984375
7389.01806640625
7287.0888671875
7184.58740234375
7092.1416015625
7002.546875
6917.42431640625
6843.5869140625
6765.443359375
6693.4345703125
6622.08251953125
6555.71484375
6489.40576171875
6424.48046875
6362.57763671875
6299.31005859375
6238.85791015625
6178.59033203125
6119.53955078125
6067.08642578125
6010.19091796875
5956.220703125
5905.42919921875
5857.921875
5809.5859375
5761.958984375
5716.693359375
5670.732421875
5626.99658203125
5582.0791015625
