20000.0
20000.0
20000.0
20000.0
20000.0
20000.0
20000.0
20000.0
20000.0
20000.0
20000.0
20000.0
20000.0
20000.0
20000.0
19999.99609375
19999.974609375
19999.99609375
20000.0
20000.0
20000.0
19999.90234375
19721.244140625
18824.421875
18016.90625
17274.9765625
16532.623046875
15905.7451171875
15337.685546875
14826.4755859375
14406.197265625
13980.00390625
13589.4892578125
13213.80859375
12880.958984375
12561.3984375
12262.5224609375
12005.19921875
11699.9248046875
11421.0146484375
11172.673828125
10945.75390625
10753.119140625
10558.83984375
10386.8935546875
10221.166015625
10069.1318359375
9917.0087890625
9741.2138671875
9585.6474609375
9446.435546875
9325.310546875
9213.83984375
9099.8916015625
8991.7763671875
8865.4970703125
8730.611328125
8595.1884765625
8468.587890625
8343.3017578125
8228.7265625
8125.67578125
8020.63623046875
7918.46875
7811.9423828125
7703.8896484375
7603.3466796875
7487.625
7374.9541015625
7260.99169921875
7153.90283203125
7047.958984375
6945.9130859375
6850.31298828125
6752.2333984375
6652.9931640625
6550.42529296875
6448.8515625
6359.4033203125
6263.7861328125
6173.74853515625
6082.54833984375
5995.77587890625
5907.173828125
5820.29150390625
5737.27001953125
5651.17236328125
5568.076171875
5481.7841796875
5394.35302734375
5315.36083984375
5228.62939453125
5148.4169921875
5069.24072265625
4991.1630859375
4910.0185546875
4832.68408203125
4765.9794921875
4700.78515625
4640.6689453125
4581.1337890625
4524.96240234375
4477.2509765625
4425.4833984375
4377.0244140625
4328.82080078125
4282.91259765625
4236.154296875
4192.8291015625
4150.61962890625
4105.79150390625
4062.457763671875
4018.884033203125
3976.940673828125
3940.119873046875
3900.39892578125
3862.927490234375
3825.308837890625
3790.0869140625
3754.664794921875
3720.136962890625
3687.048828125
3653.828125
3622.68115234375
3591.450439453125
