20000.0
20000.0
20000.0
19999.998046875
20000.0
20000.0
20000.0
20000.0
20000.0
20000.0
20000.0
20000.0
20000.0
20000.0
20000.0
20000.0
20000.0
20000.0
20000.0
20000.0
20000.0
20000.0
20000.0
20000.0
20000.0
20000.0
20000.0
20000.0
20000.0
20000.0
20000.0
20000.0
20000.0
20000.0
20000.0
20000.0
19999.125
19999.9453125
20000.0
20000.0
20000.0
20000.0
20000.0
20000.0
19999.99609375
20000.0
20000.0
20000.0
20000.0
19999.943359375
20000.0
20000.0
20000.0
20000.0
20000.0
19999.998046875
20000.0
20000.0
20000.0
20000.0
20000.0
20000.0
20000.0
20000.0
20000.0
20000.0
20000.0
20000.0
20000.0
20000.0
20000.0
20000.0
20000.0
20000.0
20000.0
20000.0
20000.0
20000.0
20000.0
20000.0
20000.0
20000.0
20000.0
20000.0
20000.0
20000.0
20000.0
20000.0
20000.0
19988.30859375
19539.7421875
19060.60546875
18615.072265625
18174.66015625
17757.65625
17337.173828125
16931.57421875
16558.220703125
16192.9462890625
15851.1396484375
15514.439453125
15153.24609375
14770.6572265625
14400.4375
14061.2490234375
13739.9716796875
13455.3349609375
13181.2587890625
12943.6357421875
12733.7431640625
12529.091796875
12340.125
12152.736328125
11972.4775390625
11815.28125
11649.6650390625
11472.6015625
11283.1826171875
11107.583984375
10942.697265625
10791.3984375
10652.095703125
10504.9306640625
10357.38671875
10203.9599609375
