20000.0
20000.0
20000.0
19999.99609375
19999.998046875
20000.0
20000.0
20000.0
20000.0
20000.0
20000.0
20000.0
20000.0
20000.0
20000.0
20000.0
20000.0
20000.0
20000.0
20000.0
19999.359375
20000.0
20000.0
19999.962890625
20000.0
20000.0
19999.98046875
20000.0
20000.0
19999.998046875
20000.0
20000.0
20000.0
20000.0
19999.984375
20000.0
20000.0
20000.0
20000.0
19292.890625
18590.1171875
17935.263671875
17383.87109375
16858.015625
16426.5390625
15892.5107421875
15355.1611328125
14925.4453125
14562.3837890625
14232.8154296875
13913.57421875
13599.263671875
13286.2626953125
12994.6123046875
12759.17578125
12519.4189453125
12304.564453125
12082.892578125
11875.7021484375
11676.748046875
11498.267578125
11336.2421875
11174.5537109375
11021.8046875
10864.6162109375
10703.205078125
10556.24609375
10391.6962890625
10233.501953125
10078.92578125
9939.3583984375
9786.927734375
9633.966796875
9492.3125
9355.140625
9232.658203125
9110.546875
8988.1943359375
8876.4208984375
8749.93359375
8627.8759765625
8505.095703125
8389.1416015625
8268.66796875
8150.25634765625
8038.32568359375
7929.099609375
7824.40966796875
7714.54736328125
7606.74609375
7510.8349609375
7406.865234375
7307.0654296875
7205.04736328125
7105.79296875
7005.04296875
6906.58447265625
6810.3701171875
6712.89501953125
6622.26611328125
6530.68212890625
6440.7265625
6360.60791015625
6272.39013671875
6181.271484375
6085.9189453125
5996.60107421875
5907.55810546875
5826.21142578125
5752.79248046875
5677.51904296875
5604.64697265625
5530.6533203125
5461.802734375
5408.56201171875
5356.6826171875
5308.50244140625
5259.3896484375
5212.4052734375
5166.060546875
5109.71923828125
5047.29833984375
4987.09814453125
4933.98779296875
4883.80810546875
