20000.0
20000.0
20000.0
20000.0
20000.0
20000.0
20000.0
20000.0
20000.0
20000.0
20000.0
20000.0
20000.0
20000.0
20000.0
20000.0
20000.0
20000.0
20000.0
19999.998046875
20000.0
20000.0
20000.0
20000.0
20000.0
19518.40234375
18605.662109375
17826.2265625
17206.138671875
16627.916015625
16094.5107421875
15655.49609375
15207.6806640625
14818.57421875
14477.86328125
14154.849609375
13825.3984375
13480.72265625
13176.0732421875
12893.4658203125
12633.0498046875
12385.5546875
12154.12890625
11955.6318359375
11751.103515625
11567.2158203125
11389.03125
11228.248046875
11073.6298828125
10931.1708984375
10800.52734375
10668.5595703125
10542.9365234375
10416.7734375
10303.0859375
10212.60546875
10120.4580078125
10035.5869140625
9951.5908203125
9873.7265625
9799.189453125
9728.7333984375
9667.365234375
9598.7744140625
9531.32421875
9468.2578125
9406.56640625
9353.541015625
9295.1142578125
9229.033203125
9154.7587890625
9083.74609375
9018.71484375
8959.7587890625
8898.2626953125
8833.544921875
8772.232421875
8714.900390625
8656.88671875
8606.2041015625
8554.61328125
8498.5615234375
8438.634765625
8382.3681640625
8325.48046875
8268.8974609375
8214.6904296875
8148.9189453125
8078.1357421875
8001.349609375
7921.83740234375
7848.22021484375
7764.70556640625
7675.859375
7583.59814453125
7495.1572265625
7403.171875
7314.787109375
7239.55078125
7158.5244140625
7079.1298828125
6996.94482421875
6915.51904296875
6842.83203125
6762.93310546875
6681.82421875
6600.892578125
6524.73046875
6446.53369140625
6365.9931640625
6285.93994140625
6198.61572265625
6113.29736328125
6028.42578125
5949.830078125
5885.68994140625
5828.08544921875
5777.0400390625
5727.22998046875
5680.99853515625
5632.38330078125
5583.8330078125
5538.1474609375
5491.927734375
5432.748046875
5344.91357421875
