20000.0
20000.0
20000.0
20000.0
20000.0
20000.0
20000.0
20000.0
20000.0
20000.0
20000.0
20000.0
20000.0
20000.0
20000.0
20000.0
20000.0
20000.0
20000.0
19999.978515625
19999.974609375
20000.0
19999.6328125
19999.99609375
20000.0
20000.0
20000.0
20000.0
20000.0
20000.0
19999.998046875
20000.013671875
19999.998046875
19274.16015625
18296.0390625
17385.28515625
16515.728515625
15746.443359375
15003.99609375
14342.27734375
13724.796875
13160.69140625
12692.08984375
12232.4306640625
11878.4404296875
11478.0322265625
11118.9072265625
10773.9970703125
10445.1181640625
10152.31640625
9866.3681640625
9620.037109375
9392.0234375
9144.4287109375
8888.943359375
8639.2646484375
8434.6611328125
8236.04296875
8043.74755859375
7843.39599609375
7649.31005859375
7467.91650390625
7289.83740234375
7124.8681640625
6962.0888671875
6805.65185546875
6672.37841796875
6534.04638671875
6405.60498046875
6275.2763671875
6151.42919921875
6025.056640625
5901.12890625
5782.9658203125
5662.8330078125
5547.724609375
5429.953125
5326.4951171875
5235.80859375
5134.36572265625
5034.818359375
4928.181640625
4827.13720703125
4725.9677734375
4634.56787109375
4545.83251953125
4454.9501953125
4368.86767578125
4282.84228515625
4196.67236328125
4118.595703125
4031.9482421875
3947.04296875
3861.76318359375
3781.944091796875
3703.6474609375
3631.658203125
3565.171630859375
3498.97802734375
3437.182861328125
3376.30029296875
3318.622314453125
3268.994140625
3216.48388671875
3167.7841796875
3119.512939453125
3071.5703125
3023.85595703125
2979.843505859375
2940.35302734375
2901.711181640625
2865.994873046875
2830.8212890625
2797.686279296875
2769.576171875
2740.0654296875
2712.641845703125
2686.5888671875
2663.8125
2641.82861328125
2620.76611328125
2601.103759765625
2581.59423828125
2563.42626953125
2545.383544921875
