20000.0
20000.0
20000.0
20000.0
20000.0
20000.0
20000.0
20000.0
20000.0
20000.0
20000.0
20000.0
20000.0
20000.0
20000.0
20000.0
20000.0
20000.0
20000.0
20000.0
19999.900390625
20000.0
20000.0
20000.015625
19999.90625
19999.94921875
19999.99609375
18823.47265625
17958.40625
17080.447265625
16402.916015625
15806.7138671875
15349.6376953125
14996.4111328125
14691.6875
14355.765625
14040.162109375
13762.865234375
13501.7421875
13267.98828125
13038.2099609375
12822.751953125
12638.8642578125
12447.6591796875
12271.615234375
12096.8427734375
11939.98828125
11789.255859375
11647.017578125
11515.6357421875
11385.6669921875
11264.76171875
11140.2216796875
11012.3115234375
10895.8466796875
10767.8095703125
10646.509765625
10524.765625
10412.3623046875
10305.4638671875
10208.857421875
10114.26953125
10016.13671875
9923.2607421875
9831.03515625
9739.0869140625
9654.7763671875
9562.94921875
9476.3505859375
9388.8837890625
9305.5302734375
9226.771484375
9158.623046875
9094.11328125
9028.59375
8965.37109375
8901.220703125
8838.3076171875
8782.439453125
8721.677734375
8663.6806640625
8604.576171875
8548.20703125
8490.86328125
8434.5361328125
8380.986328125
8327.1357421875
8275.8759765625
8223.12890625
8170.13720703125
8120.24072265625
8065.365234375
8013.1318359375
7959.982421875
7910.08935546875
7855.75048828125
7801.48974609375
7750.0927734375
7697.9794921875
7648.23876953125
7597.427734375
7547.32421875
7502.52392578125
7453.4150390625
7406.83642578125
7360.02294921875
7316.0751953125
7272.06005859375
7229.52734375
7189.69921875
7149.99755859375
7112.7314453125
7075.33203125
7039.0576171875
7005.24267578125
6966.0576171875
6926.98388671875
6886.0166015625
6846.2529296875
6805.1298828125
6764.11279296875
6724.42724609375
6683.33154296875
6643.212890625
6601.22265625
