20000.0
20000.0
20000.0
20000.0
20000.0
20000.0
20000.0
20000.0
20000.0
20000.0
20000.0
20000.0
20000.0
20000.0
20000.0
20000.0
20000.0
20000.0
20000.0
20000.0
20000.0
20000.0
20000.0
20000.0
20000.0
20000.0
20000.0
20000.0
20000.0
20000.0
20000.0
20000.0
20000.0
20000.0
20000.0
20000.0
20000.0
20000.0
19999.890625
20000.0
20000.0
20000.0
19999.990234375
19999.990234375
20000.0
20000.0
20000.0
20000.0
20000.0
20000.0
20000.0
20000.0
20000.0
20000.0
20000.0
20000.0
20000.0
20000.0
20000.0
20000.0
20000.0
20000.0
20000.0
20000.0
20000.0
20000.0
20000.0
20000.0
20000.0
20000.0
20000.0
20000.0
20000.0
19999.998046875
20000.0
20000.0
20000.0
20000.0
20000.0
20000.0
20000.0
20000.0
20000.0
20000.0
20000.0
20000.0
19817.03515625
19636.7109375
19457.16796875
19289.009765625
19120.62109375
18959.048828125
18816.12109375
18661.552734375
18510.55078125
18355.916015625
18209.80078125
18063.560546875
17921.646484375
17787.18359375
17650.8671875
17521.142578125
17390.318359375
17258.205078125
17138.55859375
17004.435546875
16868.51953125
16719.86328125
16576.60546875
16429.732421875
16286.3134765625
16153.806640625
16021.6318359375
15896.4140625
15774.01171875
15659.3271484375
15561.609375
15457.3935546875
15350.814453125
15233.8447265625
15123.8427734375
15012.5869140625
14900.5234375
14776.98828125
14635.2041015625
14406.4462890625
14186.72265625
