20000.0
20000.0
20000.0
20000.0
20000.0
20000.0
20000.0
20000.0
20000.0
20000.0
20000.0
20000.0
20000.0
20000.0
20000.0
20000.0
20000.0
20000.0
19999.990234375
20000.0
20000.0
20000.0
20000.0
20000.0
20000.0
20000.0
20000.0
20000.0
20000.0
20000.0
20000.0
20000.0
20000.0
20000.0
20000.0
20000.0
19948.8359375
19326.73046875
18736.61328125
18189.482421875
17674.80078125
17211.36328125
16812.30078125
16383.5322265625
15982.7548828125
15581.5146484375
15204.814453125
14832.234375
14476.8876953125
14150.1904296875
13829.453125
13533.4169921875
13238.8310546875
12954.7578125
12703.9560546875
12423.138671875
12157.0693359375
11899.98828125
11668.240234375
11457.6767578125
11254.16796875
11062.2578125
10863.1728515625
10697.8994140625
10547.62890625
10404.0966796875
10277.94921875
10141.5712890625
10014.828125
9887.107421875
9765.3505859375
9640.6552734375
9516.4384765625
9400.939453125
9284.2861328125
9173.3017578125
9060.806640625
8950.380859375
8852.5087890625
8746.0625
8644.4599609375
8541.3974609375
8443.0009765625
8343.21484375
8218.263671875
8110.17919921875
8006.80712890625
7914.09130859375
7824.3291015625
7741.0947265625
7665.7607421875
7587.33349609375
7513.5068359375
7434.05419921875
7343.5205078125
7252.9677734375
7169.0419921875
7094.578125
7016.49267578125
6939.72314453125
6864.177734375
6794.1044921875
6734.029296875
6670.18115234375
6609.56494140625
6544.53271484375
6476.5185546875
6403.8046875
6332.55615234375
6266.79541015625
6203.02294921875
6146.0791015625
6091.30224609375
6037.9912109375
5989.78125
5935.70068359375
5882.41015625
5826.6484375
5772.9951171875
5718.568359375
5662.95703125
5607.68798828125
5553.18212890625
5503.39990234375
5453.57666015625
