20000.0
20000.0
20000.0
20000.0
20000.0
20000.0
20000.0
20000.0
20000.0
20000.0
20000.0
20000.0
20000.0
20000.0
20000.0
20000.0
20000.0
20000.0
19999.998046875
20000.0
20000.0
20000.0
20000.0
20000.0
20000.0
20000.0
20000.0
20000.0
20000.0
20000.0
20000.0
20000.0
20000.0
20000.0
19999.994140625
20000.001953125
20000.0
20000.0
20000.0
20000.0
19999.94921875
20000.0
19999.994140625
19999.998046875
20000.0
20000.0
20000.0
20000.0
20000.0
19950.91796875
19599.541015625
19281.671875
18974.744140625
18686.158203125
18441.267578125
18182.224609375
17946.728515625
17720.3203125
17514.931640625
17318.974609375
17139.705078125
16969.869140625
16800.365234375
16641.9921875
16484.275390625
16331.36328125
16196.689453125
16050.87890625
15913.052734375
15774.103515625
15632.232421875
15484.66015625
15338.9306640625
15202.0068359375
15067.1142578125
14941.748046875
14816.857421875
14696.37109375
14590.6435546875
14477.06640625
14370.24609375
14263.19921875
14162.423828125
14061.205078125
13962.703125
13869.6689453125
13775.7275390625
13686.6220703125
13596.6875
13508.4541015625
13430.1025390625
13344.8828125
13263.81640625
13181.1865234375
13102.61328125
13022.51171875
12943.671875
12868.697265625
12792.00390625
12714.98046875
12630.9736328125
12547.08984375
12472.833984375
12392.9375
12317.9248046875
12242.7734375
12172.095703125
12101.6845703125
12034.34375
11974.3671875
11916.33203125
11862.9462890625
11809.8251953125
11757.7265625
11711.923828125
11662.0693359375
11614.7890625
11566.50390625
11520.0791015625
11465.8232421875
11409.138671875
11353.9716796875
11296.99609375
11241.83984375
11184.7333984375
