20000.0
20000.0
20000.0
20000.0
20000.0
19999.998046875
20000.0
20000.0
20000.0
20000.0
20000.0
20000.0
20000.0
20000.0
20000.0
20000.0
20000.0
20000.0
20000.0
20000.0
20000.0
20000.0
19999.927734375
20000.0
19999.998046875
19999.998046875
20000.0
20000.0
20000.0
20000.0
20000.0
20000.0
20000.0
20000.0
20000.0
20000.0
20000.00390625
20000.0
20000.0
20000.0
19487.85546875
18978.83984375
18571.798828125
18182.1484375
17848.859375
17521.693359375
17200.587890625
16908.41015625
16540.767578125
16140.5634765625
15713.2431640625
15334.087890625
14978.1650390625
14594.0576171875
14286.287109375
13981.443359375
13704.7646484375
13431.3994140625
13178.5908203125
12930.7431640625
12695.51171875
12478.4482421875
12260.908203125
12048.2744140625
11797.673828125
11580.4130859375
11388.0712890625
11182.1376953125
11018.0068359375
10867.6845703125
10732.4990234375
10599.513671875
10470.8173828125
10350.1337890625
10230.5810546875
10120.146484375
10003.8642578125
9888.720703125
9787.4638671875
9679.6728515625
9578.9306640625
9468.9169921875
9351.853515625
9228.9384765625
9113.5869140625
9009.2001953125
8901.6845703125
8802.7763671875
8707.9111328125
8620.3876953125
8546.01171875
8468.193359375
8391.7763671875
8309.2763671875
8226.94140625
8139.85400390625
8050.23779296875
7960.23388671875
7865.74169921875
7774.12255859375
7680.99609375
7591.73046875
7514.09326171875
7431.28515625
7353.6220703125
7276.04541015625
7203.52294921875
7131.31396484375
7061.23095703125
6998.6669921875
6930.4033203125
6859.9404296875
6785.74755859375
6711.68359375
6645.1376953125
6572.369140625
6503.44091796875
6433.84326171875
6367.86669921875
6300.8447265625
6234.46728515625
6171.24169921875
6106.42822265625
6044.00732421875
5980.3720703125
