20000.0
20000.0
20000.0
20000.0
20000.0
19999.994140625
20000.0
20000.0
20000.0
20000.0
20000.0
20000.0
20000.0
20000.0
20000.0
20000.0
20000.0
20000.0
20000.0
20000.0
20000.0
20000.0
20000.0
20000.0
20000.0
20000.0
20000.0
20000.0
20000.0
20000.0
20000.0
20000.0
20000.0
20000.0
20000.0
20000.0
20000.0
19999.998046875
20000.005859375
20000.0
20000.0
20000.0
19999.994140625
19999.998046875
20000.0
20000.0
20000.0
19999.927734375
20000.0
20000.0
20000.013671875
20000.0
20000.0
20000.0
20000.0
20000.0
20000.0
20000.0
20000.0
19999.990234375
19607.25390625
18995.873046875
18410.728515625
17882.3359375
17370.169921875
16888.484375
16481.1640625
16064.0908203125
15683.48828125
15311.541015625
14901.40625
14445.6337890625
14091.3671875
13793.482421875
13524.2724609375
13275.1689453125
12981.646484375
12721.314453125
12508.3466796875
12289.1728515625
12079.9775390625
11866.064453125
11658.6640625
11446.8447265625
11243.8916015625
11055.0869140625
10868.4814453125
10697.0302734375
10529.421875
10372.6826171875
10235.7138671875
10080.75390625
9930.212890625
9778.92578125
9638.34375
9500.87109375
9370.6923828125
9255.8740234375
9138.966796875
9024.83203125
8907.9267578125
8794.66796875
8697.4033203125
8594.5859375
8498.345703125
8400.8388671875
8307.73828125
8211.009765625
8113.62451171875
8019.1142578125
7920.95166015625
7826.98388671875
7731.5888671875
7637.84765625
7554.1552734375
7462.53857421875
7373.97412109375
7282.6015625
7195.67626953125
7108.38525390625
7023.30078125
6942.6591796875
6860.68408203125
6784.8271484375
6710.05908203125
