20000.0
20000.0
20000.0
20000.0
20000.0
20000.0
20000.0
20000.0
20000.0
20000.0
20000.0
20000.0
20000.0
20000.0
20000.0
20000.0
20000.0
20000.0
20000.0
20000.0
20000.0
20000.0
20000.0
20000.0
20000.0
20000.0
20000.0
20000.0
20000.0
20000.0
20000.0
20000.0
20000.0
20000.0
20000.0
20000.0
20000.0
20000.0
20000.0
20000.0
20000.0
20000.0
20000.0
20000.0
20000.0
20000.0
20000.0
20000.0
19999.9921875
20000.0
19999.970703125
19999.439453125
20000.0
20000.0
20000.0
20000.0
20000.0
20000.013671875
20000.005859375
20000.0
20000.00390625
20000.0
20000.001953125
20000.0
20000.001953125
20000.0
20000.0
20000.0
20000.00390625
20000.0
20000.001953125
20000.001953125
20000.0
19999.96875
20000.0
20000.0
20000.001953125
20000.001953125
20000.0
20000.0
20000.001953125
20000.0
20000.001953125
20000.001953125
20000.0
19999.94140625
19999.998046875
20000.0
20000.0
20000.0
20000.0
20000.0
19669.380859375
19156.041015625
18560.095703125
18012.958984375
17537.015625
17119.45703125
16734.669921875
16390.67578125
16057.203125
15740.744140625
15445.4033203125
15047.046875
14743.509765625
14463.8994140625
14210.9697265625
13963.2744140625
13727.921875
13510.615234375
13271.7841796875
13035.0546875
12808.759765625
12604.916015625
12420.064453125
12227.466796875
12044.7255859375
11851.3046875
11666.52734375
11484.283203125
11300.2607421875
11122.978515625
10937.0966796875
10764.7197265625
10592.9462890625
