20000.0
20000.0
20000.0
20000.0
20000.0
20000.0
20000.0
20000.0
20000.0
20000.0
20000.0
20000.0
20000.0
20000.0
20000.0
20000.0
20000.0
20000.0
20000.0
20000.0
20000.0
20000.0
20000.0
20000.0
20000.0
20000.0
20000.0
19999.90625
20000.0
20000.0
20000.0
20000.0
20000.0
19999.998046875
19999.982421875
20000.0
20000.0
20000.0
20000.0
20000.0
19999.984375
20000.0
20000.0
19999.99609375
20000.0
19999.998046875
20000.0
20000.0
20000.0
19999.9765625
20000.0
20000.0
20000.0
20000.0
20000.0
20000.0
19632.5703125
18723.064453125
17979.22265625
17342.298828125
16769.251953125
16245.0498046875
15735.212890625
15269.083984375
14802.80078125
14347.685546875
13955.2939453125
13546.3271484375
13190.8671875
12841.287109375
12529.4658203125
12228.2138671875
11952.994140625
11711.0732421875
11477.4599609375
11257.154296875
11035.2802734375
10819.99609375
10632.1611328125
10433.212890625
10244.3681640625
10056.30078125
9884.173828125
9719.6328125
9563.849609375
9418.7158203125
9274.2607421875
9138.64453125
9002.4501953125
8871.466796875
8756.0361328125
8630.173828125
8510.9130859375
8391.1865234375
8278.888671875
8165.8095703125
8052.3369140625
7946.3857421875
7841.6923828125
7744.1123046875
7647.01513671875
7552.5185546875
7468.4853515625
7373.32568359375
7280.4033203125
7185.80029296875
7096.94189453125
7008.81689453125
6927.1259765625
6848.267578125
6765.6044921875
6685.1533203125
6604.8984375
6533.80908203125
6479.81005859375
6422.92626953125
6367.8291015625
6310.1708984375
6228.5830078125
6140.306640625
6061.31884765625
5993.00146484375
5929.0791015625
5871.87841796875
5816.4892578125
