20000.0
20000.0
20000.0
20000.0
20000.0
20000.0
20000.0
20000.0
20000.0
20000.0
20000.0
20000.0
20000.0
20000.0
20000.0
20000.0
20000.0
20000.0
20000.0
20000.0
20000.0
20000.0
20000.0
19999.951171875
20000.0
20000.0
20000.0
20000.0
20000.0
20000.0
19999.99609375
19999.998046875
19999.998046875
20000.0
20000.0
20000.0
19999.962890625
19248.080078125
18326.1640625
17445.3203125
16640.91796875
15970.8818359375
15280.1982421875
14643.3408203125
14075.08203125
13559.6796875
13065.4150390625
12600.6728515625
12185.2294921875
11821.9794921875
11523.6533203125
11226.095703125
10940.4033203125
10694.251953125
10435.861328125
10195.810546875
9958.3486328125
9735.6162109375
9513.369140625
9301.224609375
9105.7705078125
8913.78125
8687.291015625
8480.0546875
8302.3271484375
8154.41845703125
7981.1875
7798.79248046875
7631.0205078125
7488.78857421875
7356.5703125
7220.48583984375
7067.10888671875
6913.435546875
6771.56005859375
6636.2412109375
6509.11181640625
6405.91650390625
6300.5556640625
6197.15185546875
6087.080078125
5979.39697265625
5869.59228515625
5761.505859375
5660.06787109375
5559.49755859375
5463.3193359375
5362.888671875
5265.14697265625
5180.69091796875
5091.791015625
5011.32421875
4930.70556640625
4852.71533203125
4773.01220703125
4694.181640625
4618.392578125
4542.279296875
4471.54736328125
4399.07470703125
4327.576171875
4262.994140625
4190.45556640625
4118.80419921875
4047.531005859375
3983.08740234375
3918.54638671875
3855.516357421875
3795.79150390625
3736.388916015625
3680.745361328125
3625.337646484375
3571.975830078125
3525.352783203125
3475.5556640625
3428.9501953125
3382.610595703125
3339.659912109375
3298.33203125
3261.4814453125
3228.397705078125
3195.279541015625
3160.0703125
3122.816650390625
