20000.0
20000.0
20000.0
20000.0
19999.9921875
20000.0
20000.0
20000.0
20000.0
20000.0
20000.0
20000.0
20000.0
20000.0
20000.0
20000.0
20000.0
20000.0
20000.0
20000.0
20000.0
20000.0
20000.0
20000.0
20000.0
20000.0
20000.0
20000.0
20000.0
20000.0
20000.0
20000.0
20000.0
20000.0
19999.1953125
19999.203125
20000.0
20000.0
19999.9921875
20000.0
20000.0
20000.001953125
20000.001953125
20000.0
20000.0
20000.0
20000.0
20000.0
20000.0
20000.0
19999.990234375
19999.998046875
20000.0
20000.0
20000.0
20000.0
20000.0
20000.0
20000.0
20000.0
19999.9453125
20000.0
20000.0
20000.0
20000.0
20000.0
20000.0
20000.0
20000.0
20000.0
20000.0
20000.0
20000.0
20000.0
20000.0
20000.0
20000.0
20000.0
20000.0
20000.0
20000.0
20000.0
20000.0
20000.0
20000.0
20000.0
20000.0
20000.0
20000.0
20000.0
19860.701171875
19486.09765625
19101.42578125
18722.12890625
18322.880859375
17938.46484375
17593.3359375
17268.900390625
16974.931640625
16674.51171875
16381.794921875
16134.943359375
15877.7080078125
15628.203125
15383.8251953125
15155.3583984375
14918.9296875
14675.15234375
14445.7451171875
14230.11328125
14037.169921875
13848.064453125
13664.5048828125
13501.806640625
13320.3515625
13145.75390625
12967.271484375
12805.3330078125
12642.494140625
12484.7197265625
12330.7099609375
12171.7666015625
12018.9873046875
11867.15625
