20000.0
20000.0
20000.0
20000.0
20000.0
20000.0
20000.0
20000.0
20000.0
20000.0
20000.0
20000.0
20000.0
20000.0
20000.0
20000.0
20000.0
20000.0
20000.0
20000.0
20000.0
20000.0
20000.0
20000.0
20000.0
20000.001953125
19999.931640625
20000.0
19999.998046875
20000.0
20000.0
20000.0
20000.0078125
20000.0
20000.0
20000.0
20000.0
20000.0
20000.0
20000.0
20000.0
20000.0
20000.0
20000.0
20000.0
20000.0
19999.955078125
20000.0
19999.998046875
19999.951171875
19999.9453125
20000.0
19999.2421875
20000.0
19107.060546875
17908.359375
16785.384765625
15799.478515625
15065.8544921875
14382.6123046875
13743.08203125
13158.5986328125
12582.470703125
12047.3232421875
11520.1630859375
11009.4404296875
10566.3662109375
10137.58984375
9733.328125
9330.5537109375
8959.359375
8593.37890625
8215.53125
7871.17529296875
7537.62353515625
7233.1767578125
6954.841796875
6696.72607421875
6475.42529296875
6241.62451171875
6043.08056640625
5860.68896484375
5703.17724609375
5552.19384765625
5407.47607421875
5250.9208984375
5100.1064453125
4963.8701171875
4832.67626953125
4711.10693359375
4608.572265625
4503.46337890625
4411.20263671875
4325.1962890625
4247.8447265625
4173.6728515625
4104.81591796875
4039.748291015625
3975.83251953125
3918.041015625
3862.535400390625
3810.76708984375
3766.71240234375
3720.812744140625
3678.747802734375
3637.69873046875
3600.1044921875
3563.39599609375
3528.755859375
3497.074462890625
3466.219482421875
3438.057373046875
3410.611572265625
3384.734619140625
3362.572265625
3339.44384765625
3318.21630859375
3297.344970703125
3278.016845703125
3258.96142578125
3240.796630859375
3223.98828125
3207.453369140625
3192.143798828125
3177.06201171875
