20000.0
20000.0
20000.0
20000.0
20000.0
20000.0
20000.0
20000.0
20000.0
20000.0
20000.0
20000.0
20000.0
20000.0
20000.0
20000.0
20000.0
20000.0
20000.0
20000.0
20000.0
20000.0
20000.0
20000.0
20000.0
20000.0
20000.0
20000.0
19999.96875
20000.0
20000.013671875
19999.1875
19999.998046875
20000.0
19999.986328125
19999.92578125
20000.0
20000.0
20000.0
20000.0
20000.0
20000.0
20000.0
20000.0
19999.9921875
20000.0
20000.0
20000.0
20000.0
20000.0
20000.0
20000.0
20000.0
20000.0
19774.85546875
19490.70703125
19180.728515625
18882.109375
18567.830078125
18223.51953125
17846.95703125
17481.095703125
17148.353515625
16813.337890625
16410.826171875
15992.8662109375
15598.0791015625
15261.7470703125
14911.298828125
14580.9462890625
14250.3173828125
13946.390625
13643.8330078125
13353.314453125
13079.271484375
12807.2734375
12555.2138671875
12303.759765625
12069.64453125
11873.9130859375
11670.6357421875
11481.5888671875
11292.0029296875
11123.8759765625
10956.138671875
10793.2470703125
10637.3525390625
10475.4453125
10323.0576171875
10170.6005859375
10021.6494140625
9897.9375
9760.1318359375
9608.9921875
9473.5673828125
9347.8701171875
9192.826171875
9047.021484375
8921.18359375
8802.669921875
8696.4501953125
8579.3857421875
8472.888671875
8376.86328125
8273.1962890625
8177.22119140625
8074.26708984375
7967.52490234375
7855.4921875
7747.615234375
7649.3564453125
7554.38525390625
7467.6611328125
7381.15234375
7294.93994140625
7216.74658203125
7127.271484375
7037.10107421875
6946.115234375
6862.0751953125
6779.064453125
6698.390625
6622.70458984375
6546.87109375
6475.40576171875
6403.921875
