20000.0
20000.0
20000.0
20000.0
20000.0
20000.0
20000.0
19999.998046875
20000.0
20000.0
20000.0
20000.0
20000.0
20000.0
20000.0
20000.0
20000.0
20000.0
20000.0
20000.0
20000.0
20000.0
20000.0
20000.0
20000.0
20000.0
20000.0
20000.0
20000.0
20000.0
20000.0
20000.0
20000.0
20000.0
20000.0
20000.0
20000.0
20000.0
20000.0
20000.0
20000.0
20000.0
20000.0
20000.0
20000.0
20000.0
20000.0
20000.0
20000.0
20000.0
20000.0
20000.0
20000.0
20000.0
20000.0
20000.0
20000.0
20000.0
19999.994140625
20000.0
19999.623046875
20000.0
19999.919921875
19999.958984375
19999.9921875
20000.0
20000.0
20000.0
20000.0
20000.0
20000.0
20000.0
20000.001953125
20000.0
20000.0
19999.97265625
20000.0
19999.990234375
19999.96484375
19999.998046875
20000.0
19999.99609375
20000.0
20000.0
20000.001953125
20000.0
20000.0
20000.015625
20000.0
20000.0078125
20000.0
19999.98828125
20000.00390625
20000.00390625
20000.001953125
20000.001953125
20000.0
19486.7265625
18923.34765625
18414.49609375
17917.861328125
17461.11328125
17017.392578125
16599.123046875
16235.021484375
15860.7177734375
15521.2373046875
15196.0068359375
14915.658203125
14655.685546875
14404.1640625
14169.423828125
13935.8203125
13717.3642578125
13499.744140625
13289.798828125
13106.623046875
12910.845703125
12727.7060546875
12544.7919921875
12371.837890625
12193.703125
12018.1591796875
11832.908203125
11592.44140625
11405.1123046875
11230.056640625
