20000.0
20000.0
20000.0
20000.0
20000.0
20000.0
20000.0
20000.0
20000.0
20000.0
20000.0
20000.0
20000.0
20000.0
20000.0
20000.0
20000.0
20000.0
20000.0
19999.9296875
19999.908203125
20000.0
19999.994140625
19999.99609375
20000.0
20000.0
20000.0
20000.0
19999.998046875
20000.0
20000.0
20000.0
20000.0
20000.0
20000.0
19330.384765625
18414.0390625
17734.48046875
17121.412109375
16582.45703125
16089.4677734375
15666.564453125
15264.5693359375
14789.787109375
14409.2841796875
14057.7861328125
13735.767578125
13428.9853515625
13126.912109375
12845.873046875
12578.4248046875
12339.5615234375
12107.328125
11886.833984375
11693.720703125
11502.91796875
11334.3759765625
11164.9345703125
11000.697265625
10827.158203125
10646.853515625
10475.0087890625
10301.61328125
10136.2509765625
9965.90625
9791.4541015625
9624.79296875
9428.90234375
9241.5537109375
9044.2412109375
8850.5888671875
8659.1328125
8479.634765625
8319.1279296875
8165.78076171875
8027.17333984375
7893.4990234375
7757.66259765625
7638.53173828125
7511.83203125
7384.70263671875
7204.30810546875
7035.5263671875
6876.787109375
6731.2705078125
6597.33056640625
6465.74853515625
6345.0849609375
6226.79541015625
6114.01416015625
6015.55078125
5912.31298828125
5817.609375
5723.28759765625
5634.755859375
5543.6875
5456.41259765625
5376.3642578125
5298.1171875
5226.18994140625
5155.26318359375
5087.54736328125
5028.5244140625
4965.392578125
4906.599609375
4847.9423828125
4793.0712890625
4740.8359375
4690.486328125
4643.82958984375
4598.7470703125
4557.53076171875
4516.18896484375
4475.63427734375
4439.51123046875
4398.2607421875
4356.37890625
4312.837890625
4271.31396484375
4229.25048828125
4188.0673828125
4149.1044921875
4109.65185546875
4072.363037109375
4034.724365234375
