20000.0
20000.0
20000.0
19999.998046875
20000.0
20000.0
20000.0
20000.0
20000.0
20000.0
20000.0
20000.0
20000.0
20000.0
20000.0
20000.0
20000.0
20000.0
20000.0
20000.0
20000.0
20000.0
20000.0
20000.0
20000.0
20000.0
20000.0
19999.9609375
20000.0
20000.0
20000.0
20000.0
20000.001953125
20000.0
20000.0
20000.0
20000.015625
19999.990234375
20000.01171875
20000.0
20000.0
19999.99609375
20000.001953125
20000.001953125
19999.998046875
20000.0
20000.0
20000.001953125
20000.0
20000.0
19999.998046875
20000.0
20000.0
20000.0
20000.0
20000.0
19986.552734375
19286.77734375
18608.767578125
17973.732421875
17398.00390625
16735.689453125
16123.6552734375
15604.3154296875
15148.9033203125
14782.1435546875
14411.9541015625
14079.2734375
13755.25390625
13442.345703125
13103.0986328125
12812.8935546875
12562.0029296875
12294.6103515625
12046.6044921875
11811.28125
11585.75390625
11381.5263671875
11153.5576171875
10930.36328125
10703.8740234375
10506.2548828125
10306.4287109375
10115.064453125
9942.67578125
9775.3818359375
9624.6826171875
9479.337890625
9339.84375
9214.8056640625
9078.28515625
8948.44921875
8816.345703125
8684.0126953125
8554.6982421875
8430.705078125
8312.50390625
8192.2685546875
8077.77587890625
7961.51611328125
7848.0498046875
7747.98388671875
7639.65625
7537.84033203125
7433.58251953125
7333.67919921875
7232.01611328125
7132.05224609375
7037.19873046875
6941.158203125
6849.45458984375
6755.98583984375
6663.3427734375
6581.689453125
6493.7080078125
6410.89013671875
6327.4912109375
6248.32861328125
6167.265625
6087.0068359375
6010.39990234375
5932.73046875
5859.28759765625
5782.4462890625
