20000.0
20000.0
20000.0
20000.0
20000.0
20000.0
20000.0
20000.0
20000.0
20000.0
20000.0
20000.0
20000.0
20000.0
20000.0
20000.0
19999.9921875
20000.0
20000.0
20000.0
20000.0
20000.0
20000.0
19999.982421875
19871.439453125
18969.490234375
18209.17578125
17531.283203125
16917.083984375
16415.37890625
15907.3955078125
15454.767578125
15026.1123046875
14636.9140625
14264.7978515625
13921.88671875
13610.3662109375
13306.5791015625
13030.7470703125
12760.923828125
12506.4892578125
12308.4580078125
12095.720703125
11898.015625
11703.8359375
11536.171875
11386.9453125
11252.009765625
11131.0322265625
11002.041015625
10881.8564453125
10766.48828125
10660.3154296875
10569.4404296875
10469.662109375
10381.330078125
10304.4560546875
10227.0087890625
10148.2626953125
10084.1162109375
10031.73046875
9979.283203125
9924.826171875
9869.814453125
9798.421875
9732.0537109375
9640.9169921875
9528.8359375
9404.7509765625
9272.3642578125
9123.1123046875
8962.1630859375
8802.240234375
8643.5205078125
8500.2548828125
8360.4599609375
8229.9169921875
8119.0498046875
7999.78564453125
7884.05908203125
7765.583984375
7654.4931640625
7541.29931640625
7427.56982421875
7314.87548828125
7200.7880859375
7093.5751953125
6985.2763671875
6879.39794921875
6785.53076171875
6682.384765625
6582.39111328125
6475.466796875
6369.19775390625
6266.052734375
6170.2060546875
6082.55322265625
5996.14501953125
5917.83544921875
5845.6689453125
5779.47412109375
5722.724609375
5662.4228515625
5606.01220703125
5549.57958984375
5496.736328125
5444.572265625
5391.02197265625
5335.35546875
5247.431640625
5164.24560546875
5083.599609375
5008.11376953125
4943.70361328125
4876.43896484375
4814.63720703125
4753.80859375
4697.38037109375
4641.25
4587.1416015625
4536.4052734375
4485.5576171875
4437.7841796875
4391.107421875
