20000.0
20000.0
20000.0
20000.0
20000.0
20000.0
20000.0
20000.0
20000.0
20000.0
20000.0
20000.0
20000.0
20000.0
20000.0
20000.0
20000.0
19999.95703125
20000.00390625
20000.0
20000.0
20000.0
19999.9921875
20000.0
20000.0
20000.0
20000.0
20000.0
19999.998046875
20000.0
20000.0
20000.0
20000.0
19999.998046875
20000.0
19999.998046875
20000.0
19958.986328125
18706.076171875
17665.19140625
16817.84765625
16109.849609375
15393.5927734375
14763.689453125
14191.4990234375
13694.388671875
13200.8798828125
12741.5
12326.115234375
11929.259765625
11567.2705078125
11214.3251953125
10880.7001953125
10613.828125
10319.2607421875
10042.0576171875
9766.1884765625
9508.8642578125
9252.3603515625
9002.140625
8771.6396484375
8549.5087890625
8344.1669921875
8140.85107421875
7944.61279296875
7773.337890625
7595.7431640625
7433.79052734375
7273.38720703125
7124.33447265625
6973.380859375
6830.73681640625
6699.9775390625
6571.072265625
6451.30126953125
6332.6826171875
6219.27978515625
6119.3037109375
6010.35205078125
5904.85693359375
5802.28369140625
5707.33349609375
5613.24755859375
5520.31689453125
5433.35546875
5351.03076171875
5274.634765625
5201.97705078125
5132.8701171875
5072.13037109375
5007.67529296875
4948.8828125
4891.9091796875
4842.29296875
4794.25830078125
4748.04345703125
4704.419921875
4660.486328125
4620.94482421875
4582.861328125
4547.55517578125
4517.1044921875
4484.3271484375
4453.26220703125
4421.79345703125
4392.5849609375
4363.419921875
4334.990234375
4308.5732421875
4282.5458984375
4258.41455078125
4234.47265625
4211.87109375
4192.36181640625
4171.59814453125
4152.2685546875
4133.58251953125
4116.56298828125
4100.05615234375
4084.176513671875
4069.263671875
4054.305908203125
4040.60986328125
4026.99072265625
