20000.0
20000.0
20000.0
20000.0
20000.0
20000.0
20000.0
20000.0
20000.0
20000.0
20000.0
20000.0
20000.0
20000.0
20000.0
20000.0
20000.0
20000.0
20000.0
20000.0
20000.0
20000.0
20000.0
20000.0
20000.0
20000.0
19999.994140625
19997.353515625
19999.998046875
20000.0
20000.0
19999.998046875
19999.982421875
20000.0
20000.0
20000.0
20000.0
20000.0
20000.0
19999.904296875
19999.99609375
20000.0
20000.0
19999.998046875
20000.0
20000.0
20000.0
20000.0
20000.0
20000.0
20000.0
19999.998046875
19999.998046875
20000.0
19360.40234375
18609.63671875
17788.60546875
17031.59765625
16371.6044921875
15717.654296875
15056.6279296875
14406.9462890625
13832.466796875
13345.7255859375
12902.4921875
12473.8984375
12086.94921875
11759.689453125
11423.33984375
11118.8134765625
10818.349609375
10535.1875
10244.0322265625
9956.7470703125
9687.6494140625
9418.1884765625
9163.4326171875
8903.4873046875
8647.171875
8421.662109375
8206.7236328125
8003.416015625
7790.9501953125
7582.18505859375
7369.736328125
7163.70458984375
6972.73828125
6786.71533203125
6615.08740234375
6436.55712890625
6266.04931640625
6120.34130859375
5967.48974609375
5826.41259765625
5685.6435546875
5554.8486328125
5430.5
5310.68896484375
5192.232421875
5071.44140625
4958.8857421875
4846.8642578125
4738.32275390625
4643.23583984375
4548.53857421875
4461.18603515625
4372.3203125
4288.2626953125
4204.00439453125
4124.01953125
4052.3994140625
3980.3212890625
3916.611083984375
3856.954833984375
3801.696533203125
3755.293212890625
3706.3720703125
3660.6630859375
3614.61083984375
3572.099853515625
3530.18017578125
3489.919677734375
3446.93212890625
3400.8798828125
3358.615966796875
3318.249267578125
