20000.0
20000.0
20000.0
20000.0
20000.0
20000.0
20000.0
20000.0
20000.0
20000.0
20000.0
20000.0
20000.0
20000.0
20000.0
20000.0
20000.0
20000.0
20000.0
20000.0
20000.0
20000.0
20000.0
20000.0
20000.0
20000.0
20000.0
20000.0
20000.0
20000.0
20000.0
20000.0
20000.0
20000.0
20000.0
20000.0
20000.0
20000.0
19992.53125
19999.951171875
19999.984375
20000.0
20000.0
19999.998046875
19999.98828125
20000.0
19999.998046875
20000.013671875
20000.0
20000.001953125
20000.001953125
20000.0
20000.0
20000.0
20000.0
20000.0
19999.998046875
20000.0
20000.0
20000.0
19999.96484375
19999.998046875
20000.0
20000.0
19999.998046875
20000.0
20000.0
20000.0
20000.0
20000.0
20000.0
20000.0
20000.0
19860.453125
19459.896484375
19066.5
18515.96484375
18103.181640625
17769.685546875
17422.994140625
17104.14453125
16781.083984375
16482.93359375
16190.2734375
15913.6904296875
15679.2490234375
15436.005859375
15202.1025390625
14976.6474609375
14764.087890625
14582.9560546875
14384.7607421875
14136.80859375
13865.220703125
13620.359375
13404.5419921875
13215.9189453125
13047.2138671875
12872.244140625
12703.0283203125
12532.9482421875
12360.61328125
12196.9033203125
12024.9658203125
11867.3974609375
11717.421875
11579.982421875
11444.912109375
11316.638671875
11196.828125
11072.6904296875
10951.5361328125
10826.7890625
10703.8037109375
10594.12890625
10463.7099609375
10340.794921875
10220.611328125
10109.3447265625
9997.8271484375
9889.7548828125
9788.205078125
9684.919921875
9586.95703125
9486.953125
