20000.0
20000.0
20000.0
20000.0
20000.0
20000.0
20000.0
20000.0
20000.0
20000.0
20000.0
20000.0
20000.0
20000.0
20000.0
20000.0
20000.0
20000.0
19998.94140625
19999.7265625
20000.0
20000.0
20000.0
20000.0
19999.99609375
20000.0
20000.0
20000.0
20000.0
19999.994140625
20000.0
20000.0
19377.31640625
18416.837890625
17577.20703125
16964.55078125
16145.044921875
15408.4189453125
14826.50390625
14272.82421875
13762.0869140625
13347.173828125
12958.5048828125
12652.296875
12369.0869140625
12107.1708984375
11841.962890625
11584.4677734375
11325.4296875
11067.6884765625
10828.376953125
10592.1083984375
10362.0068359375
10160.830078125
9947.123046875
9748.185546875
9551.8486328125
9378.0625
9206.7822265625
9044.052734375
8894.994140625
8749.716796875
8617.7587890625
8489.2763671875
8367.75390625
8263.322265625
8153.2548828125
8051.79443359375
7952.216796875
7861.921875
7773.30029296875
7689.1201171875
7611.13623046875
7533.77685546875
7461.49169921875
7388.58349609375
7316.65869140625
7252.68115234375
7183.126953125
7117.3046875
7050.77197265625
6987.61572265625
6923.6875
6860.3134765625
6798.35107421875
6738.92724609375
6677.408203125
6612.2607421875
6548.2841796875
6492.71142578125
6433.04833984375
6376.3916015625
6318.22314453125
6261.7041015625
6204.0546875
6151.13330078125
6105.87646484375
6062.013671875
6020.841796875
5979.66796875
5939.314453125
5903.8037109375
5865.65087890625
5828.80029296875
5790.5341796875
5753.3037109375
5714.49658203125
5669.361328125
5600.7470703125
5529.72314453125
5464.24560546875
5400.02392578125
5338.8662109375
5286.28076171875
5230.56884765625
5178.76806640625
5127.22412109375
5079.40234375
5031.96484375
4986.38525390625
4943.7734375
4901.1201171875
4861.1201171875
4821.0517578125
