14454.3271484375
13863.052734375
13357.84765625
13088.4267578125
13012.2421875
13070.888671875
13210.453125
13636.1015625
14062.7587890625
14484.8251953125
14867.484375
15231.1005859375
15565.861328125
15866.236328125
16154.6572265625
16415.79296875
16668.771484375
16907.37109375
17112.98828125
17329.923828125
17531.677734375
17733.6640625
17923.603515625
18118.5234375
18318.46875
18514.97265625
18744.455078125
18985.3359375
18940.591796875
16520.51953125
14486.9658203125
13187.33203125
12459.1884765625
11909.2841796875
11417.7578125
10993.529296875
10657.1552734375
10411.4716796875
10220.9013671875
10056.68359375
9898.3818359375
9729.5419921875
9557.279296875
9376.6474609375
9219.55859375
9077.5361328125
8954.4130859375
8841.2275390625
8736.14453125
8641.5419921875
8551.2060546875
8470.7783203125
8394.6044921875
8324.310546875
8263.5859375
8195.94921875
8127.62939453125
8057.00146484375
7988.20263671875
7920.853515625
7857.240234375
7799.61181640625
7743.57080078125
7692.4384765625
7634.25927734375
7570.14208984375
7510.166015625
7444.205078125
7382.18994140625
7322.22314453125
7267.15625
7212.77978515625
7160.365234375
7111.18505859375
7074.27392578125
7041.02978515625
7007.51806640625
6974.5595703125
6944.9521484375
6911.71875
6878.50927734375
6842.9052734375
6807.17431640625
6769.21484375
6730.38720703125
6692.30859375
6652.703125
6611.46142578125
6567.845703125
6524.95361328125
6487.3837890625
6447.9384765625
6411.2685546875
6374.18359375
6338.73193359375
6302.36328125
6266.29833984375
6231.77490234375
6196.5234375
6162.2587890625
6126.3056640625
6089.130859375
6052.51123046875
6008.84814453125
5965.05810546875
5919.45654296875
5875.6513671875
5831.107421875
5787.4150390625
5745.94287109375
5703.93896484375
5664.05419921875
5623.62451171875
5583.93896484375
5548.67578125
5510.2568359375
5473.8486328125
5436.7275390625
5400.791015625
5363.314453125
5325.54443359375
5288.8388671875
5250.90283203125
5214.447265625
5177.3701171875
