20000.0
20000.0
20000.0
20000.0
20000.0
20000.0
20000.0
20000.0
20000.0
20000.0
20000.0
20000.0
20000.0
20000.0
20000.0
20000.0
20000.0
20000.0
20000.0
20000.0
20000.0
20000.0
20000.0
20000.0
20000.0
20000.0
20000.0
19999.99609375
20000.0
20000.0
19999.998046875
20000.0
20000.001953125
20000.0
20000.0
19999.984375
20000.0
19999.994140625
20000.0
20000.0
20000.0
20000.0
20000.0
20000.0
20000.0
20000.0
20000.0
20000.0
20000.0
20000.0
20000.0
20000.0
20000.0
20000.0
20000.0
20000.0
20000.0
19999.99609375
19732.478515625
19424.830078125
19138.517578125
18854.140625
18590.55859375
18333.078125
18084.587890625
17865.474609375
17634.880859375
17422.390625
17212.76953125
17018.2421875
16825.158203125
16640.029296875
16467.001953125
16294.8671875
16134.8017578125
15976.041015625
15823.419921875
15690.1015625
15547.2041015625
15412.2587890625
15278.1337890625
15153.6337890625
15111.857421875
15084.1943359375
15065.796875
15053.5302734375
15045.337890625
15039.859375
15028.759765625
15013.1376953125
14938.130859375
14865.8359375
14738.7568359375
14617.4990234375
14511.4052734375
14406.7509765625
14302.900390625
14211.1552734375
14113.4912109375
14024.3662109375
13938.916015625
13861.451171875
13770.5068359375
13652.87890625
13544.087890625
13445.9970703125
13355.1435546875
13267.111328125
13184.5751953125
13111.169921875
13033.6279296875
12962.2890625
12892.21484375
12827.5771484375
12763.33984375
12701.58984375
12644.9130859375
12587.109375
12532.4208984375
12477.9677734375
12424.919921875
12379.3154296875
12328.27734375
12278.7509765625
12224.8984375
12171.6162109375
12117.0615234375
12063.087890625
12012.1376953125
11960.0029296875
11910.158203125
11860.0947265625
