20000.0
20000.0
20000.0
20000.0
20000.0
20000.0
20000.0
20000.0
20000.0
20000.0
20000.0
20000.0
20000.0
20000.0
20000.0
20000.0
20000.0
20000.0
20000.0
20000.0
20000.0
20000.0
20000.0
20000.0
20000.0
20000.0
20000.0
19999.998046875
20000.0
20000.0
19999.998046875
20000.0
20000.0
20000.0
19999.96875
19999.998046875
19999.986328125
20000.0
20000.0
20000.0
19999.982421875
20000.0
20000.0
20000.0
20000.0
20000.0
20000.0
20000.0
20000.0
20000.0
20000.0
20000.0
20000.0
20000.0
20000.0
20000.0
19776.087890625
19479.591796875
19196.6875
18904.865234375
18608.9609375
18290.568359375
17934.173828125
17594.54296875
17262.927734375
16942.7421875
16628.630859375
16222.1328125
15843.6298828125
15476.6513671875
15142.412109375
14815.650390625
14491.82421875
14192.34375
13897.923828125
13622.2939453125
13347.5732421875
13079.7548828125
12846.5576171875
12598.1240234375
12365.8369140625
12139.7490234375
11936.328125
11741.41015625
11554.298828125
11375.056640625
11207.9970703125
11051.4736328125
10894.7724609375
10741.89453125
10603.05078125
10450.8193359375
10307.4140625
10163.63671875
10027.1982421875
9897.548828125
9762.4873046875
9619.9814453125
9492.0439453125
9372.6474609375
9232.3203125
9091.220703125
8974.64453125
8858.509765625
8754.78515625
8652.06640625
8545.4033203125
8443.6240234375
8343.4326171875
8249.7763671875
8156.4970703125
8062.01416015625
7956.98193359375
7850.92236328125
7758.2509765625
7661.404296875
7573.4755859375
7487.8955078125
7408.46875
7327.587890625
7245.869140625
7166.5498046875
7078.16796875
6993.181640625
6909.0263671875
