20000.0
20000.0
20000.0
20000.0
20000.0
20000.0
20000.0
20000.0
20000.0
20000.0
20000.0
20000.0
20000.0
20000.0
20000.0
20000.0
20000.0
20000.0
20000.0
19452.36328125
18415.681640625
17640.533203125
16982.884765625
16386.82421875
15866.5712890625
15381.630859375
14926.41796875
14470.1884765625
14030.3671875
13635.2177734375
13197.7275390625
12784.0966796875
12362.3046875
11947.9658203125
11544.919921875
11168.6865234375
10820.3818359375
10468.4375
10132.341796875
9797.939453125
9531.65234375
9332.37109375
9118.517578125
8910.5751953125
8706.0615234375
8516.5732421875
8328.529296875
8147.9404296875
7980.736328125
7819.59765625
7663.41015625
7505.62548828125
7350.2978515625
7213.92431640625
7066.185546875
6929.2236328125
6794.63037109375
6669.53662109375
6545.91845703125
6428.0341796875
6318.39453125
6207.140625
6102.57763671875
6000.68798828125
5904.57373046875
5822.10107421875
5734.63330078125
5652.62841796875
5570.06298828125
5492.4921875
5417.77587890625
5347.86865234375
5283.79443359375
5204.23828125
5130.59814453125
5065.33837890625
5004.43603515625
4951.83837890625
4897.8720703125
4850.0712890625
4803.4677734375
4760.0146484375
4702.77685546875
4640.08447265625
4582.81494140625
4529.8134765625
4482.037109375
4431.17431640625
4368.716796875
4313.7646484375
4255.89208984375
4203.15673828125
4151.802734375
4104.60595703125
4053.96484375
4005.1005859375
3961.482666015625
3920.938720703125
3884.85693359375
3849.075439453125
3813.331298828125
3780.070556640625
3742.776611328125
3707.203857421875
3670.939697265625
3636.70263671875
3602.75390625
3569.61279296875
3537.93603515625
3505.341064453125
3473.17333984375
3439.54736328125
3405.93408203125
3375.810302734375
3343.04541015625
3311.647216796875
3279.09716796875
3247.749755859375
3216.061279296875
3185.795166015625
3156.710205078125
3126.37841796875
3097.2353515625
3066.918701171875
