19896.181640625
18732.521484375
17792.927734375
17082.365234375
16841.357421875
16665.33984375
16658.7265625
16977.330078125
17369.923828125
17790.60546875
18186.10546875
18571.365234375
18930.3984375
19256.5390625
19572.953125
19860.724609375
20000.0
20000.0
20000.0
20000.0
20000.0
20000.0
20000.0
20000.0
20000.0
20000.0
20000.0
20000.0
20000.0
20000.0
20000.0
19999.46875
18440.240234375
17015.244140625
16249.4521484375
15644.5830078125
15098.5693359375
14614.1572265625
14180.626953125
13824.724609375
13528.28125
13275.294921875
13071.341796875
12864.3828125
12675.00390625
12497.05859375
12325.3896484375
12159.291015625
12009.5361328125
11876.1728515625
11746.1826171875
11625.3193359375
11505.052734375
11388.8330078125
11287.173828125
11179.05078125
11078.9033203125
10980.4287109375
10888.224609375
10789.66015625
10687.302734375
10587.1953125
10484.70703125
10387.27734375
10288.84375
10190.5654296875
10104.498046875
10013.01953125
9927.861328125
9843.0341796875
9763.6904296875
9682.658203125
9602.8349609375
9522.73046875
9436.6318359375
9351.4345703125
9263.478515625
9177.375
9099.8095703125
9008.44921875
8919.7236328125
8830.5693359375
8746.9716796875
8663.2666015625
8581.904296875
8505.119140625
8427.6845703125
8354.3623046875
8293.2119140625
8238.3134765625
8189.33349609375
8135.7744140625
8083.85205078125
8030.26318359375
7978.5390625
7924.7255859375
7871.4453125
7822.04736328125
7767.66943359375
7713.37109375
7656.42578125
7599.88232421875
7551.0595703125
7498.248046875
7447.70361328125
7395.72607421875
7345.66796875
7294.3076171875
7243.40966796875
7194.70654296875
7144.8583984375
7097.08056640625
7048.23779296875
6999.90966796875
6956.65185546875
6909.13916015625
6863.4736328125
6816.6435546875
6771.6435546875
6725.3720703125
6679.24267578125
6634.7998046875
6589.240234375
6545.56689453125
6500.888671875
