20000.0
20000.0
20000.0
20000.0
20000.0
20000.0
20000.0
20000.0
20000.0
20000.0
20000.0
20000.0
20000.0
20000.0
20000.0
20000.0
20000.0
20000.0
20000.0
20000.0
20000.0
20000.0
20000.0
20000.0
20000.0
20000.0
20000.0
20000.0
20000.0
20000.0
20000.0
20000.0
19999.998046875
19999.9921875
19999.98828125
19999.998046875
20000.0
20000.0
20000.0
19999.990234375
20000.0
20000.0
20000.0
20000.0
20000.0
20000.0
20000.0
20000.0
20000.0
20000.0
20000.0
20000.0
20000.001953125
20000.0
20000.0
20000.001953125
20000.0
20000.0
20000.0
19999.99609375
20000.0
20000.0
20000.0
20000.0
20000.0
20000.0
20000.0
19125.41796875
18175.509765625
17214.666015625
16293.0322265625
15449.041015625
14726.5400390625
14070.16015625
13507.1171875
12979.6015625
12478.533203125
12047.9560546875
11590.375
11184.892578125
10791.4072265625
10416.2734375
10017.8837890625
9639.8134765625
9297.896484375
8961.921875
8656.19921875
8351.5693359375
8051.4853515625
7776.58056640625
7483.97705078125
7216.07373046875
6956.0498046875
6731.3115234375
6524.13916015625
6331.53466796875
6153.24462890625
5982.123046875
5831.97802734375
5688.09375
5552.46826171875
5412.275390625
5260.1298828125
5128.5
5005.42431640625
4894.27294921875
4785.83447265625
4683.755859375
4593.52880859375
4506.921875
4428.9833984375
4353.19970703125
4282.4951171875
4222.3232421875
4159.76513671875
4103.02001953125
4047.865234375
3997.538330078125
3948.531494140625
3902.19970703125
3859.656494140625
3817.908935546875
3779.5380859375
3741.87744140625
