20000.0
20000.0
20000.0
20000.0
20000.0
20000.0
20000.0
20000.0
20000.0
20000.0
20000.0
20000.0
20000.0
20000.0
20000.0
20000.0
20000.0
20000.0
20000.0
20000.0
20000.0
20000.0
20000.00390625
20000.0
19999.998046875
19327.146484375
18335.955078125
17537.513671875
16850.033203125
16242.396484375
15763.9921875
15298.4208984375
14887.9892578125
14506.9091796875
14162.0419921875
13833.6064453125
13527.9814453125
13250.7041015625
12970.9287109375
12710.9697265625
12454.1826171875
12215.5146484375
12006.8486328125
11784.1748046875
11590.724609375
11399.029296875
11219.544921875
11045.208984375
10882.63671875
10737.2861328125
10595.8974609375
10462.1494140625
10329.392578125
10204.3154296875
10098.470703125
9988.591796875
9888.71875
9796.375
9714.373046875
9635.0380859375
9568.4580078125
9510.9921875
9453.0810546875
9402.3330078125
9357.546875
9287.001953125
9219.9189453125
9113.28125
8986.21875
8844.1435546875
8699.97265625
8549.953125
8394.4677734375
8252.0126953125
8113.8544921875
7977.54248046875
7844.56591796875
7721.2236328125
7615.46337890625
7502.94482421875
7397.55859375
7292.18115234375
7192.26318359375
7091.10546875
6992.18798828125
6898.53857421875
6802.57373046875
6711.6611328125
6609.1630859375
6501.60546875
6417.48388671875
6329.43212890625
6247.20361328125
6164.93408203125
6087.5849609375
6008.3037109375
5932.10546875
5862.45263671875
5791.8583984375
5723.09228515625
5656.25830078125
5592.6484375
5536.638671875
5475.080078125
5410.2744140625
5338.9765625
5270.80712890625
5201.99560546875
5135.49609375
5073.74755859375
5007.396484375
4942.0615234375
4877.17919921875
4814.86865234375
4759.0908203125
4698.90869140625
4640.69921875
4583.4423828125
4535.39697265625
4488.533203125
4441.23486328125
4394.75
4346.0205078125
4299.04248046875
4251.77734375
