20000.0
20000.0
20000.0
20000.0
20000.0
20000.0
20000.0
20000.0
20000.0
20000.0
20000.0
20000.0
20000.0
20000.0
20000.0
20000.0
20000.0
20000.0
20000.0
20000.0
20000.0
20000.0
20000.0
20000.0
20000.005859375
20000.0
19998.083984375
20000.0
20000.0
20000.0
20000.0
19999.990234375
20000.0
19999.9921875
20000.0
20000.0
19999.984375
20000.0
19999.99609375
20000.0
20000.0
20000.0
20000.0
20000.0
20000.0
20000.0
19357.166015625
18612.82421875
17849.54296875
17161.947265625
16536.400390625
15972.6259765625
15401.2861328125
14867.8515625
14433.9990234375
14003.05859375
13656.5771484375
13329.2001953125
13042.7685546875
12771.6005859375
12512.3828125
12266.87890625
12013.7275390625
11768.212890625
11513.361328125
11256.330078125
11024.4716796875
10770.826171875
10531.7158203125
10293.52734375
10075.18359375
9857.2841796875
9647.296875
9452.3046875
9246.00390625
9056.6298828125
8872.60546875
8698.306640625
8548.23046875
8384.62109375
8232.9873046875
8084.69091796875
7944.29931640625
7801.28369140625
7663.31298828125
7542.263671875
7423.65234375
7313.88671875
7205.4140625
7101.66015625
7011.81689453125
6917.3994140625
6830.66162109375
6745.2392578125
6666.84765625
6589.572265625
6516.08544921875
6448.27392578125
6382.4921875
6322.74267578125
6263.0751953125
6204.96630859375
6153.65771484375
6098.34423828125
6046.208984375
5993.80126953125
5944.38916015625
5894.7841796875
5846.12060546875
5799.35546875
5752.314453125
5708.22802734375
5664.12646484375
5621.5830078125
5583.7822265625
5543.57568359375
5506.36083984375
5469.490234375
5435.2373046875
5401.287109375
5368.806640625
5338.5458984375
5308.58251953125
5280.9931640625
5253.431640625
