20000.0
20000.0
20000.0
19361.193359375
19128.263671875
19236.39453125
19531.455078125
20000.0
20000.0
20000.0
20000.0
20000.0
20000.0
20000.0
20000.0
19999.98046875
19995.01171875
20000.001953125
20000.0
19256.25390625
17838.767578125
16662.724609375
15730.578125
14959.912109375
14319.22265625
13782.1240234375
13305.4287109375
12884.5458984375
12517.17578125
12191.03515625
11926.7861328125
11654.5205078125
11411.7587890625
11184.3759765625
10980.685546875
10785.1279296875
10601.0087890625
10431.119140625
10264.7568359375
10110.599609375
9956.861328125
9804.5751953125
9670.9970703125
9530.0009765625
9401.578125
9278.615234375
9166.5625
9055.0205078125
8955.39453125
8874.8203125
8794.9501953125
8720.787109375
8647.9013671875
8579.6279296875
8518.5537109375
8454.494140625
8396.0302734375
8337.765625
8284.123046875
8235.1220703125
8193.365234375
8156.29248046875
8119.310546875
8087.27783203125
8057.07177734375
7999.1162109375
7938.8544921875
7825.5693359375
7707.71630859375
7586.23876953125
7465.28662109375
7340.2080078125
7211.0107421875
7092.03759765625
6976.59912109375
6870.77294921875
6766.07177734375
6664.70556640625
6575.90185546875
6481.48779296875
6393.97998046875
6307.1640625
6226.193359375
6146.01513671875
6068.49169921875
5994.7294921875
5919.34521484375
5847.732421875
5775.3798828125
5704.8876953125
5642.64111328125
5575.0400390625
5511.38525390625
5447.19873046875
5386.49560546875
5325.22607421875
5265.5390625
5209.2666015625
5152.46728515625
5098.818359375
5044.6728515625
4990.22705078125
4942.58056640625
4891.16943359375
4842.7333984375
4793.9052734375
4747.91552734375
4701.51953125
4656.046875
4612.71435546875
4568.60400390625
4526.544921875
4483.75390625
4441.654296875
4404.2626953125
4363.5361328125
4324.79833984375
4285.5
4247.3505859375
4208.63525390625
4170.4853515625
4134.01611328125
4096.966796875
4061.748291015625
4026.0556640625
