20000.0
20000.0
20000.0
19891.259765625
18950.431640625
18753.169921875
18987.01953125
19388.650390625
20000.0
19999.998046875
20000.0
20000.0
19999.9921875
20000.0
20000.0
20000.0
18364.32421875
16664.912109375
15433.662109375
14497.6943359375
13610.5703125
12935.97265625
12401.8642578125
11982.2900390625
11596.83984375
11287.9140625
11052.05859375
10818.39453125
10604.396484375
10385.359375
10160.4990234375
9974.8291015625
9785.3955078125
9611.4638671875
9443.728515625
9292.48046875
9145.427734375
9007.2392578125
8900.2724609375
8792.732421875
8689.5048828125
8587.65234375
8491.2578125
8407.755859375
8318.9482421875
8236.1630859375
8154.02197265625
8077.46142578125
8001.4091796875
7928.5009765625
7860.8955078125
7794.09423828125
7732.10546875
7670.6630859375
7610.1806640625
7557.12255859375
7500.20556640625
7447.90966796875
7395.77734375
7347.60546875
7299.728515625
7253.83349609375
7205.48193359375
7153.3212890625
7103.54833984375
7053.60986328125
7005.55810546875
6963.400390625
6917.8544921875
6874.7626953125
6831.22998046875
6789.88525390625
6746.125
6704.3857421875
6665.6513671875
6626.8984375
6590.7734375
6553.869140625
6516.7685546875
6482.6611328125
6444.68359375
6408.18017578125
6370.2587890625
6333.72216796875
6296.38037109375
6260.3046875
6226.24658203125
6191.4892578125
6154.81298828125
6113.7021484375
6070.99462890625
6032.79541015625
5991.29833984375
5952.28759765625
5912.4853515625
5873.32861328125
5832.4111328125
5791.4716796875
5751.71826171875
5709.64990234375
5668.361328125
5624.75146484375
5582.11083984375
5544.56494140625
5504.21728515625
5467.38623046875
5430.94140625
5395.5654296875
5358.912109375
5320.859375
5279.5751953125
5236.24169921875
5195.55615234375
5155.17626953125
5116.41943359375
5082.59326171875
5046.55615234375
5013.05029296875
4979.6005859375
4948.16748046875
4916.9384765625
4887.6064453125
4858.56689453125
4828.24951171875
4798.09521484375
4766.81787109375
