20000.0
20000.0
20000.0
20000.0
19999.998046875
20000.0
20000.0
20000.0
20000.0
20000.0
20000.0
20000.0
20000.0
20000.0
20000.0
20000.0
20000.0
20000.0
20000.0
20000.0
20000.0
20000.0
20000.0
20000.0
20000.0
20000.0
20000.0
20000.0
20000.0
20000.0
20000.0
20000.0
20000.0
20000.0
20000.0
20000.0
20000.0
19999.9921875
20000.0
20000.0
20000.0
19999.994140625
20000.001953125
19999.962890625
19374.95703125
18739.294921875
18224.53515625
17796.3828125
17430.642578125
17135.8046875
16869.16796875
16637.03515625
16423.59765625
16234.005859375
16078.791015625
15922.7841796875
15785.0068359375
15636.0966796875
15491.9345703125
15345.2861328125
15171.3857421875
14990.875
14815.8349609375
14664.15234375
14523.123046875
14392.4462890625
14280.3291015625
14160.9775390625
14047.8740234375
13933.80078125
13826.37890625
13718.7158203125
13614.7099609375
13517.3564453125
13419.484375
13322.7626953125
13221.0068359375
13118.6806640625
13026.818359375
12925.2861328125
12810.037109375
12660.4111328125
12502.8671875
12335.6533203125
12168.5439453125
12009.158203125
11848.5859375
11696.578125
11542.52734375
11394.544921875
11262.552734375
11096.3359375
10924.4287109375
10750.7373046875
10590.8779296875
10434.845703125
10287.1328125
10151.1376953125
10014.9453125
9888.140625
9761.7431640625
9639.1337890625
9530.904296875
9409.427734375
9313.5712890625
9224.61328125
9140.9716796875
9056.2568359375
8971.7880859375
8891.7275390625
8810.8037109375
8733.8681640625
8655.34765625
8577.6513671875
8508.8974609375
8434.734375
8364.826171875
8294.4208984375
8227.5693359375
8159.31103515625
8091.07421875
8024.14990234375
7954.33837890625
7886.89990234375
7817.8232421875
