20000.0
20000.0
20000.0
20000.0
20000.0
20000.0
19999.99609375
20000.0
20000.0
20000.0
20000.0
20000.0
20000.0
20000.0
20000.0
20000.0
20000.0
20000.0
20000.0
20000.0
20000.0
20000.0
20000.0
20000.0
20000.0
20000.0
20000.0
20000.0
20000.0
20000.0
20000.0
20000.0
20000.0
20000.0
20000.0
19999.84765625
20000.0
20000.0
20000.0
20000.0
19997.9140625
19999.984375
20000.009765625
20000.01953125
20000.0
20000.0
20000.0078125
20000.0
20000.0
20000.0
20000.001953125
20000.0
20000.0
20000.0
20000.0
20000.0
20000.0
20000.0
20000.0
20000.0
20000.0
20000.0
19682.75390625
19302.97265625
18906.517578125
18515.75390625
18176.580078125
17818.919921875
17489.84375
17166.341796875
16867.443359375
16570.34765625
16286.8125
16024.646484375
15764.736328125
15522.5068359375
15281.51953125
15040.74609375
14825.513671875
14597.267578125
14386.68359375
14179.03515625
13985.146484375
13790.8291015625
13603.216796875
13427.544921875
13252.5068359375
13082.6533203125
12858.201171875
12666.6904296875
12511.830078125
12352.3251953125
12204.62890625
12057.6962890625
11921.201171875
11785.2216796875
11654.498046875
11535.2724609375
11415.8876953125
11309.8046875
11203.9033203125
11100.2509765625
11008.1328125
10908.1435546875
10812.404296875
10714.2685546875
10607.9033203125
10492.119140625
10373.03125
10269.7685546875
10163.8701171875
10065.2109375
9968.837890625
9877.7958984375
9795.1591796875
9703.1044921875
9614.6044921875
9525.1630859375
9439.7314453125
9350.1650390625
9258.9541015625
9171.4150390625
9086.9462890625
9010.5380859375
8937.0498046875
