20000.0
20000.0
20000.0
20000.0
20000.0
20000.0
20000.0
20000.0
20000.0
20000.0
20000.0
20000.0
20000.0
20000.0
20000.0
20000.0
20000.0
20000.0
20000.0
19999.998046875
20000.0
20000.0
20000.0
19999.978515625
20000.0
19999.998046875
19999.994140625
19999.916015625
20000.0
20000.0
20000.0
20000.0
20000.0
20000.0
20000.0
20000.0
20000.0
20000.0
19999.998046875
19554.345703125
18648.33984375
17861.029296875
17106.005859375
16466.81640625
15851.865234375
15307.7490234375
14812.353515625
14365.6748046875
13973.8505859375
13602.6455078125
13277.1328125
12983.6318359375
12697.0986328125
12444.8818359375
12162.609375
11897.89453125
11631.1767578125
11376.791015625
11117.8818359375
10863.900390625
10624.1982421875
10384.7763671875
10168.56640625
9952.521484375
9741.982421875
9555.828125
9357.69140625
9165.734375
8967.17578125
8781.6982421875
8596.1279296875
8418.8896484375
8250.0400390625
8078.705078125
7926.50439453125
7770.7197265625
7619.73486328125
7491.48583984375
7354.29052734375
7225.0341796875
7094.15185546875
6971.875
6850.19873046875
6735.81201171875
6627.2578125
6518.40185546875
6417.14208984375
6316.87939453125
6220.49560546875
6135.46875
6046.923828125
5966.2470703125
5887.97509765625
5817.04638671875
5747.583984375
5681.76416015625
5620.9833984375
5561.1962890625
5506.0224609375
5451.70263671875
5398.54638671875
5350.8310546875
5301.52685546875
5256.3955078125
5211.919921875
5170.7041015625
5130.01708984375
5091.0478515625
5055.0546875
5019.2607421875
4987.072265625
4955.275390625
4922.72119140625
4892.59375
4850.37255859375
4798.0263671875
4747.97314453125
4699.5771484375
4650.9501953125
4602.85009765625
4554.9189453125
4504.32666015625
4455.04345703125
4404.2568359375
