20000.0
20000.0
20000.0
20000.0
20000.0
20000.0
20000.0
20000.0
20000.0
20000.0
20000.0
20000.0
20000.0
20000.0
20000.0
20000.0
20000.0
20000.0
20000.0
20000.0
20000.0
20000.0
20000.0
20000.0
20000.0
20000.0
20000.0
20000.0
20000.0
19999.814453125
19999.611328125
19999.986328125
20000.0
20000.0
20000.0
20000.025390625
20000.0
20000.0
20000.0078125
20000.005859375
19999.97265625
20000.0
20000.0
20000.0
19944.71484375
19652.728515625
19431.919921875
19255.88671875
19054.130859375
18858.72265625
18659.900390625
18404.251953125
18181.5703125
17979.07421875
17755.4609375
17543.10546875
17335.267578125
17144.26953125
16951.751953125
16760.71875
16575.365234375
16384.375
16202.4814453125
16019.931640625
15844.212890625
15689.634765625
15525.5693359375
15373.0400390625
15219.28515625
15075.0244140625
14930.205078125
14788.177734375
14648.6357421875
14501.9609375
14362.458984375
14220.5546875
14081.6787109375
13958.20703125
13823.1455078125
13694.4501953125
13563.0634765625
13436.728515625
13306.8154296875
13178.375
13056.3388671875
12933.369140625
12817.96875
12702.28125
12589.009765625
12484.5498046875
12368.8974609375
12259.5283203125
12150.45703125
12048.5859375
11946.8134765625
11848.03515625
11755.0244140625
11661.212890625
11572.5771484375
11483.318359375
11396.4375
11319.8740234375
11237.107421875
11158.396484375
11077.9638671875
11000.76171875
10923.1259765625
10847.7451171875
10776.7412109375
10705.150390625
10637.181640625
10566.080078125
10493.271484375
10426.30078125
10350.7890625
10276.87890625
10199.78125
10125.103515625
10047.625
9969.5166015625
9893.52734375
9815.072265625
9739.8994140625
9663.63671875
