20000.0
20000.0
20000.0
20000.0
19999.99609375
20000.0
20000.0
20000.0
20000.0
20000.0
20000.0
20000.0
20000.0
20000.0
20000.0
20000.0
20000.0
20000.0
20000.0
20000.0
20000.0
20000.0
19999.994140625
20000.0
20000.0
20000.0
20000.0
19999.998046875
20000.0
19999.87890625
20000.0
20000.0
20000.0
20000.005859375
20000.0
20000.0
20000.0
20000.0
20000.0
19999.986328125
19282.494140625
18623.947265625
18094.087890625
17585.37109375
17157.458984375
16759.802734375
16404.603515625
16068.58984375
15766.33984375
15496.5322265625
15240.578125
15004.4560546875
14769.486328125
14542.3720703125
14345.3818359375
14137.0302734375
13942.8623046875
13750.8349609375
13577.734375
13411.6318359375
13257.373046875
13117.78515625
12980.9970703125
12855.453125
12732.435546875
12614.9130859375
12512.67578125
12403.828125
12302.1083984375
12198.5009765625
12103.1826171875
12008.234375
11909.9189453125
11813.8671875
11717.677734375
11618.2568359375
11510.1279296875
11401.6953125
11305.44140625
11201.9462890625
11104.7802734375
11007.587890625
10916.1279296875
10824.0859375
10734.1142578125
10645.21484375
10560.986328125
10485.61328125
10413.578125
10345.017578125
10284.8974609375
10220.0009765625
10158.662109375
10096.8212890625
10038.23828125
9979.1455078125
9920.05859375
9863.4716796875
9805.9404296875
9752.455078125
9692.2509765625
9622.3994140625
9566.630859375
9511.10546875
9459.595703125
9410.251953125
9366.1142578125
9319.990234375
9270.1171875
9221.7919921875
9172.626953125
9127.2119140625
9082.31640625
9039.1767578125
9001.4970703125
8961.4892578125
8924.287109375
8888.8603515625
8857.1435546875
8818.7119140625
8771.5556640625
8725.0087890625
8680.75
8642.021484375
8605.501953125
