20000.0
20000.0
20000.0
20000.0
20000.0
20000.0
20000.0
20000.0
20000.0
20000.0
20000.0
20000.0
20000.0
19999.990234375
20000.0
20000.0
20000.0
20000.0
19999.978515625
19014.166015625
18065.16796875
17167.537109375
16429.63671875
15736.6015625
15097.33984375
14659.537109375
14223.3818359375
13791.6318359375
13379.77734375
13060.8037109375
12788.51953125
12491.6025390625
12173.7470703125
11835.3525390625
11515.8876953125
11200.9306640625
10910.8671875
10644.576171875
10373.0009765625
10120.1357421875
9869.40625
9651.154296875
9486.607421875
9314.0595703125
9154.9150390625
8997.7431640625
8851.7431640625
8707.57421875
8571.3271484375
8446.4072265625
8323.732421875
8206.1015625
8089.22265625
7977.5341796875
7881.55712890625
7780.93994140625
7687.92529296875
7595.5830078125
7508.67919921875
7419.89599609375
7331.19189453125
7245.3876953125
7158.18115234375
7074.80615234375
6988.4375
6904.5673828125
6831.83544921875
6754.7392578125
6680.31689453125
6600.1181640625
6519.1025390625
6433.837890625
6348.9462890625
6267.7939453125
6182.22607421875
6080.85400390625
5990.31005859375
5910.36279296875
5843.39453125
5772.47021484375
5701.69384765625
5627.40234375
5559.00146484375
5491.72509765625
5426.861328125
5364.8798828125
5302.14794921875
5244.4716796875
5188.361328125
5135.4560546875
5086.8828125
5022.62353515625
4957.314453125
4894.11474609375
4837.470703125
4783.4814453125
4733.78271484375
4688.328125
4643.90234375
4602.79736328125
4561.89697265625
4521.45947265625
4485.67333984375
4445.0341796875
4404.9052734375
4361.89453125
4319.568359375
4274.1767578125
4228.46875
4185.27392578125
4141.68896484375
4100.73876953125
4062.01806640625
4024.988525390625
3992.666748046875
3958.731689453125
3927.34033203125
3895.35791015625
3864.006591796875
3830.737060546875
3796.533935546875
3762.659423828125
3727.448486328125
3693.58642578125
3659.251953125
