20000.0
20000.0
20000.0
20000.0
20000.0
20000.0
20000.0
20000.0
20000.0
20000.0
20000.0
20000.0
20000.0
20000.0
20000.0
20000.0
20000.0
20000.0
20000.0
20000.0
20000.0
20000.0
20000.0
20000.0
20000.0
20000.0
20000.0
20000.0
20000.0
20000.0
19999.9921875
19999.99609375
20000.0
20000.0
20000.0
20000.0
20000.0
19999.99609375
20000.0
20000.0
20000.0
20000.0
20000.0
20000.0
20000.0
20000.0
20000.0
20000.0
20000.0
20000.0
19999.921875
20000.0
19999.99609375
20000.0
19999.99609375
20000.0
20000.0
20000.0
20000.0
19261.515625
17755.12890625
16268.8330078125
14986.884765625
14024.1884765625
13175.3359375
12439.2431640625
11763.8583984375
11139.6025390625
10524.984375
9896.365234375
9366.740234375
8882.7509765625
8450.1015625
8045.08740234375
7686.26025390625
7373.78515625
7081.18896484375
6823.37646484375
6576.7138671875
6352.75146484375
6165.52978515625
5976.47119140625
5809.16357421875
5652.08544921875
5514.4990234375
5375.75732421875
5247.1240234375
5132.7646484375
5023.90576171875
4926.0673828125
4831.8935546875
4743.75439453125
4668.56494140625
4590.2646484375
4518.5625
4448.23876953125
4383.58740234375
4320.3212890625
4260.21240234375
4204.62158203125
4150.0380859375
4101.58544921875
4054.06787109375
4008.302734375
3968.303466796875
3925.552001953125
3885.568359375
3845.673583984375
3808.023193359375
3768.8857421875
3729.971435546875
3693.057373046875
3655.956298828125
3620.813232421875
3585.302734375
3550.62890625
3519.948974609375
3486.706298828125
3455.16796875
3423.238525390625
3393.2998046875
3363.289794921875
3334.200927734375
3306.49853515625
3278.2236328125
3251.165283203125
3223.475341796875
