20000.0
20000.0
20000.0
20000.0
19999.998046875
20000.0
20000.0
20000.0
20000.0
20000.0
20000.0
20000.0
20000.0
20000.0
20000.0
20000.0
20000.0
20000.0
20000.0
20000.0
20000.0
20000.0
20000.0
20000.0
20000.0
20000.0
20000.0
20000.0
20000.0
20000.0
20000.0
20000.0
20000.0
20000.0
20000.0
20000.0
20000.0
20000.0
20000.0
20000.0
20000.0
20000.0
20000.0
20000.0
20000.0
20000.005859375
19999.935546875
20000.0
20000.00390625
20000.0
20000.001953125
20000.0
20000.001953125
20000.0
19999.94140625
20000.0
19999.994140625
20000.0
20000.0
20000.0
20000.0
20000.0
20000.0
20000.0
20000.0
20000.0
20000.0
20000.0
20000.0
19921.2421875
19343.6640625
18776.91015625
18239.19921875
17747.95703125
17268.115234375
16735.45703125
16195.142578125
15750.7333984375
15391.3974609375
15035.7392578125
14722.09765625
14420.7685546875
14146.28515625
13875.958984375
13616.6796875
13351.587890625
13075.4677734375
12841.0380859375
12626.4580078125
12411.3427734375
12215.0302734375
12007.7431640625
11819.931640625
11633.44921875
11456.6484375
11269.5390625
11080.943359375
10896.9013671875
10710.0048828125
10546.6640625
10380.9345703125
10220.103515625
10079.74609375
9935.2978515625
9801.931640625
9671.462890625
9552.5791015625
9435.556640625
9321.6162109375
9211.30859375
9098.888671875
8991.78125
8882.91015625
8773.162109375
8671.8388671875
8566.40234375
8468.150390625
8367.6953125
8271.6669921875
8173.69970703125
8076.96826171875
7984.5078125
7890.92431640625
7802.07421875
7711.97607421875
