20000.0
20000.0
20000.0
20000.0
20000.0
20000.0
20000.0
20000.0
20000.0
20000.0
20000.0
20000.0
20000.0
20000.0
20000.0
20000.0
20000.0
20000.0
20000.0
20000.0
20000.0
20000.0
20000.0
20000.0
20000.0
20000.0
20000.0
20000.0
20000.0
20000.0
20000.021484375
20000.0
19999.998046875
19999.998046875
20000.0
20000.0
19999.998046875
20000.0
19999.998046875
20000.0
20000.0
20000.0
20000.0
20000.0
20000.0
20000.0
20000.0
20000.0
20000.0
20000.0
20000.0
20000.0
20000.0
19999.998046875
20000.0
20000.0
20000.0
20000.0
20000.0
20000.0
20000.0
20000.0
20000.0
20000.0
20000.0
20000.0
20000.0
20000.0
20000.0
19999.998046875
20000.0
20000.0
20000.0
20000.0
19999.998046875
20000.0
20000.0
19659.39453125
18964.58984375
18308.494140625
17693.904296875
17108.984375
16554.162109375
15967.62890625
15392.7490234375
14833.37890625
14273.4814453125
13757.1552734375
13279.6318359375
12821.2734375
12415.2900390625
11986.24609375
11598.5283203125
11231.802734375
10907.017578125
10595.1884765625
10298.890625
10024.95703125
9762.388671875
9515.0068359375
9260.994140625
9030.732421875
8839.9794921875
8641.669921875
8461.328125
8286.9921875
8129.22412109375
7976.57763671875
7825.78515625
7686.7060546875
7552.85888671875
7431.3466796875
7312.8544921875
7201.42919921875
7105.837890625
7005.56787109375
6912.955078125
6821.9833984375
6737.67919921875
6654.26416015625
6576.4951171875
6505.4921875
6434.0
6365.29541015625
6294.78173828125
