20000.0
20000.0
20000.0
20000.0
20000.0
20000.0
20000.0
20000.0
20000.0
20000.0
20000.0
20000.0
20000.0
20000.0
20000.0
20000.0
20000.0
20000.0
20000.0
20000.0
20000.0
20000.0
20000.0
20000.0
20000.0
20000.0
20000.0
20000.0
20000.0
20000.0
20000.0
20000.0
19999.822265625
20000.0
20000.0
20000.0
20000.0
19999.958984375
19999.9609375
20000.0
20000.0
20000.0
20000.0
20000.0
19999.998046875
20000.0
20000.0
20000.0
20000.0
20000.0
19999.998046875
20000.0
20000.0
20000.0
19999.994140625
20000.0
20000.0
20000.0
20000.0
20000.0
19942.634765625
19095.958984375
18381.287109375
17639.693359375
16976.232421875
16388.806640625
15802.1298828125
15262.6572265625
14666.3798828125
14141.087890625
13659.9755859375
13252.5576171875
12850.1455078125
12471.53125
12138.2001953125
11813.162109375
11520.2529296875
11235.18359375
10966.67578125
10729.6884765625
10472.3154296875
10221.728515625
9967.458984375
9729.12109375
9489.68359375
9255.89453125
9032.712890625
8803.986328125
8586.1806640625
8369.84765625
8185.89990234375
8018.6923828125
7831.27001953125
7645.65087890625
7456.8427734375
7276.75732421875
7097.564453125
6925.23974609375
6768.5625
6611.80419921875
6458.6162109375
6306.177734375
6161.708984375
6037.1298828125
5905.63427734375
5782.67041015625
5659.49853515625
5544.501953125
5435.41845703125
5328.86767578125
5224.77197265625
5116.65966796875
5015.26611328125
4914.09326171875
4816.2080078125
4729.734375
4637.20703125
4556.12646484375
4476.10498046875
4399.77734375
4322.02587890625
4246.3837890625
4175.10302734375
4106.1708984375
4043.08935546875
3979.649658203125
