20000.0
20000.0
20000.0
20000.0
20000.0
20000.0
20000.0
20000.0
20000.0
20000.0
20000.0
20000.0
20000.0
20000.0
20000.0
20000.0
20000.0
20000.0
20000.0
20000.0
20000.0
20000.0
20000.0
20000.0
20000.0
20000.0
19999.791015625
19999.93359375
19999.83203125
19999.806640625
19999.998046875
20000.0
20000.0
20000.005859375
20000.0
19999.998046875
20000.0
20000.0
19999.99609375
20000.0
20000.0
20000.0
19870.671875
19376.451171875
18901.8828125
18461.732421875
18020.943359375
17593.955078125
17206.13671875
16837.220703125
16507.197265625
16149.8154296875
15822.6435546875
15532.966796875
15229.490234375
14953.95703125
14620.880859375
14310.6484375
14041.98828125
13796.4208984375
13572.9677734375
13354.39453125
13154.287109375
12958.1728515625
12771.666015625
12609.5146484375
12435.6826171875
12270.1259765625
12092.5947265625
11916.595703125
11750.4228515625
11596.5400390625
11457.298828125
11322.68359375
11199.208984375
11044.453125
10887.314453125
10734.0078125
10580.3349609375
10447.8193359375
10325.3447265625
10213.9951171875
10099.4931640625
9979.8115234375
9857.79296875
9721.802734375
9590.337890625
9459.638671875
9333.169921875
9221.74609375
9096.9609375
8976.048828125
8850.6943359375
8729.611328125
8605.330078125
8484.2158203125
8372.1474609375
8260.1416015625
8162.630859375
8063.50244140625
7963.66748046875
7873.9609375
7776.48193359375
7684.7724609375
7593.94677734375
7511.10791015625
7422.6494140625
7332.2314453125
7247.62939453125
7161.85107421875
7079.10693359375
6993.8173828125
6909.5107421875
6834.734375
6754.15673828125
6678.00146484375
6599.0927734375
6522.99267578125
6444.5556640625
6375.9326171875
6307.91552734375
6235.923828125
6165.7578125
6093.4814453125
