20000.0
20000.0
20000.0
20000.0
20000.0
20000.0
20000.0
20000.0
20000.0
20000.0
20000.0
20000.0
20000.0
20000.0
20000.0
20000.0
20000.0
20000.0
20000.0
20000.0
20000.0
20000.0
20000.0
20000.0
19999.982421875
20000.0
20000.0
20000.0
20000.0
20000.0
20000.0
20000.0
20000.0
20000.0
20000.0
19999.99609375
20000.001953125
20000.0
20000.0
19768.619140625
19275.3125
18843.1328125
18544.57421875
18187.65234375
17709.46484375
17235.861328125
16746.900390625
16290.0849609375
15877.119140625
15496.7578125
15118.693359375
14764.8662109375
14412.04296875
14072.783203125
13777.81640625
13462.7060546875
13165.275390625
12866.5947265625
12582.90234375
12290.5908203125
12008.146484375
11763.3154296875
11524.3623046875
11309.92578125
11104.5205078125
10916.0302734375
10771.755859375
10620.1025390625
10439.8388671875
10276.5498046875
10137.240234375
10001.7783203125
9867.9921875
9738.396484375
9606.75
9482.6396484375
9357.8564453125
9236.546875
9130.7119140625
9011.6318359375
8896.181640625
8783.701171875
8677.310546875
8570.6171875
8465.6162109375
8365.609375
8264.3212890625
8169.1875
8073.1337890625
7969.9609375
7873.46728515625
7765.9521484375
7663.37939453125
7563.478515625
7469.86767578125
7375.78857421875
7284.05615234375
7198.130859375
7112.22802734375
7030.55615234375
6946.45458984375
6862.04443359375
6784.82861328125
6699.1083984375
6615.96728515625
6532.6455078125
6452.78515625
6372.71630859375
6295.2861328125
6222.1796875
6148.12353515625
6077.52880859375
6005.2041015625
5934.00048828125
5870.7353515625
5800.5224609375
5733.56005859375
5666.025390625
5604.005859375
5541.87646484375
5480.23291015625
5420.97607421875
5360.40185546875
5302.45703125
5243.255859375
