20000.0
20000.0
20000.0
20000.0
20000.0
20000.0
20000.0
20000.0
20000.0
20000.0
20000.0
20000.0
20000.0
20000.0
20000.0
20000.0
20000.0
20000.0
20000.0
20000.0
20000.0
20000.0
20000.001953125
20000.0
20000.0
20000.0
20000.0
20000.0
20000.0
20000.0
20000.0
20000.0
19999.9921875
20000.0
20000.0
20000.0
20000.0
20000.0
20000.0
20000.0
19999.998046875
20000.0
20000.0
19999.943359375
20000.0
20000.0
19999.998046875
20000.0
19999.998046875
19999.998046875
20000.0
19999.998046875
20000.0
20000.0
20000.0
19999.736328125
20000.0
19810.349609375
18407.291015625
17206.017578125
16241.580078125
15337.6611328125
14532.4130859375
13783.0986328125
13080.47265625
12453.3603515625
11808.013671875
11203.3798828125
10613.7705078125
10071.734375
9548.6181640625
9052.6572265625
8594.17578125
8122.5859375
7696.15625
7273.83642578125
6869.830078125
6536.67333984375
6223.26220703125
5942.8984375
5674.73046875
5435.36376953125
5203.4990234375
4982.52392578125
4781.537109375
4587.43994140625
4414.28759765625
4250.337890625
4097.16650390625
3967.59912109375
3832.733642578125
3708.24853515625
3584.822509765625
3472.872314453125
3365.982666015625
3267.065185546875
3175.80517578125
3087.377197265625
3007.35791015625
2929.51953125
2856.11767578125
2793.2529296875
2727.540283203125
2667.33935546875
2608.252685546875
2553.8798828125
2500.58837890625
2450.129638671875
2403.822509765625
2358.5302734375
2316.442138671875
2275.06982421875
2235.69970703125
2201.6181640625
2165.274658203125
2131.55810546875
2098.15478515625
2067.09423828125
2036.181640625
2006.8753662109375
1980.1812744140625
1953.4857177734375
1928.1373291015625
1902.4427490234375
