20000.0
20000.0
20000.0
20000.0
20000.0
20000.0
20000.0
20000.0
20000.0
20000.0
20000.0
20000.0
20000.0
20000.0
20000.0
20000.0
20000.0
19999.998046875
19999.99609375
19660.884765625
18322.640625
17272.064453125
16365.85546875
15552.4794921875
14700.765625
13943.708984375
13344.0986328125
12841.08984375
12424.263671875
12032.44921875
11664.10546875
11304.6220703125
10974.3779296875
10670.9140625
10387.5166015625
10115.4990234375
9865.58203125
9635.7822265625
9441.9013671875
9256.5947265625
9079.416015625
8929.0869140625
8769.9599609375
8617.41015625
8453.736328125
8304.1748046875
8157.93896484375
8017.0322265625
7883.568359375
7746.763671875
7617.0126953125
7487.47900390625
7360.47314453125
7246.23291015625
7123.41748046875
7011.1689453125
6897.33642578125
6792.1494140625
6690.02685546875
6593.03857421875
6503.068359375
6414.0146484375
6331.9345703125
6258.2568359375
6182.1064453125
6112.30126953125
6035.6748046875
5961.8876953125
5887.00537109375
5815.72900390625
5742.689453125
5671.296875
5604.2705078125
5536.80712890625
5473.08544921875
5408.40771484375
5345.39892578125
5290.0986328125
5230.72607421875
5175.55078125
5120.1845703125
5063.73583984375
5002.99072265625
4942.56103515625
4885.087890625
4827.19140625
4772.763671875
4718.5712890625
4665.97705078125
4619.78662109375
4571.58251953125
4526.04150390625
4480.47314453125
4437.65380859375
4394.263671875
4350.39990234375
4309.939453125
4268.5732421875
4229.58251953125
4190.21533203125
4151.580078125
4117.2421875
4079.796630859375
4044.053466796875
4007.5576171875
3972.91650390625
3937.686767578125
3902.77783203125
3870.36474609375
3837.56005859375
3806.195068359375
3774.14794921875
3742.31982421875
3713.84228515625
3682.615966796875
3652.639892578125
3621.83935546875
3592.63671875
3562.868896484375
3533.4619140625
3505.22216796875
3476.1630859375
3448.125732421875
3419.453369140625
