20000.0
20000.0
20000.0
20000.0
20000.0
20000.0
20000.0
20000.0
20000.0
20000.0
20000.0
20000.0
20000.0
20000.0
20000.0
20000.0
20000.0
20000.0
20000.0
20000.0
20000.0
20000.0
20000.0
20000.0
20000.0
20000.0
20000.0
20000.0
20000.0
20000.0
20000.0
20000.0
20000.0
20000.0
20000.0
20000.0
20000.0
20000.0
20000.0
20000.0
20000.0
20000.0
20000.0
20000.0
20000.0
20000.0
20000.0
20000.015625
19999.994140625
20000.0
20000.0
20000.0
19999.994140625
19999.99609375
20000.0
20000.01171875
20000.0
20000.0
20000.0
20000.0
20000.0
20000.0
20000.0
20000.0
20000.0
20000.0
20000.0
20000.0
19999.986328125
20000.0
20000.0
20000.0
20000.0
20000.0
20000.0
20000.0
19999.99609375
20000.0
20000.0
20000.0
20000.0
20000.0
20000.0
20000.0
20000.0
20000.0
20000.0
20000.0
20000.0
20000.0
20000.0
20000.0
19999.994140625
20000.0
20000.0
20000.0
20000.0
20000.0
20000.0
19999.974609375
20000.0
20000.0
20000.0
19996.814453125
20000.0
20000.0
20000.0
19999.998046875
19586.1171875
18876.306640625
18169.37890625
17522.255859375
16907.27734375
16345.3271484375
15891.60546875
15383.880859375
14913.4580078125
14469.5859375
14069.7724609375
13676.93359375
13301.51953125
12950.9453125
12601.42578125
12274.26953125
11956.5400390625
