20000.0
20000.0
20000.0
20000.0
20000.0
20000.0
20000.0
20000.0
20000.0
20000.0
20000.0
20000.0
20000.0
20000.0
20000.0
20000.0
19999.998046875
20000.0
20000.0
20000.0
18717.232421875
17654.279296875
16776.140625
16026.6572265625
15418.2783203125
14865.0908203125
14398.49609375
13956.6416015625
13558.20703125
13223.3076171875
12869.7216796875
12546.2666015625
12235.5869140625
11953.388671875
11681.259765625
11435.9267578125
11207.64453125
10989.9755859375
10796.4658203125
10614.2861328125
10438.4072265625
10287.9560546875
10135.357421875
9997.5751953125
9867.6171875
9758.2333984375
9653.05859375
9567.5419921875
9495.609375
9424.0595703125
9365.3447265625
9278.482421875
9178.5751953125
9040.72265625
8869.7568359375
8691.5087890625
8504.1005859375
8320.556640625
8143.71630859375
7967.90185546875
7808.09033203125
7655.384765625
7515.5712890625
7377.51025390625
7244.19287109375
7126.85400390625
7000.67333984375
6881.5595703125
6760.68994140625
6630.84619140625
6499.884765625
6384.5947265625
6278.53076171875
6173.24560546875
6075.00390625
5975.052734375
5881.4794921875
5799.79248046875
5709.8359375
5630.1904296875
5550.63818359375
5474.9453125
5387.19482421875
5297.19189453125
5212.48388671875
5128.369140625
5050.443359375
4963.8759765625
4880.89453125
4808.88916015625
4730.68359375
4656.962890625
4584.63427734375
4523.78515625
4463.8125
4402.783203125
4342.7666015625
4281.41455078125
4224.5068359375
4171.34326171875
4124.91748046875
4087.048583984375
4050.844482421875
4018.599853515625
3986.2294921875
3954.896240234375
3922.144287109375
3888.4599609375
3855.68994140625
3822.04150390625
3789.511962890625
3753.621337890625
3717.295654296875
3685.363037109375
3651.419189453125
3619.87646484375
3588.162353515625
3552.17041015625
3499.56689453125
3446.531005859375
3396.86376953125
3347.394775390625
3300.709228515625
3253.44970703125
