20000.0
20000.0
20000.0
20000.0
20000.0
20000.0
20000.0
20000.0
20000.0
20000.0
20000.0
20000.0
20000.0
20000.0
20000.0
20000.0
20000.0
20000.0
20000.0
20000.0
20000.0
20000.0
20000.0
20000.0
20000.0
20000.0
20000.0
20000.0
20000.0
20000.0
20000.0
20000.0
20000.0
20000.0
20000.0
20000.0
20000.0
20000.0
20000.0
19999.90234375
19999.701171875
20000.0
20000.001953125
20000.0
20000.0
19999.990234375
20000.0
20000.0
20000.0
20000.0078125
20000.00390625
20000.001953125
20000.0
20000.0
20000.0
20000.0
20000.0
20000.0
20000.0
20000.0
20000.0
20000.0
20000.0
20000.0
20000.0
20000.0
20000.0
20000.0
20000.0
20000.0
19999.998046875
20000.0
20000.0
20000.0
20000.0
19999.99609375
20000.0
20000.0
20000.0
20000.0
20000.0
20000.0
19995.12890625
20000.0
20000.0
20000.0
20000.0
19999.99609375
20000.0
19999.998046875
20000.0
19713.263671875
19324.6171875
18952.02734375
18583.6171875
18223.765625
17867.2890625
17550.39453125
17246.84765625
16969.619140625
16749.279296875
16531.572265625
16335.6728515625
16145.3037109375
15970.7734375
15798.6494140625
15641.6748046875
15490.3935546875
15337.7802734375
15195.076171875
15051.18359375
14910.0
14785.5126953125
14651.177734375
14524.4482421875
14397.2685546875
14278.5146484375
14159.7001953125
14041.7744140625
13927.6181640625
13809.521484375
13696.42578125
13581.4814453125
