14169.7158203125
13506.2119140625
13083.083984375
12872.412109375
12963.12890625
13572.94921875
14297.587890625
14939.923828125
15526.8720703125
16032.2177734375
16504.693359375
16948.662109375
17382.2421875
17863.06640625
17411.12109375
13644.7890625
11695.37109375
10614.8017578125
9782.9736328125
9098.353515625
8462.0166015625
7988.94775390625
7630.72216796875
7368.2314453125
7170.2626953125
7010.70263671875
6903.44873046875
6837.84716796875
6743.7451171875
6667.630859375
6574.81591796875
6465.26220703125
6357.44482421875
6263.55908203125
6177.2607421875
6099.43505859375
6031.44873046875
5970.71337890625
5911.7021484375
5851.23291015625
5792.05615234375
5741.36669921875
5688.72509765625
5640.4599609375
5592.95654296875
5548.85205078125
5505.0205078125
5462.80126953125
5423.52685546875
5384.21533203125
5346.21826171875
5306.52587890625
5266.6416015625
5230.69482421875
5191.02197265625
5153.396484375
5115.2880859375
5079.4443359375
5043.29248046875
5008.2490234375
4974.74853515625
4938.59423828125
4901.90869140625
4863.37060546875
4823.59228515625
4788.06005859375
4749.3056640625
4712.4658203125
4675.18359375
4639.92724609375
4604.6376953125
4570.6650390625
4538.9521484375
4507.1953125
4477.15673828125
4446.7255859375
4416.6943359375
4389.74560546875
4360.19580078125
4331.94580078125
4303.091796875
4275.0966796875
4246.53369140625
4218.66162109375
4192.408203125
4166.0595703125
4141.15283203125
4116.23095703125
4091.890625
4070.39404296875
4044.873291015625
4018.570556640625
3991.34521484375
3965.873779296875
3940.68896484375
3916.05712890625
3892.12060546875
3867.080322265625
3842.540771484375
3817.165283203125
3792.227783203125
3769.797607421875
3745.150634765625
3721.52197265625
3697.305419921875
3674.06787109375
3650.220458984375
3626.499755859375
3603.645263671875
3580.167724609375
3557.62744140625
3534.525146484375
3511.601806640625
3491.04443359375
3468.537353515625
3446.8916015625
3424.82470703125
3403.693359375
3382.19775390625
3361.081298828125
3340.991455078125
3321.111083984375
3302.609375
3285.146728515625
