25400.0
25400.0
25400.0
25095.884765625
25048.33203125
25048.33203125
25048.33203125
25054.087890625
25090.177734375
25095.189453125
25097.30859375
25100.05078125
25101.685546875
25102.958984375
25104.05078125
25105.1015625
25106.0625
25106.861328125
25107.666015625
25107.95703125
25107.2109375
25106.6015625
32060.81640625
46349.8046875
53827.3984375
59302.06640625
64377.1796875
69458.8515625
74039.21875
78186.78125
82176.96875
85636.9921875
88904.0390625
91604.484375
95095.1328125
98695.3203125
101859.8046875
104998.6640625
108062.4453125
111380.25
114837.59375
117971.875
121380.90625
124573.2890625
127667.3671875
130697.9921875
134184.5625
138074.421875
141648.890625
145305.296875
149025.265625
155786.703125
154255.390625
150575.78125
146954.0
144578.3125
142154.296875
139908.546875
137980.03125
136853.515625
135846.859375
134987.953125
134298.328125
133647.375
133083.265625
132832.203125
132840.40625
133013.171875
133228.140625
133440.265625
133702.34375
133830.015625
133832.609375
133642.109375
133415.640625
133001.828125
132406.953125
131755.0625
130969.9765625
130120.5625
129187.625
128345.34375
127522.3515625
126651.4921875
125779.9296875
124874.453125
123981.0
122988.703125
121968.671875
121068.8046875
120113.875
119231.1875
118359.9140625
117582.328125
116819.9140625
116076.6484375
115354.59375
114628.4296875
113944.8671875
113271.875
112634.84375
112094.53125
111528.0234375
111008.1484375
110501.1953125
110033.8203125
109582.8203125
109145.25
108748.1640625
108394.90625
108125.703125
107894.609375
107679.609375
107492.7421875
107293.0234375
107106.25
106919.7734375
106755.203125
106609.5078125
106712.2109375
106863.71875
107047.5078125
107308.953125
107567.21875
