25400.0
25400.0
25400.0
25389.822265625
25383.396484375
25375.140625
25369.244140625
25366.2734375
25364.693359375
25363.890625
25363.458984375
25363.234375
25363.1171875
25363.052734375
25363.02734375
25362.65625
25362.220703125
25377.908203125
42347.49609375
60699.4453125
78767.46875
92815.2421875
106551.1015625
117560.96875
126586.9140625
133761.078125
138964.515625
143223.03125
146364.3125
148430.0
150026.109375
151890.25
145717.125
140716.078125
136420.875
132261.28125
128864.890625
127189.265625
124963.9140625
122770.4453125
121322.4140625
120699.953125
120770.7421875
120869.8359375
120993.8515625
121126.859375
121343.5
121657.9609375
121933.7890625
122076.28125
122031.5234375
121757.4921875
121326.2578125
120825.1015625
120240.8203125
119649.7578125
119022.046875
118390.90625
117730.4375
117063.3125
116422.09375
115782.390625
115187.0703125
114596.734375
114029.875
113536.1796875
113010.765625
112521.9765625
112048.1328125
111607.3828125
111167.2421875
110741.9296875
110345.0859375
109950.0625
109582.0234375
109216.4375
108859.53125
108545.703125
108214.4609375
107910.453125
107620.6796875
107354.6015625
107092.765625
106845.0625
106621.2578125
106408.2109375
106214.7421875
106027.4609375
105852.703125
105705.265625
105524.984375
105355.4609375
105206.140625
105078.5703125
104959.4453125
104851.5390625
104755.5859375
104664.0546875
104582.265625
104512.8671875
104448.765625
104394.6640625
104339.5625
104290.78125
104244.796875
104205.5234375
104168.484375
104133.8828125
104103.3984375
104074.3125
104049.078125
104028.71875
104020.9765625
104014.625
104000.109375
103984.3671875
103973.9921875
103967.2265625
103964.03125
103963.71875
103966.3046875
103972.375
103993.59375
104029.3125
