25400.0
25400.0
25400.0
25400.0
25400.0
25400.0
25400.0
25400.0
25400.0
25400.0
25400.0
25400.0
25400.0
25400.0
25400.0
25400.0
25400.0
25400.0
25400.0
25400.0
25400.0
25400.0
25400.0
25400.0
25400.0
25400.001953125
25400.0
25400.0
25400.0
25400.0
32252.134765625
49917.2734375
65766.234375
78509.2578125
88003.8125
96159.1484375
103353.265625
110567.5078125
116667.78125
121798.7734375
125948.8203125
129257.6484375
132505.859375
135089.265625
137147.296875
138916.515625
140479.6875
141857.75
143097.671875
144230.078125
145160.078125
145964.625
146692.875
147272.0625
147589.046875
147581.96875
147429.140625
147219.015625
147251.15625
150874.34375
151399.828125
152246.0625
152270.609375
154204.109375
156948.46875
153006.109375
150065.8125
147755.4375
145867.28125
144459.046875
143417.921875
142541.203125
141886.578125
141615.640625
141493.890625
141357.015625
141257.78125
141125.8125
140956.96875
140770.953125
140584.3125
140276.15625
139967.078125
139579.4375
139119.40625
138594.640625
138049.703125
137496.046875
136913.53125
136364.46875
135731.15625
135102.484375
134437.734375
133814.109375
133187.703125
132591.9375
132051.5625
131527.375
131065.28125
130656.1015625
130266.625
129915.1875
129525.2265625
129146.6953125
128748.0
128446.0703125
128128.5703125
127813.0546875
127423.375
127042.8515625
126701.7890625
126364.1796875
126030.7734375
125732.6015625
125405.234375
125090.546875
124763.265625
124434.5546875
124087.09375
123749.390625
123434.75
123107.3125
122786.1953125
122455.4296875
