25400.0
25400.0
25400.0
25268.6484375
25058.416015625
25046.072265625
25046.0703125
25046.0703125
25046.0703125
25046.0703125
25046.0703125
25046.0703125
25046.0703125
25056.69921875
25070.12109375
25072.626953125
25074.16796875
25074.876953125
25075.400390625
25075.931640625
25076.43359375
25076.9140625
25077.365234375
25077.759765625
25078.158203125
25078.50390625
25078.814453125
25078.74609375
25078.306640625
25078.373046875
25083.435546875
30998.095703125
44242.34375
55696.9296875
65244.86328125
73746.109375
81323.4609375
87780.1796875
93172.1640625
97529.7265625
101163.546875
104125.640625
106696.4296875
109396.96875
112290.78125
115036.46875
117361.8515625
119439.4921875
121240.453125
122747.390625
124171.140625
125501.6171875
126903.2890625
128375.515625
129586.0546875
130972.1953125
132088.53125
133793.125
135168.890625
136646.328125
138480.96875
137864.90625
136793.1875
135880.25
134785.671875
133298.984375
132021.109375
130394.609375
128925.765625
127483.5703125
126167.8203125
124867.828125
123542.328125
122303.4921875
121246.671875
120368.9453125
119548.7421875
118977.2421875
118543.9375
118369.6015625
118216.7890625
118085.15625
117910.9140625
117694.265625
117540.1796875
117381.359375
117298.140625
117174.9921875
117087.5703125
117123.765625
117218.015625
117329.15625
117437.7109375
117590.3125
117805.375
118162.515625
118556.3984375
118905.3203125
119238.5625
119540.2421875
119837.2421875
120118.5390625
120346.2109375
120581.8046875
120826.9609375
121167.4765625
121522.3359375
122020.15625
122535.390625
122946.2890625
123259.9296875
123432.65625
123526.2890625
123575.03125
123527.8515625
123414.59375
123328.59375
123228.5234375
123079.4375
122862.90625
122590.8203125
122287.6640625
121935.7890625
121564.5703125
121153.7578125
