25400.0
25400.0
25400.0
25400.0
25400.0
25400.0
25400.0
25400.0
25400.0
25400.0
25400.0
25400.0
25400.0
25400.0
25400.0
25400.0
25400.0
25400.0
25400.0
25400.0
25400.0
25400.0
25400.0
25400.0
25400.0
25400.0
25400.0
25400.0
25400.0
27253.697265625
41908.40625
56169.83203125
66973.8828125
76013.125
83421.9921875
89720.6796875
95107.09375
99386.984375
102979.2890625
105677.359375
107926.6484375
109797.2109375
111241.0859375
112700.7265625
114009.6328125
115234.6484375
116274.65625
117250.6171875
118198.5078125
119010.1640625
119732.875
120349.8515625
120966.9375
121577.4921875
122132.03125
122672.5625
123083.34375
123417.6171875
123739.921875
124078.140625
124383.3671875
124645.5546875
124882.7734375
125087.421875
125288.78125
125499.21875
125805.21875
127541.875
127877.0390625
128107.953125
128294.2890625
128012.0546875
127466.4921875
128764.1328125
130524.140625
131366.859375
132737.03125
134371.71875
135866.625
137802.140625
139893.453125
142204.203125
144664.15625
147821.734375
151299.390625
149930.9375
148581.3125
147290.5
145951.828125
145123.171875
144391.625
143572.625
143204.234375
143060.0
142769.25
142389.0
142029.71875
141831.0
141716.640625
141537.21875
141283.40625
140994.15625
140769.34375
140563.578125
140287.0
139828.078125
139356.359375
139002.59375
138712.671875
138390.171875
138050.109375
137702.125
137292.140625
136819.84375
136338.8125
135741.25
135219.59375
134650.40625
134082.375
133475.75
132866.796875
132286.515625
131654.140625
131019.7109375
130352.1640625
