25400.0
25400.0
24476.541015625
23482.41796875
22435.474609375
21272.150390625
20600.41015625
20510.7734375
20971.1484375
21686.9375
23041.037109375
24075.658203125
24835.98828125
25161.232421875
25100.8125
25069.349609375
25064.96875
25075.25
25088.263671875
25104.958984375
25120.10546875
25135.259765625
25146.9921875
25156.1640625
25186.583984375
25372.189453125
26126.92578125
28359.419921875
33394.1484375
40610.203125
48540.7890625
54952.95703125
61079.125
65948.4765625
69869.703125
73425.828125
76404.7734375
78835.03125
81038.34375
82861.3125
84395.359375
85641.6796875
86630.125
87629.2890625
88487.9453125
89269.2265625
89927.8203125
90586.7109375
91168.203125
91625.1484375
92032.0546875
92397.765625
92734.3984375
93018.625
93246.5703125
93471.6328125
93651.4375
93802.625
93923.7421875
94035.984375
94157.1796875
94257.6015625
94330.234375
94378.90625
94408.828125
94407.765625
94405.515625
94388.171875
94358.0234375
94332.3828125
94298.9765625
94272.5625
94240.7421875
94221.3828125
94212.3125
94210.6953125
94218.4765625
94285.8046875
94432.390625
94761.375
95159.640625
95673.2578125
96185.46875
96688.7734375
97127.8203125
97507.53125
97856.7734375
98163.578125
98476.65625
98785.96875
99043.015625
99535.2265625
100090.6171875
100579.484375
100998.96875
101400.671875
101781.109375
102129.9375
102463.296875
102759.0234375
103048.0859375
103320.0
103549.5234375
103783.3671875
103946.09375
104111.0859375
104278.625
104447.2265625
104602.9921875
104740.3125
104869.59375
104982.6796875
105086.4453125
105177.6953125
105250.3984375
105322.7265625
105385.4140625
105442.171875
105500.4296875
105560.1875
105610.453125
105651.640625
105686.9140625
105715.6640625
105736.59375
