25400.0
25400.0
25400.0
25400.0
25400.0
25400.0
25400.0
25400.0
25400.0
25400.0
25400.0
25400.0
25400.0
25400.0
25400.0
25400.0
25400.0
25400.0
25400.0
25400.0
25400.0
25400.0
25658.251953125
44789.33203125
62711.3203125
77485.6640625
89023.9921875
97560.0234375
104059.1875
108840.2578125
112868.4375
117224.5078125
120991.5078125
124730.71875
127650.5625
130078.9375
132093.875
133827.390625
135422.359375
132955.296875
130477.15625
128332.8359375
126554.9453125
124670.5390625
122935.90625
121263.0546875
119738.734375
118190.21875
116648.9296875
115311.7421875
113973.09375
112736.7265625
111543.03125
110513.0703125
109676.3046875
108825.5703125
108063.5546875
107446.1328125
107005.4375
106530.125
106109.0
105840.7109375
105547.6171875
105535.234375
105962.5859375
106249.5
106334.625
106232.171875
106300.2421875
106611.34375
106988.359375
107388.140625
107696.3125
107819.2109375
107864.3359375
107885.6953125
107965.5
108083.53125
108179.1796875
108264.8828125
108353.546875
108454.125
108557.6015625
108673.578125
108857.859375
109083.6171875
109334.2421875
109584.375
109845.953125
110101.515625
110354.9921875
110623.578125
110885.703125
111176.390625
111460.953125
111776.0
112136.71875
112448.8046875
112798.4375
113178.984375
113598.6640625
114036.21875
114435.8359375
114717.3984375
114834.8984375
114811.90625
114657.28125
114402.1015625
114165.2734375
113942.8828125
113896.90625
114135.6640625
114327.9765625
114430.6875
114460.2109375
114424.796875
114328.7578125
114271.8828125
114284.328125
114365.109375
114400.2421875
114402.765625
114375.0234375
114352.2734375
114316.03125
