25400.0
25400.0
25400.0
25400.0
25400.0
25400.0
25400.0
25400.0
25400.0
25400.0
25400.0
25400.0
25400.0
25400.0
25400.0
25400.0
25400.0
25400.0
25400.0
25400.0
25400.0
25400.0
25400.0
25400.0
25400.0
25400.0
25400.0
25400.0
25400.0
28544.66796875
44568.83984375
59194.98828125
71588.390625
80423.0859375
88161.140625
95597.9140625
101633.140625
106991.140625
111682.5859375
115633.953125
118854.109375
121293.3515625
123674.546875
125809.6328125
127810.3046875
129580.453125
131226.53125
132699.890625
133717.796875
134335.421875
134651.140625
134952.578125
135357.625
135734.09375
136481.09375
137220.046875
137800.84375
138327.84375
138841.703125
141768.875
142614.578125
142836.390625
143228.921875
143349.78125
144077.375
142272.828125
139396.5625
136988.71875
134465.359375
132452.609375
130808.140625
129376.53125
128137.6796875
127045.6953125
126086.3046875
125187.9375
124422.6953125
123777.4453125
123149.421875
122618.171875
122135.7109375
121709.2421875
121305.0703125
120934.1484375
120612.6484375
120385.4921875
120281.78125
120232.3515625
120127.609375
120038.6484375
119951.6953125
119882.640625
119872.921875
120007.8671875
120166.4765625
120324.0703125
120472.5390625
120615.1015625
120742.171875
120861.59375
120983.3828125
121126.8359375
121302.3046875
121493.0546875
121663.0859375
121811.171875
121948.3203125
122066.75
122026.1796875
122138.0390625
122267.9453125
122378.4375
122483.5234375
122604.75
122748.7265625
122864.234375
122954.609375
123013.0703125
123051.8125
123051.03125
123057.390625
123053.0703125
123032.640625
122999.7109375
