25400.0
25400.0
25400.0
24895.677734375
24629.095703125
24502.40625
24287.44140625
24241.75
24232.56640625
24232.169921875
24234.439453125
24237.7734375
24241.45703125
24245.359375
24249.54296875
24255.5078125
24262.005859375
24268.255859375
24275.56640625
24283.203125
24292.458984375
24302.763671875
24314.33984375
24332.62109375
24419.2421875
27687.6328125
35997.06640625
46948.94140625
58946.65625
72429.234375
84071.078125
94243.203125
104662.59375
113913.03125
123010.84375
128526.46875
128961.3984375
128900.2734375
128412.953125
127572.9921875
126457.2890625
125284.3125
123985.1328125
122706.0390625
121358.6484375
120056.6328125
118734.3046875
117452.078125
116269.9453125
115114.7578125
114113.875
113138.0546875
112203.109375
111389.65625
110526.765625
109734.40625
108960.3984375
108247.5625
107546.6796875
106896.765625
106313.875
105761.265625
105266.4453125
104784.8046875
104344.8984375
103994.3046875
103630.2578125
103307.4140625
102994.2890625
102724.703125
102451.9140625
102273.8984375
102059.859375
101835.234375
101650.15625
101479.703125
101309.9140625
101162.125
101020.6171875
100898.8359375
100779.6171875
100667.640625
100553.328125
100476.0
100426.3671875
100402.8984375
100416.1875
100510.1171875
100526.46875
100504.9609375
100449.2734375
100389.859375
100329.5
100270.390625
100214.7734375
100155.890625
100093.578125
100152.1015625
100356.3359375
100501.21875
100569.3203125
100594.2578125
100684.953125
100775.46875
100821.046875
100820.5546875
100783.1484375
100733.90625
100692.0859375
100724.9921875
100794.171875
100861.375
100906.03125
100924.921875
100917.3828125
100888.6484375
100842.265625
100786.96875
100735.921875
100699.4140625
100683.609375
100675.5078125
100667.640625
100655.65625
