25400.0
25400.0
25400.0
25400.0
25400.0
25400.0
25400.0
25400.0
25400.0
25400.0
25400.0
25400.0
25400.0
25400.0
25400.0
25400.0
25400.0
25400.0
25400.0
25400.0
25400.0
25400.0
25400.0
25400.0
25400.0
25400.0
25400.0
25400.0
25400.0
37848.4609375
53817.22265625
66968.3828125
77956.1328125
86149.2421875
93484.2265625
100291.2578125
106685.5546875
112072.609375
116187.0703125
119801.390625
122871.015625
125268.6171875
127564.8125
129455.046875
131257.484375
132819.625
134310.546875
135722.546875
136949.484375
138047.765625
138906.4375
139450.796875
139638.734375
139632.75
139593.40625
139555.671875
139483.15625
139753.828125
137253.796875
134288.703125
131625.34375
129109.8203125
126899.9375
124873.203125
122943.3671875
121168.453125
119422.2578125
118074.2421875
117085.7109375
115953.4296875
114820.546875
113778.21875
112828.296875
111981.4765625
111357.0859375
110818.765625
110325.1484375
109914.4921875
109504.8984375
109178.0859375
108925.34375
108745.2421875
108612.9453125
108533.390625
108507.2421875
108532.8828125
108577.3359375
108694.09375
108848.703125
109014.390625
109352.8359375
109979.109375
110701.640625
111453.7265625
112255.703125
113202.6875
114111.390625
115011.8203125
115786.484375
116436.109375
116887.6484375
117110.0546875
117143.453125
117131.734375
117036.265625
117042.8671875
117309.5390625
117820.265625
118242.8125
118592.890625
118864.890625
119082.7265625
119247.96875
119365.984375
119487.28125
119603.03125
119718.3203125
119796.265625
119830.875
119855.2734375
119867.046875
119828.8203125
119743.7109375
119624.7109375
