25400.0
25400.0
25400.0
25157.310546875
24847.90625
24809.037109375
24809.037109375
24809.037109375
24844.693359375
24852.931640625
24855.146484375
24856.494140625
24857.75
24859.01171875
24860.185546875
24861.330078125
24862.857421875
24864.625
24865.669921875
24866.384765625
24867.05859375
24867.65625
24867.2890625
24866.98828125
24867.373046875
27401.89453125
40339.56640625
55293.4140625
70365.71875
81691.3203125
92822.3125
103591.515625
112734.84375
119297.03125
124229.359375
127683.6953125
130223.6875
129721.3203125
128235.9453125
127229.53125
126132.4921875
125102.6640625
124019.90625
122883.5078125
121660.5703125
120475.015625
119272.90625
118114.171875
117039.1640625
116002.296875
115062.8515625
114135.921875
113207.046875
112444.6953125
111679.359375
110994.84375
110319.1015625
109702.8828125
109071.546875
108468.984375
107929.7109375
107417.3671875
106944.796875
106520.0625
106021.890625
105576.6640625
105110.3828125
104729.671875
104390.78125
104093.0390625
103805.9765625
103536.7421875
103314.0546875
103133.28125
103040.2265625
102957.65625
102839.03125
102723.3359375
102625.0703125
102512.7734375
102452.4609375
102457.8515625
102418.7890625
102330.0625
102223.25
102151.4140625
102098.46875
102020.1171875
101916.859375
101854.953125
101818.515625
101852.0078125
101912.578125
101941.9453125
101938.15625
101945.1171875
101972.59375
102044.71875
102100.09375
102118.0703125
102093.3515625
102043.265625
101965.53125
101879.53125
101809.3359375
101764.1640625
101740.8125
101742.1640625
101762.234375
101816.96875
101899.8671875
102023.6171875
102170.6640625
102321.234375
102495.625
102658.7578125
102814.265625
102953.0390625
103083.3125
103199.640625
103297.671875
103382.4375
103447.6171875
103509.609375
