25400.0
25400.0
25400.0
25400.0
25400.0
25400.0
25400.0
25400.0
25400.0
25400.0
25400.0
25400.0
25400.0
25400.0
25400.0
25400.0
25400.0
25400.0
25400.0
37771.8359375
56688.2265625
67167.609375
75461.96875
82310.3671875
89227.6796875
94645.359375
99393.3203125
104104.1796875
108719.0625
113759.4921875
118447.890625
122511.0078125
126814.578125
130709.0
134513.46875
138290.96875
142233.875
146663.015625
152092.078125
148779.5
143457.8125
139739.015625
136441.890625
133910.578125
131686.5625
130814.9375
130573.7109375
130678.25
130876.65625
131504.28125
132121.796875
132577.0625
132822.484375
132890.25
132842.3125
132792.515625
132401.859375
131691.4375
130840.21875
130076.546875
129216.9375
128261.6953125
127312.03125
126312.71875
125331.7734375
124349.046875
123384.9609375
122585.5390625
121758.5078125
120973.9609375
120202.7890625
119505.6640625
118855.6875
118274.234375
117693.703125
117009.6328125
116381.8203125
115795.203125
115205.4375
114544.796875
113752.671875
113031.203125
112329.9453125
111836.0234375
111421.2578125
110936.4765625
110457.3828125
109955.7265625
109461.8046875
108965.296875
108515.109375
108157.265625
107800.3046875
107471.3359375
107138.5390625
106821.3515625
106495.4140625
106176.5234375
105878.953125
105591.7890625
105334.1328125
105088.609375
104862.0078125
104670.734375
104472.84375
104291.9453125
104118.6328125
103968.171875
103833.4375
103717.5546875
103620.3359375
103532.828125
103458.1015625
103389.7578125
103328.1328125
103276.703125
103247.0
103241.359375
103254.015625
103250.5
103259.1015625
103285.1640625
103324.234375
103379.9765625
103441.3046875
103507.9375
