25400.0
25400.0
25400.0
25263.298828125
25151.88671875
25151.88671875
25151.88671875
25151.88671875
25151.88671875
25151.88671875
25151.88671875
25151.88671875
25151.88671875
25151.88671875
25151.88671875
25151.88671875
25151.88671875
25151.88671875
25151.88671875
25151.88671875
25151.88671875
25151.88671875
25151.88671875
25156.904296875
35670.4609375
45559.6953125
52006.5078125
58225.65234375
64463.58203125
70515.1953125
75337.4296875
80377.515625
84790.671875
89924.21875
94561.5
98966.546875
103102.4375
107040.1953125
111367.953125
113925.7734375
115958.984375
118045.671875
120519.125
122959.9453125
124792.765625
126763.15625
125710.0
124724.7265625
123885.1171875
123070.9921875
122190.3515625
121305.546875
120384.5859375
119467.90625
118664.3515625
117935.84375
117203.8671875
116458.2421875
115760.359375
115053.8125
114351.7265625
113691.9921875
113050.96875
112321.0
111573.7109375
110879.046875
110281.5625
109650.0703125
109072.078125
108508.796875
108032.8515625
107767.21875
107680.25
107488.8984375
107313.5234375
107169.5234375
107023.046875
106877.953125
106766.5703125
106665.2734375
106601.0859375
106642.84375
106704.1953125
106678.9140625
106549.421875
106450.296875
106446.0234375
106511.03125
106594.28125
106665.2421875
106736.234375
106834.25
106954.4296875
107047.28125
107178.046875
107318.671875
107432.1875
107511.9453125
107576.453125
107644.78125
107737.953125
107856.9765625
107982.5078125
108127.4140625
108260.9140625
108385.171875
108493.9140625
108600.1953125
108708.203125
108809.859375
108900.7421875
108971.7578125
109022.5078125
109066.578125
109091.796875
109141.4765625
109216.578125
109315.9921875
109424.640625
109556.6796875
109682.953125
109783.9375
109886.140625
109985.875
110090.0625
