25400.0
25400.0
24796.177734375
24741.435546875
24543.16015625
23768.828125
23511.990234375
23476.666015625
23475.857421875
23485.005859375
23498.599609375
23516.380859375
23539.86328125
23574.888671875
23628.3046875
23698.9609375
23813.048828125
23969.40625
24188.71484375
24524.396484375
24830.45703125
24966.396484375
25035.67578125
25072.0546875
25085.509765625
25085.283203125
25079.189453125
25090.63671875
25381.2734375
26349.734375
29586.837890625
36345.2421875
44315.73046875
50639.56640625
55077.76953125
57822.65625
59766.421875
61377.98046875
62663.359375
63950.75390625
65366.78515625
66706.6640625
68582.9453125
70521.8359375
72703.9453125
74990.9453125
77375.6484375
79617.0625
81919.375
84066.2890625
85811.421875
87216.8515625
88234.765625
88929.0859375
90489.1953125
92172.921875
93729.3515625
95897.703125
97921.90625
99643.6328125
101174.0390625
102687.1875
104082.9375
105431.5625
106713.484375
107838.3046875
109096.9453125
110368.046875
110010.765625
109656.59375
109356.3671875
109092.6953125
108867.9296875
108617.6171875
108389.140625
108220.984375
107996.5703125
107754.7890625
107453.453125
107139.125
106834.8359375
106601.453125
106362.484375
106116.71875
105873.3515625
105621.5234375
105365.609375
105111.7734375
104883.875
104696.8203125
104516.015625
104359.1171875
104208.578125
104070.6484375
103923.65625
103793.671875
103696.3671875
103624.2890625
103574.3515625
103551.125
103546.1328125
103546.2421875
103551.1171875
103566.5390625
103591.4296875
103612.2421875
103623.828125
103645.53125
103649.953125
103659.1484375
103700.7890625
103744.9140625
103775.3125
103794.6328125
103814.6015625
103834.515625
103848.3125
103926.984375
104043.2890625
104269.171875
104516.265625
104721.03125
104891.3046875
105022.125
