25400.0
25400.0
25264.189453125
24543.091796875
25019.556640625
24752.59765625
24083.623046875
23627.13671875
23372.513671875
23354.94921875
23407.119140625
23510.255859375
23697.767578125
24263.26953125
24677.966796875
24858.28125
24931.849609375
24974.173828125
25006.529296875
25033.4296875
25058.748046875
25086.599609375
25121.73828125
25143.166015625
25157.955078125
25168.400390625
25176.3125
25182.337890625
25227.63671875
25482.73828125
26405.919921875
28747.4765625
34210.0
41236.72265625
49559.37890625
56865.44921875
64586.48828125
71621.8515625
77191.4296875
81827.375
85234.609375
88671.9765625
91726.5
94239.140625
96870.9609375
99082.2578125
101139.6328125
102951.4765625
104662.9921875
106256.0859375
107700.6484375
109088.4296875
110354.6171875
110302.359375
109786.875
109373.9921875
108949.140625
108556.1953125
108155.9765625
107776.5546875
107410.75
107077.5546875
106737.796875
106437.421875
106102.8125
105735.703125
105419.125
105238.8515625
105175.8671875
105136.796875
105076.53125
105012.421875
104939.890625
104966.984375
104957.015625
104999.8125
105038.921875
105040.53125
105002.59375
104946.6484375
104873.6875
104864.796875
104843.3828125
104818.2109375
104737.4921875
104692.828125
104714.1484375
104749.15625
104816.2421875
104907.4375
105004.4140625
105172.703125
105385.1328125
105580.9453125
105765.8125
105956.84375
106369.125
106804.0078125
107401.9140625
107953.0859375
108308.546875
108541.4296875
108653.09375
108693.9921875
108717.5234375
108693.421875
108642.6015625
108617.6015625
108823.7421875
108950.40625
109050.609375
109139.3984375
109249.9296875
109381.40625
109457.296875
109524.9375
109462.1171875
109456.1328125
109285.1328125
109066.40625
108808.7734375
108522.6640625
108227.78125
107914.28125
107615.8515625
107321.5546875
