25400.0
25400.0
25400.0
25400.0
25400.0
25400.0
25400.0
25400.0
25400.0
25400.0
25400.0
25400.0
25400.0
25400.0
25400.0
25400.0
25400.0
25400.0
25400.0
32998.64453125
53658.61328125
70252.5703125
83207.8359375
93974.96875
102192.234375
108609.4765625
113636.375
117224.6484375
119900.46875
122072.7890625
124715.90625
127114.1015625
129259.171875
131040.109375
132522.40625
133724.203125
134724.1875
135430.1875
136046.515625
137092.59375
140157.890625
143329.0
145754.65625
144373.59375
141021.34375
138494.03125
136671.8125
135683.734375
136108.25
136842.125
137542.234375
138364.671875
139009.015625
139736.828125
140353.1875
140797.96875
141128.359375
141339.265625
141395.71875
141254.71875
141282.1875
141261.46875
140916.875
140463.3125
139940.625
139219.0625
138329.4375
137443.65625
136431.75
135345.109375
134235.0
133185.09375
132142.34375
131035.21875
129933.4453125
128781.9453125
127849.0390625
126966.078125
125910.859375
124902.8203125
123928.9453125
122973.6015625
121979.7109375
120988.25
120036.125
119077.65625
118179.3828125
117270.3203125
116383.796875
115604.625
114773.6328125
113998.6484375
113232.796875
112525.1640625
111812.0703125
111116.2734375
110477.453125
109852.8046875
109280.8203125
108721.65625
108193.3203125
107738.296875
107261.9609375
106825.703125
106400.1171875
106012.46875
105635.78125
105281.4765625
104971.8984375
104688.6796875
104428.4296875
104170.7421875
103924.578125
103712.15625
103489.0625
103284.9921875
103086.1875
102904.640625
102728.3515625
102562.78125
102412.859375
102267.296875
102135.3203125
102007.796875
