25400.0
25400.0
25400.0
25400.0
25400.0
25400.0
25400.0
25400.0
25400.0
25400.0
25400.0
25400.0
25400.0
25400.0
25400.0
25400.0
25400.0
25400.0
25400.0
25400.0
25400.0
25400.0
25400.0
25400.0
25400.0
25400.0
25400.0
25400.0
25400.0
25400.0
25400.0
25400.0
25400.0
25399.998046875
26583.25
36829.828125
46208.79296875
53158.9296875
58893.1484375
64299.80078125
68875.7265625
71920.0859375
74829.296875
77361.3046875
79783.2109375
82035.5625
84421.2890625
87711.2890625
91262.75
95308.3125
99870.0078125
105500.0859375
111326.484375
117025.34375
123188.1484375
129200.3671875
135639.578125
141945.84375
148107.234375
154129.703125
160042.15625
166224.046875
171614.9375
176812.421875
181738.53125
185894.140625
185005.40625
180631.578125
176308.046875
172948.578125
169783.046875
166225.28125
162513.5
158825.8125
155724.421875
153523.734375
151345.796875
149653.765625
147681.40625
145997.8125
144604.140625
143470.21875
142705.78125
142141.0
141740.046875
141409.59375
141027.390625
140717.015625
140494.34375
140280.875
140003.703125
139743.859375
139466.53125
139170.765625
138821.109375
138419.46875
137990.578125
137520.5
137038.46875
136506.46875
135928.53125
135403.453125
134814.578125
134237.453125
133647.171875
133075.25
132460.6875
131824.5
131195.984375
130535.8515625
129887.5234375
129230.0546875
128682.5703125
128210.5546875
127797.625
127360.34375
126827.8671875
126280.4140625
125733.890625
125228.03125
124750.9765625
124255.6796875
123774.984375
123280.34375
