25400.0
25400.0
25400.0
25400.0
25400.0
25400.0
25400.0
25400.0
25400.0
25400.0
25400.0
25400.0
25400.0
25400.0
25400.0
25400.0
25400.0
25400.0
25400.005859375
25400.0
25400.0
27992.390625
47754.69921875
65593.8828125
79832.9765625
90800.28125
100157.8046875
107698.203125
113955.5859375
118897.8125
122574.9765625
125789.171875
128429.609375
130866.1953125
132792.890625
134672.796875
136317.28125
137682.34375
138826.21875
139799.765625
140678.578125
141470.515625
141963.203125
144246.625
144749.765625
144291.375
147148.296875
151173.171875
156008.796875
160415.421875
164207.6875
160251.71875
156696.296875
153396.390625
150678.171875
148164.03125
146360.859375
144779.265625
143348.34375
142038.0625
141000.140625
140125.578125
139345.65625
138702.625
138088.859375
137544.796875
137077.015625
136751.15625
136526.96875
136211.34375
135824.765625
135355.1875
134841.765625
134243.421875
133607.234375
133113.6875
132470.46875
131678.109375
130967.4609375
130127.015625
129161.6015625
128016.4296875
126910.75
125785.6796875
124619.34375
123527.8828125
122427.7265625
121371.3359375
120256.8984375
119166.296875
118202.859375
117160.9921875
116161.0390625
115173.5546875
114267.5234375
113381.25
112546.0078125
111781.0703125
111020.0625
110327.703125
109663.1015625
109039.6796875
108506.6875
107955.6328125
107453.53125
106964.6640625
106519.5625
106088.6875
105687.3515625
105325.46875
104977.3046875
104662.0078125
104355.59375
104066.6328125
103818.1328125
103558.4140625
103323.2265625
103092.703125
102879.0859375
102668.8203125
102469.4296875
102294.015625
102125.25
101971.203125
101823.3203125
