25400.0
25400.0
25400.0
25400.0
25400.0
25400.0
25400.0
25400.0
25400.0
25400.0
25400.0
25400.0
25400.0
25400.0
25400.0
25400.0
25400.0
25400.0
25400.0
25400.0
25400.0
25400.0
25400.0
25400.0
28678.59375
48325.26953125
61135.41796875
68183.71875
73981.625
79256.5234375
83653.796875
87641.8046875
91551.765625
95564.953125
98929.1171875
102215.328125
105452.4765625
108587.3203125
111946.875
115916.0234375
120711.125
125782.7109375
130906.8125
136165.484375
140889.5
145908.953125
150919.234375
156039.0625
161618.390625
169855.984375
163372.546875
158233.0
153279.390625
149840.765625
147239.703125
144896.5625
143079.71875
141612.296875
140860.25
140604.828125
140599.28125
140694.96875
140788.171875
141186.984375
141473.71875
141648.34375
141687.484375
141744.5625
141821.03125
141717.8125
141197.5
140312.40625
139315.53125
138012.28125
136404.828125
134761.890625
133174.234375
131884.421875
130649.4921875
129341.9140625
128135.7109375
126929.6328125
125796.296875
124713.3984375
123623.546875
122496.8046875
121370.375
120300.703125
119244.25
118267.734375
117306.1953125
116386.5234375
115587.6328125
114736.8359375
113926.5859375
113135.7109375
112415.96875
111713.6875
111056.4921875
110455.5546875
109871.515625
109332.578125
108809.2578125
108316.65625
107897.203125
107462.765625
107068.0546875
106687.21875
106343.5078125
106012.984375
105705.9453125
105430.015625
105165.140625
104927.0625
104699.0390625
104498.890625
104341.34375
104191.3984375
104065.140625
103950.796875
103850.90625
103754.59375
103664.015625
103576.8671875
103485.71875
103405.09375
103333.4921875
