25400.0
24330.5234375
22064.669921875
20955.509765625
20309.291015625
19544.720703125
19117.02734375
19221.0625
19663.65625
20210.67578125
20749.4765625
21291.044921875
21808.775390625
22288.728515625
22773.43359375
23247.90625
24061.15234375
24892.810546875
25074.12109375
25107.078125
25093.29296875
25637.9453125
27679.3984375
33109.55859375
38399.69140625
43087.4296875
48724.26953125
55252.50390625
60552.78515625
65273.4296875
69087.1484375
72964.9765625
76215.7421875
79134.0546875
81866.875
84321.0703125
86444.7421875
88255.7265625
89926.7265625
91400.9765625
92763.3828125
93995.421875
94977.2578125
95895.28125
96660.2421875
97327.0703125
97901.8046875
98425.1015625
98842.671875
99351.1328125
99905.421875
100371.140625
100791.7734375
101154.78125
101438.2890625
101717.953125
101961.4140625
102167.03125
102323.609375
102448.328125
102544.515625
102615.9375
102668.2734375
102691.703125
102694.859375
102701.7890625
102715.1875
102728.6015625
102733.75
102729.5390625
102716.3828125
102685.4765625
102642.953125
102593.515625
102539.6875
102489.0
102435.671875
102382.3125
102333.1328125
102277.2421875
102219.5546875
102138.015625
102040.71875
101943.0859375
101855.71875
101775.734375
101690.953125
101611.140625
101531.0390625
101458.2109375
101403.5390625
101344.7109375
101286.8828125
101225.546875
101165.2265625
101098.2734375
101026.515625
100955.3828125
100881.5234375
100811.1171875
100739.390625
100670.296875
100609.609375
100544.3984375
100481.1953125
100415.25
100355.1796875
100295.6171875
100237.6484375
100182.34375
100125.125
100069.6015625
100011.96875
99954.453125
99901.4296875
99842.0390625
99786.109375
99728.8984375
99666.3203125
99595.4296875
99526.7265625
99464.390625
99403.0078125
99346.609375
99291.109375
