25400.0
25400.0
25400.0
25400.0
25400.0
25400.0
25400.0
25400.0
25400.0
25400.0
25400.0
25400.0
25400.0
25400.0
25400.0
25400.0
25400.0
25400.0
25400.0
25400.0
25400.0
25400.0
25400.0
25400.0
25400.0
25400.0
25400.0
25400.0
25400.0
25400.0
25400.0
25400.0
25400.0
25400.0
31482.701171875
44149.453125
52665.47265625
58752.9140625
63399.55859375
67063.109375
70131.078125
72972.65625
75435.921875
77777.2578125
79814.953125
81902.4453125
84112.9140625
86607.0625
89196.53125
92740.0703125
97412.7421875
103032.59375
109183.3515625
115647.8515625
121829.3828125
128440.703125
134639.53125
140979.1875
146964.109375
153647.5
159839.109375
164914.265625
170049.921875
175006.953125
180007.484375
184900.53125
189050.46875
192828.21875
196086.0625
200952.65625
207227.421875
209610.1875
217312.8125
212805.953125
206829.640625
203611.421875
201705.390625
200921.609375
200378.84375
199104.453125
197462.640625
195583.203125
193074.890625
190022.15625
186803.78125
183481.375
179756.203125
176075.53125
172266.28125
168424.796875
164971.53125
161203.234375
157701.796875
154235.421875
151053.03125
147976.203125
145087.515625
142461.890625
139991.5625
137837.578125
135836.671875
134017.46875
132420.078125
130728.125
129180.7421875
127687.9609375
126330.25
125004.328125
123745.5234375
122587.4765625
121457.15625
120425.25
119423.890625
118485.1953125
117686.1640625
116858.203125
116106.65625
115380.1953125
114721.609375
114087.8828125
113499.171875
112971.5703125
112468.9921875
112016.0234375
111578.3203125
