25400.0
25400.0
25400.0
25053.9296875
24719.767578125
24576.94921875
24559.86328125
24490.9140625
24476.1640625
24473.220703125
24473.38671875
24474.53515625
24476.044921875
24477.599609375
24479.2734375
24480.892578125
24482.4921875
24484.05859375
24485.466796875
24486.978515625
24488.45703125
24490.859375
24492.55078125
24493.9296875
24495.802734375
24498.041015625
24500.580078125
24503.228515625
24506.23828125
24509.404296875
24512.591796875
24516.505859375
24520.861328125
24526.09375
24531.765625
24538.76953125
24551.833984375
24598.31640625
26579.919921875
30441.79296875
37135.76171875
44325.2109375
51408.32421875
59020.328125
66503.7890625
73330.5390625
79064.6015625
84223.390625
88233.8515625
91336.0625
94236.171875
97156.5
100289.1015625
102885.2109375
103491.0625
103985.296875
104284.21875
104486.078125
104639.8046875
104762.4140625
104906.7734375
105095.953125
105324.8671875
105587.6953125
105836.7890625
106054.1796875
106205.4375
106322.3125
106379.71875
106400.484375
106380.28125
106384.71875
106477.703125
106532.5546875
106570.3828125
106682.421875
106799.4140625
106870.7890625
106889.0
106849.5625
106805.3828125
106704.0703125
106797.9296875
107068.6640625
107426.6640625
107880.9765625
108347.0546875
108757.015625
109131.1953125
109456.8203125
109675.7890625
109789.8515625
109835.7578125
109849.8359375
109829.0
109760.828125
109594.8671875
109400.5078125
109202.609375
109015.0078125
108808.2578125
108584.5
108395.3125
108426.9921875
108464.4140625
108491.7109375
108516.0390625
108540.390625
108565.484375
108588.1484375
108611.875
108634.796875
108732.0
108852.40625
108957.9296875
109062.8671875
109152.90625
109235.0
109305.96875
109370.7265625
109429.625
109480.09375
109527.4375
109568.9453125
109608.5703125
