25400.0
25400.0
25400.0
25400.0
25400.0
25400.0
25400.0
25400.0
25400.0
25400.0
25400.0
25400.0
25400.0
25400.0
25400.0
25400.0
25400.0
25400.0
25400.0
25400.0
25400.0
25400.0
25400.0
25400.0
25400.0
25400.0
25400.0
25400.0
25400.0
25400.0
25400.0
25400.0
25400.0
25400.0
36169.8203125
48394.70703125
55852.171875
60909.796875
64732.875
67502.109375
69485.3046875
70945.6875
72402.1875
73807.375
75011.65625
76455.125
77658.078125
78874.34375
80086.328125
81337.15625
82546.0390625
83603.5546875
84598.015625
85510.4609375
86477.7265625
87383.8984375
88156.59375
88971.3828125
89721.6875
90440.5625
91104.71875
91847.953125
92594.5234375
93254.5390625
93924.2734375
94629.859375
95328.3515625
96074.59375
96841.890625
97895.2109375
99063.125
100377.609375
101721.78125
103321.4453125
106060.1875
109243.7421875
113047.7578125
116434.3828125
119980.1953125
122629.8671875
126506.109375
133822.53125
142066.90625
150799.171875
160199.40625
170624.3125
181266.75
191925.65625
203383.015625
212830.546875
231571.953125
227487.28125
221131.59375
215373.46875
210051.296875
205409.28125
201556.40625
198174.234375
194915.359375
191907.609375
188802.09375
185905.296875
183026.984375
180321.875
178461.171875
176356.140625
174182.609375
171871.109375
169606.28125
167281.171875
164964.078125
162705.0625
160410.578125
158213.578125
155960.328125
153705.953125
151669.390625
149521.6875
147498.984375
145467.0
143527.78125
141548.625
139618.75
137802.140625
135981.046875
134271.21875
132567.015625
