25400.0
25400.0
25400.0
25258.056640625
24728.3984375
24595.759765625
24426.111328125
24224.130859375
24121.138671875
24107.27734375
24106.54296875
24108.046875
24110.21875
24112.568359375
24114.865234375
24117.212890625
24119.447265625
24121.73828125
24124.05859375
24127.01171875
24130.6484375
24134.490234375
24138.9921875
24144.17578125
24149.9921875
24156.794921875
24164.802734375
24175.314453125
24188.70703125
24207.39453125
24227.837890625
24251.88671875
24289.236328125
24342.7578125
24417.8359375
24508.978515625
24739.0546875
24983.69140625
25101.787109375
25149.314453125
25161.828125
25160.841796875
25281.08203125
25625.654296875
26490.357421875
28231.232421875
31936.23046875
36539.80078125
41895.734375
47420.56640625
52491.50390625
57132.30078125
61318.53515625
66043.3515625
69522.484375
72290.0703125
75078.1640625
77491.40625
79645.140625
81496.5625
83387.0234375
85184.7890625
86808.3828125
88358.5390625
89545.25
90529.75
91348.1328125
92198.109375
93208.7578125
94166.2109375
95333.1328125
96384.3828125
97321.703125
98241.4296875
99185.8984375
100513.8671875
101942.046875
103542.84375
105398.5859375
108288.8359375
112167.8515625
115853.0234375
119547.6875
123244.203125
127376.4609375
131731.578125
135712.03125
139573.03125
143273.6875
143083.8125
142911.671875
142703.0
142359.421875
142050.09375
141845.828125
141563.90625
141125.078125
140544.25
139890.875
139162.171875
138421.203125
137619.015625
136796.953125
136040.75
135193.59375
134370.375
133526.140625
132954.421875
132539.71875
132171.578125
131959.46875
131678.1875
131347.3125
130959.203125
130537.96875
130144.0546875
129717.3046875
129302.078125
128921.203125
128578.2734375
127991.9296875
127359.8125
126707.9765625
126013.7734375
125303.90625
124560.0703125
