25400.0
25400.0
25400.0
25081.515625
24801.8125
24652.046875
24712.6328125
24741.21875
24744.4609375
24745.5546875
24746.84375
24748.44921875
24750.171875
24751.83984375
24753.54296875
24755.154296875
24756.74609375
24758.2734375
24760.109375
24762.12109375
24763.455078125
24764.646484375
24765.748046875
24766.8515625
24767.89453125
24768.88671875
24769.865234375
24770.810546875
24771.724609375
24772.6328125
24773.28125
24773.935546875
24773.875
24776.263671875
24797.060546875
28734.83203125
39603.32421875
50162.7734375
58740.25390625
66643.3984375
74187.8359375
80318.3046875
85136.953125
89614.984375
93065.40625
96449.59375
99224.625
101386.1171875
103059.7890625
104648.5859375
106395.8984375
107966.4765625
110256.09375
112222.328125
113766.2109375
115234.0859375
116515.078125
117719.0390625
118796.8671875
119805.484375
120702.1640625
121515.953125
122331.1796875
123121.890625
123875.7890625
124584.8984375
125198.171875
125861.34375
126501.46875
127161.65625
127775.203125
128425.765625
128949.53125
129368.2890625
130069.46875
128654.765625
127180.9453125
125844.40625
124539.453125
123087.9765625
121735.1875
120421.390625
119234.5
118099.21875
117045.296875
116142.140625
115214.640625
114493.3359375
113822.1796875
113243.5859375
112893.296875
112589.28125
112284.546875
111942.265625
111700.5859375
111498.2421875
111152.40625
110767.328125
110344.78125
109969.0
109700.8046875
109527.3515625
109408.2578125
109251.8203125
109052.765625
108801.8046875
108581.515625
108384.0234375
108201.796875
108033.65625
107874.21875
107737.3671875
107711.4609375
107910.1015625
108119.71875
108310.6640625
108479.890625
108648.609375
108816.9765625
108993.453125
109177.2578125
109422.1484375
109666.9375
109894.0
110124.0390625
