25400.0
25400.0
25395.2421875
24898.44140625
24654.45703125
24646.607421875
24715.490234375
24745.626953125
24751.501953125
24754.265625
24756.857421875
24759.64453125
24762.5
24765.203125
24767.859375
24771.1796875
24774.775390625
24777.205078125
24779.09765625
24780.994140625
24783.03125
24786.37109375
24791.333984375
24829.951171875
30084.958984375
39365.734375
50240.06640625
61150.15625
73681.3125
84088.625
92828.296875
101651.9296875
109062.0625
115843.46875
120045.6875
120513.25
120668.5703125
120616.359375
120269.5
119749.3984375
119066.0
118309.609375
117625.1953125
116882.671875
116163.65625
115399.3125
114585.7109375
113722.546875
112891.59375
112191.9453125
111502.9921875
110856.765625
110313.03125
109734.0625
109166.2421875
108497.15625
107854.3046875
107200.546875
106581.8671875
105973.390625
105421.390625
104951.9765625
104546.921875
104194.0625
103875.234375
103564.625
103271.2109375
102948.1484375
102615.3515625
102252.1328125
101959.84375
102168.796875
102483.125
103031.7890625
103496.453125
103890.3359375
104228.4375
104508.1875
104776.1875
105232.5
105473.84375
105596.4296875
105659.3828125
105684.9453125
105700.8203125
105716.890625
105706.421875
105677.1171875
105647.78125
105603.953125
105545.828125
105585.5234375
105680.0078125
105768.3828125
105786.1640625
105743.8359375
105667.6796875
105669.9609375
105697.7109375
105706.265625
105700.9140625
105745.59375
105817.6015625
105901.8046875
105962.3984375
105993.8671875
105999.0546875
105989.0625
105979.296875
105989.40625
106025.6640625
106081.8828125
106152.65625
106228.4375
106297.3125
106370.8515625
106439.3984375
106507.1875
106579.46875
106652.6875
106726.1171875
106804.625
106892.15625
106980.4296875
107074.2734375
