25400.0
25400.0
25400.0
25400.0
25400.0
25400.0
25400.0
25400.0
25400.0
25400.0
25400.0
25400.0
25400.0
25400.0
25400.0
25400.0
25400.0
25400.0
25400.0
25400.0
25400.0
25400.0
25400.0
25400.0
25400.0
25400.0
25400.0
25400.0
25400.0
38502.45703125
47282.8515625
51171.62890625
54181.33203125
56936.7890625
59533.21875
62407.9609375
65778.2890625
69803.015625
74606.7890625
80501.1640625
87928.6328125
97650.265625
107177.8125
115370.1875
124365.65625
133404.53125
141016.859375
147431.78125
154237.875
160010.65625
164481.328125
168258.28125
171686.234375
174609.6875
177053.625
178868.625
180713.53125
183652.765625
190453.671875
196193.640625
211023.28125
219923.34375
212210.71875
207626.25
205271.828125
203270.984375
199493.0
195668.15625
192656.125
188979.796875
185165.265625
181000.109375
177078.65625
174265.5625
170826.8125
167180.03125
163090.921875
159267.546875
155558.375
151998.828125
148900.421875
145613.546875
142530.796875
139465.46875
136654.328125
133861.953125
131221.140625
128886.6171875
126668.0625
124681.8203125
122787.875
121040.65625
119575.046875
118085.625
116761.4140625
115494.4140625
114356.4375
113274.9453125
112283.2421875
111406.265625
110581.4453125
109853.9609375
109167.9765625
108540.875
108016.703125
107483.203125
107006.7265625
106552.4453125
106144.90625
105757.2421875
105399.2109375
105077.6171875
104770.5
104494.1953125
104229.6015625
103985.140625
103780.3671875
103571.59375
103385.6796875
103209.2421875
103053.1796875
102907.7265625
102792.1640625
102781.5546875
102808.3203125
102843.5390625
103017.03125
