25400.0
25400.0
24835.96484375
24657.1796875
24529.197265625
24364.109375
24322.287109375
24315.14453125
24320.962890625
24329.32421875
24339.58984375
24357.3359375
24380.0078125
24410.17578125
24452.28125
24510.548828125
24598.87109375
24938.1875
25150.0625
25221.6171875
25242.0
25250.189453125
25257.548828125
25863.05078125
27844.326171875
32710.90234375
40643.24609375
48848.015625
56746.0078125
63462.0234375
68737.28125
73448.4296875
77283.703125
80752.734375
85987.828125
93168.609375
102384.3515625
111649.78125
121893.515625
132285.34375
142457.859375
152301.953125
157925.671875
155982.421875
153920.140625
151531.328125
149144.671875
146625.578125
144091.0625
142413.25
140607.859375
138851.6875
137148.84375
135507.859375
134085.984375
132508.890625
130822.0234375
129087.734375
127259.6796875
125816.6328125
125207.0078125
124280.7578125
123179.53125
122304.1171875
121594.359375
121055.5546875
120651.8828125
120243.125
119911.0078125
119920.4921875
119938.734375
119966.7578125
120028.421875
120123.515625
120241.53125
120398.7890625
120545.109375
120656.9765625
120688.765625
120609.6875
120518.109375
120396.640625
120255.28125
120080.6953125
119903.234375
119734.1640625
119481.7265625
119168.4375
118766.421875
118286.78125
117882.4453125
117435.6640625
117085.296875
116697.671875
116297.8203125
115918.3828125
115614.5234375
115280.9921875
114898.609375
114506.1015625
114041.53125
113567.921875
113153.4921875
112702.84375
112280.4296875
111857.03125
111463.6796875
111071.390625
110684.8984375
110316.359375
109937.953125
109577.484375
109212.1328125
108854.3828125
108538.9296875
108199.21875
107879.2109375
107559.5
107261.765625
106965.6015625
106682.6328125
106423.3984375
106171.1328125
105940.609375
105718.984375
