25400.0
25400.0
25399.919921875
24796.078125
24599.203125
24620.1796875
24612.421875
24608.501953125
24608.888671875
24610.529296875
24612.42578125
24614.359375
24616.19921875
24617.916015625
24619.583984375
24621.125
24623.494140625
24625.0390625
24626.310546875
24627.556640625
24628.775390625
24629.373046875
24632.712890625
24729.521484375
37052.89453125
52318.66796875
64286.69921875
71218.3671875
75547.1640625
79229.6796875
82884.859375
87073.9296875
91221.578125
94947.1953125
98056.03125
101303.3046875
104454.78125
107269.8359375
109994.71875
112597.7890625
114629.3359375
114084.34375
113743.59375
113446.625
113237.1328125
112942.0390625
112565.71875
112209.78125
111867.0546875
111615.0859375
111429.5703125
111251.4609375
111039.0
110794.0078125
110546.8203125
110246.46875
109943.5234375
109648.3046875
109273.671875
108801.28125
108294.2265625
107794.28125
107250.6328125
106676.7421875
106065.140625
105456.375
105083.0
104938.703125
104829.1640625
104713.8828125
104587.171875
104475.4921875
104501.7421875
104500.453125
104438.7265625
104323.65625
104332.90625
104477.0
104540.7109375
104591.125
104649.5
104726.359375
104788.40625
104833.203125
104966.8671875
105039.546875
105031.6015625
105057.8359375
105072.6328125
105056.4296875
105029.7421875
104994.5078125
104947.5078125
105020.890625
105026.4375
104955.4375
104844.1328125
104714.46875
104556.390625
104410.40625
104327.2421875
104280.5
104229.1328125
104148.0859375
104063.0
104013.546875
103987.7109375
103992.1875
103988.8359375
103958.5625
103918.953125
103896.546875
103883.4765625
103869.3828125
103852.453125
103834.4609375
103826.0
103832.0
103853.46875
103889.0078125
103937.7734375
103996.03125
104062.734375
104130.5546875
104211.0390625
