25400.0
25400.0
25400.0
25400.0
25400.0
25400.0
25400.0
25400.0
25400.0
25400.0
25400.0
25400.0
25400.0
25400.0
25400.0
25400.0
25400.0
25400.0
25400.0
25400.0
25400.0
25400.0
25400.0
25400.0
25400.0
25400.0
25400.0
25400.0
25400.0
36624.48046875
51347.24609375
58757.35546875
64013.85546875
67985.2578125
71623.6171875
75346.671875
78660.5390625
81748.1015625
84894.890625
88358.5625
91550.453125
94159.7421875
97055.796875
99741.359375
102335.8515625
104749.765625
107276.546875
109881.3203125
112133.828125
114240.375
116156.5703125
118095.3203125
120281.4375
122250.7578125
124276.765625
126109.2734375
127953.2109375
129689.953125
131361.8125
132930.328125
134271.484375
135723.875
137143.90625
138331.765625
139297.375
140013.765625
140600.328125
143682.984375
143849.46875
143380.890625
143991.65625
147518.78125
150355.03125
151100.671875
148230.234375
145947.8125
143780.578125
141732.40625
139737.5625
138123.921875
136672.21875
135436.09375
134385.546875
133742.359375
133426.765625
133044.265625
132728.59375
132572.984375
132587.671875
132635.140625
132705.296875
132804.328125
132906.8125
133006.65625
133013.734375
132997.265625
132942.421875
132881.171875
132825.0
132828.96875
132775.578125
132664.921875
132475.25
132242.109375
131956.515625
131663.359375
131352.578125
131037.6875
130717.40625
130377.65625
130047.8828125
129704.8203125
129397.5
129160.3515625
128860.484375
128546.140625
128198.859375
127844.8828125
127459.21875
127059.984375
126650.90625
126221.9765625
125802.2890625
125361.0234375
