25400.0
25400.0
25400.0
25398.67578125
25397.68359375
25397.68359375
25395.349609375
25393.728515625
25392.248046875
25391.037109375
25390.173828125
25389.5546875
25389.138671875
25388.869140625
25388.6875
25388.57421875
25388.501953125
25388.45703125
25388.431640625
25388.416015625
25388.41015625
25388.40234375
25388.359375
25387.95703125
25507.24609375
34860.8046875
44948.10546875
52449.0
59835.30078125
67211.28125
72894.4140625
78594.359375
83462.2421875
88024.875
92184.296875
96167.6796875
99816.5
103008.21875
106176.375
109411.6171875
112995.7890625
116831.5078125
120244.859375
123819.5625
127096.1171875
130291.859375
133266.03125
136295.203125
139314.1875
141998.875
144419.0
146600.1875
149293.28125
155333.78125
151418.84375
147768.65625
144613.109375
141734.828125
139353.546875
137005.859375
134841.28125
132825.34375
131191.5
130341.78125
129723.796875
129146.8046875
128718.8828125
128436.5859375
128287.9375
128339.0703125
128608.9296875
128755.1328125
128867.1875
129010.5546875
129167.4609375
129313.2265625
129445.3671875
129551.4140625
129596.203125
129578.5703125
129490.125
129333.0625
129143.109375
128899.46875
128603.796875
128501.90625
128316.34375
128031.140625
127663.1953125
127246.609375
126840.7421875
126360.3125
125858.8984375
125318.6640625
124795.09375
124267.7109375
123632.953125
123019.4140625
122393.625
121800.7109375
121202.859375
120619.0625
120102.609375
119544.0703125
119007.8984375
118434.65625
117901.4453125
117363.1484375
116836.4140625
116337.59375
115834.640625
115359.9375
114892.2578125
114428.7109375
114020.015625
113585.53125
113178.6640625
112770.6875
112388.2421875
112008.9765625
111662.84375
111350.7890625
111036.546875
110738.375
110453.7890625
