25400.0
25400.0
25400.0
25394.310546875
25167.728515625
25167.728515625
25167.728515625
25167.728515625
25167.728515625
25167.728515625
25167.728515625
25167.728515625
25167.728515625
25167.728515625
25167.728515625
25177.43359375
25184.34375
25185.171875
25185.166015625
25184.560546875
25186.50390625
37276.03125
56149.3515625
70622.7734375
82237.7265625
90115.375
95344.796875
100028.78125
104106.71875
108063.9140625
111337.6015625
114011.0859375
116294.7578125
118105.5546875
120050.9453125
122330.6015625
124511.8828125
126423.953125
128187.578125
129944.921875
131407.890625
133118.0625
136411.75
134535.078125
131374.90625
128860.0859375
126961.84375
125058.375
123642.0234375
122257.03125
121283.859375
120214.3203125
119499.640625
118954.3984375
119123.6015625
119312.203125
119328.8828125
119391.546875
119541.9765625
119746.1484375
120034.8203125
120392.859375
120703.3671875
120977.25
121262.0703125
121553.5859375
121868.109375
122193.2890625
122461.6328125
122646.609375
122831.4765625
122972.796875
123085.421875
123291.25
123493.484375
123627.1328125
123736.0859375
123702.5703125
123469.390625
123237.453125
123049.265625
122745.203125
122314.1171875
121828.1328125
121319.703125
120708.9765625
120109.6484375
119481.9375
118871.0546875
118207.140625
117545.25
116938.9609375
116232.609375
115574.2421875
114928.2109375
114327.3046875
113753.9140625
113191.15625
112639.2890625
112078.3515625
111593.2890625
111100.640625
110593.46875
110136.0859375
109656.609375
109218.7109375
108787.5234375
108380.03125
107972.03125
107577.2578125
107204.9140625
106835.6328125
106492.9140625
106154.2265625
105829.5859375
105545.6953125
105248.8125
104978.640625
104713.59375
104469.1171875
104230.0078125
104003.125
103794.21875
103589.6640625
103401.015625
103217.0078125
