25400.0
25400.0
24636.8828125
24691.091796875
22584.677734375
20721.763671875
20423.3984375
20793.388671875
21399.62890625
22211.642578125
23496.330078125
24516.771484375
24670.61328125
24668.88671875
24654.970703125
24651.34375
24660.4609375
24676.728515625
24697.0234375
24710.0859375
24725.89453125
24741.015625
24754.638671875
24760.29296875
24776.9921875
24980.298828125
25626.2578125
27684.955078125
32290.486328125
38558.1953125
47293.15625
54954.859375
60979.73828125
65934.8828125
70696.5859375
74363.7265625
77241.09375
79438.40625
81198.625
82855.53125
84157.71875
84993.8828125
85674.359375
86260.734375
86804.578125
87396.6171875
88030.671875
88607.078125
89099.0703125
89538.5546875
89901.390625
90223.09375
90515.671875
90732.4765625
90964.7734375
91177.328125
91380.71875
91550.2734375
91690.6953125
91830.0703125
91975.171875
92116.5625
92233.3046875
92335.0625
92419.671875
92498.2890625
92586.671875
92670.0078125
92748.84375
92813.375
92865.0625
92907.1015625
92943.0234375
92977.3671875
93012.921875
93056.53125
93094.0234375
93155.8203125
93248.9375
93338.71875
93422.5078125
93491.6875
93551.234375
93602.6484375
93648.8671875
93694.078125
93736.6953125
93777.2734375
93813.6171875
93843.2578125
93873.734375
93903.5546875
93935.9453125
93970.25
94017.1484375
94077.453125
94152.515625
94241.984375
94336.28125
94437.3046875
94537.1640625
94627.53125
94742.21875
94853.90625
94964.703125
95067.8984375
95184.3203125
95307.9375
95460.2265625
95631.6796875
95802.609375
96004.1328125
96196.78125
96354.703125
96526.5625
96803.734375
97141.8359375
97441.4140625
97732.015625
98010.453125
98291.484375
98567.390625
98823.0
99085.0859375
