25400.0
25400.0
25400.0
25400.0
25400.0
25400.0
25400.0
25400.0
25400.0
25400.0
25400.0
25400.0
25400.0
25400.0
25400.0
25400.0
25400.0
25400.0
25400.0
25400.0
25400.0
25400.0
25400.0
25400.0
25400.0
28703.171875
47939.26953125
65188.15234375
79737.9296875
90580.2890625
99331.015625
107981.59375
115370.6796875
121922.2890625
127313.9140625
131666.796875
135177.078125
137860.359375
140130.4375
142113.359375
143814.109375
145134.484375
146115.9375
147003.3125
147692.109375
148280.609375
148712.484375
151626.453125
153552.828125
153195.671875
153168.96875
156493.484375
158917.6875
154376.515625
151496.84375
149195.5625
147576.890625
146421.1875
145797.265625
145131.71875
144474.109375
143736.28125
142831.640625
141792.46875
140583.171875
139317.265625
138174.984375
136964.953125
135879.453125
134771.21875
133712.0625
132633.4375
131567.171875
130572.40625
129572.375
128626.375
127682.21875
126768.5859375
125963.7421875
125076.1640625
124240.734375
123438.46875
122697.1328125
121958.84375
121244.578125
120574.6953125
119903.921875
119273.8671875
118640.90625
118026.1875
117485.875
116906.28125
116361.3828125
115815.5625
115309.671875
114807.2265625
114319.46875
113856.0703125
113389.3515625
112952.375
112500.3671875
112064.34375
111686.2265625
111289.40625
110917.359375
110540.6484375
110185.0078125
109834.296875
109499.3125
109187.3125
108892.984375
108641.5546875
108391.859375
108149.046875
107938.046875
107716.390625
107513.625
107315.78125
107136.34375
106962.1640625
106799.375
106651.5234375
106509.6015625
106385.6796875
106269.5078125
