25400.0
25400.0
25400.0
25400.0
25317.974609375
25317.974609375
25317.974609375
25317.974609375
25317.974609375
25317.974609375
25317.974609375
25317.974609375
25317.974609375
25317.974609375
25317.974609375
25317.974609375
25317.974609375
25317.974609375
25317.974609375
25317.974609375
25317.974609375
25317.974609375
25317.974609375
25317.974609375
25317.974609375
25317.974609375
25317.974609375
25317.974609375
25317.974609375
25317.974609375
25317.974609375
35430.56640625
51009.72265625
62452.0625
72558.75
80460.078125
87363.015625
93478.6640625
98743.1328125
103641.3984375
107741.0390625
110972.765625
114085.1015625
116817.96875
119401.765625
121644.421875
123730.0703125
125790.2578125
127585.2421875
129189.9140625
130754.5234375
132286.296875
133667.28125
133920.328125
132110.5625
130500.7890625
128917.4765625
127431.2109375
125935.75
124525.5546875
123201.0078125
121816.09375
120500.28125
119219.2890625
117987.109375
116935.2421875
115843.8671875
114871.265625
114064.625
113434.234375
112969.0078125
112702.8359375
112518.0859375
112244.3359375
112034.0703125
111872.6015625
111726.0390625
111526.3984375
111258.7265625
110981.3984375
110688.96875
110433.921875
110158.5859375
110076.8203125
110161.53125
110263.03125
110274.2734375
110388.3984375
110579.3984375
110694.2734375
110726.4921875
110701.3203125
110815.7109375
110934.8515625
111000.953125
111157.171875
111363.125
111555.1953125
111683.125
111757.8515625
111895.125
112027.8359375
112166.7109375
112298.015625
112437.7890625
112577.9921875
112727.3046875
112889.4375
113064.421875
113310.9921875
113605.4765625
113941.5546875
114287.1875
114598.046875
114937.2265625
115244.8515625
115638.6953125
115970.65625
116242.3046875
116461.75
116638.921875
116801.5859375
116940.2734375
117056.109375
