25400.0
25400.0
25400.0
24982.052734375
24822.37890625
24822.37890625
24822.37890625
24822.37890625
24822.37890625
24834.9296875
24849.962890625
24852.787109375
24854.0546875
24855.0078125
24856.587890625
24857.736328125
24856.671875
24858.298828125
28217.5
46557.640625
65587.53125
84372.0234375
99572.484375
105858.953125
110199.0390625
112962.9609375
114885.0703125
116071.28125
116756.3515625
116948.828125
116975.890625
116896.9140625
116614.3046875
116095.125
115469.9375
114798.4609375
114084.734375
113372.984375
112930.8828125
112630.0703125
112301.0625
111961.984375
111616.71875
111136.921875
110681.078125
110256.5546875
109878.953125
109527.6953125
109209.8515625
108915.3515625
108621.0546875
108341.3515625
108034.9140625
107723.03125
107430.765625
107084.3515625
106775.6328125
106474.0546875
106082.9609375
105702.0390625
105349.84375
105029.234375
104700.515625
104358.6484375
103983.109375
103609.3515625
103307.84375
103007.75
102747.46875
102528.0390625
102339.3046875
102244.0859375
102189.4296875
102198.203125
102115.1953125
101957.8203125
101745.6640625
101566.6015625
101458.2890625
101387.2421875
101314.0
101235.65625
101140.859375
101039.2890625
100950.84375
100875.84375
100832.0546875
100809.7421875
100790.109375
100778.9765625
100777.1796875
100775.3359375
100766.046875
100749.171875
100729.5390625
100730.34375
100750.3515625
100775.609375
100809.171875
100846.09375
100886.4453125
100917.78125
100944.046875
100970.3046875
100990.2109375
100999.8671875
101005.2421875
101010.8359375
101019.90625
101034.6953125
101064.828125
101103.171875
101146.53125
101190.34375
101228.53125
101268.53125
101304.7734375
101338.6875
101368.546875
101397.328125
101424.4375
101456.1640625
101496.3125
101534.8828125
101570.296875
