25400.0
25400.0
25352.0390625
24569.849609375
24518.283203125
24289.64453125
24212.60546875
24194.93359375
24194.916015625
24197.5546875
24200.685546875
24204.07421875
24207.337890625
24211.21875
24216.189453125
24221.564453125
24228.322265625
24236.33984375
24244.919921875
24257.2109375
24273.783203125
24303.46484375
24492.806640625
28669.54296875
37438.21875
47896.20703125
60296.27734375
73194.015625
83927.8671875
93916.9296875
102313.1796875
110156.640625
116762.671875
122215.1796875
126401.703125
129925.9921875
129552.09375
128435.3203125
127232.5546875
125933.671875
124602.5625
123332.3671875
122239.546875
121054.6328125
119916.578125
118738.3359375
117636.875
116552.828125
115446.2890625
114394.5859375
113377.828125
112512.9921875
111630.40625
110805.6015625
110154.7421875
109485.0
108865.2734375
108223.578125
107604.8828125
106986.6171875
106388.8515625
105869.96875
105315.90625
104822.5703125
104324.796875
103813.78125
103379.7265625
102948.09375
102562.9609375
102169.6875
101832.5234375
101753.3515625
101614.6875
101467.5390625
101264.828125
101068.671875
100896.1328125
100688.1015625
100468.6875
100201.8046875
99944.9140625
99700.0234375
99504.21875
99380.25
99278.7265625
99204.1796875
99199.6796875
99184.3671875
99129.8203125
99035.9296875
98934.46875
98821.234375
98712.1484375
98609.015625
98544.203125
98488.3125
98436.09375
98384.109375
98324.21875
98262.53125
98205.265625
98191.890625
98182.09375
98168.8828125
98153.890625
98131.0859375
98108.7421875
98089.953125
98075.359375
98069.046875
98085.171875
98109.8203125
98138.4765625
98167.875
98195.2265625
98230.1015625
98273.984375
98321.96875
98367.2109375
98411.1796875
98451.9765625
98490.5
98532.3671875
98621.375
98734.5859375
