25400.0
25400.0
25400.0
25398.23828125
25396.0703125
25393.1875
25390.6015625
25386.826171875
25384.59375
25383.271484375
25382.552734375
25382.162109375
25381.66796875
25381.107421875
40879.75390625
66334.6328125
91733.3359375
111367.8671875
126012.8671875
138769.125
142855.1875
139254.3125
135482.0
131492.375
127772.2578125
124546.8125
121497.3359375
118765.6328125
116091.75
113585.921875
111557.8828125
109971.6015625
108858.2578125
108115.9296875
107535.1328125
106965.0625
106488.953125
106413.671875
106451.484375
106473.078125
106539.765625
106684.2421875
106845.984375
107068.2578125
107294.625
107528.6796875
107748.0078125
107998.765625
108267.203125
108502.2109375
108730.15625
108953.2421875
109170.7890625
109382.046875
109561.0234375
109729.8828125
109838.4609375
109899.03125
109915.8125
109939.34375
109909.5234375
109821.53125
109685.2890625
109515.8671875
109329.5078125
109130.6953125
108970.2421875
108784.4140625
108581.109375
108356.453125
108126.5859375
107875.4765625
107616.2734375
107355.8359375
107089.53125
106965.4296875
106792.59375
106557.4375
106314.2890625
106027.5078125
105744.671875
105451.8671875
105171.2421875
104885.921875
104623.578125
104404.3046875
104195.203125
103998.0078125
103800.2421875
103613.609375
103453.9140625
103284.2109375
103129.8359375
102979.90625
102845.0859375
102715.1875
102595.2734375
102489.03125
102389.4609375
102302.4375
102223.296875
102152.2578125
102096.21875
102043.1015625
101998.9140625
101960.0859375
101929.59375
101903.984375
101883.8203125
101869.09375
101857.765625
101846.375
101840.71875
101844.2734375
101850.4140625
101858.734375
101865.609375
101869.484375
101869.6640625
101866.6171875
101864.1640625
101872.4765625
101909.4453125
101940.7109375
101967.75
