25400.0
25400.0
25400.0
25399.97265625
25115.9140625
25115.9140625
25115.9140625
25115.9140625
25115.9140625
25115.9140625
25115.9140625
25115.9140625
25115.9140625
25115.9140625
25115.9140625
25135.525390625
25142.3046875
25143.697265625
25144.30859375
25144.828125
25145.080078125
25144.705078125
25143.5546875
29224.25
43806.9453125
54629.59765625
63769.12109375
70835.2890625
76255.90625
79902.109375
83083.359375
86256.59375
89577.3203125
94114.109375
99365.4453125
107226.515625
116635.5390625
125901.2109375
135193.09375
144082.015625
152608.0625
156580.59375
154332.96875
151673.484375
148883.09375
145905.671875
143106.546875
140341.3125
138862.921875
137489.796875
136075.59375
134272.9375
132411.109375
130604.9375
129010.4375
127094.2421875
126226.1796875
125517.6875
124507.71875
123550.203125
122944.421875
122576.9609375
122273.609375
122198.78125
122274.234375
122399.890625
122599.1328125
122870.265625
123226.4375
123638.25
124051.546875
124357.9921875
124529.546875
124605.0234375
124636.6328125
124662.1328125
124536.0703125
124300.578125
123982.7421875
123601.890625
123281.1640625
123005.421875
122754.7265625
122456.1875
122216.796875
121994.1328125
121666.0625
121271.046875
120837.8515625
120388.3671875
119965.125
119472.828125
118976.1015625
118446.703125
117924.859375
117369.5703125
116808.3515625
116254.6484375
115679.6796875
115126.1484375
114564.421875
114013.15625
113525.4296875
112996.328125
112467.1328125
111931.7890625
111430.0390625
110929.734375
110448.9375
110046.4296875
109641.7890625
109252.53125
108854.5546875
108464.1171875
108119.578125
107749.875
107403.21875
107057.4140625
106733.65625
106411.5703125
106102.546875
105815.4765625
105531.796875
105269.171875
105010.2421875
