25400.0
25400.0
25400.0
25400.0
25400.0
25400.0
25400.0
25400.0
25400.0
25400.0
25400.0
25400.0
25400.0
25400.0
25400.0
25400.0
25400.0
25400.0
25400.0
25400.0
25400.0
25400.0
25400.0
25400.0
25400.0
32348.548828125
52648.1484375
68577.1875
81326.953125
90825.9765625
97949.15625
103123.234375
107685.765625
110354.390625
112609.7109375
114952.171875
117869.7890625
120564.375
122703.7890625
124576.046875
126150.8046875
127578.015625
128896.6171875
130156.0859375
131387.609375
132270.296875
133165.15625
133915.125
134546.390625
135178.5
135922.515625
136742.8125
138839.90625
140716.5
141457.109375
141462.671875
145300.5625
150155.90625
157018.109375
164049.265625
161177.1875
159518.34375
159323.78125
160221.671875
160727.5
161217.3125
161465.09375
161201.3125
160909.53125
160519.78125
159892.03125
159096.796875
158127.65625
157552.796875
156704.703125
155796.265625
154865.09375
153808.8125
152429.765625
151093.21875
149538.734375
147949.25
146310.796875
144636.046875
142831.765625
140981.453125
139225.515625
137416.59375
135717.453125
133993.109375
132427.9375
131147.5
129773.640625
128557.0078125
127356.4609375
126289.9375
125182.8671875
124052.5234375
122918.859375
121764.1640625
120681.671875
119605.3671875
118571.1484375
117673.5078125
116725.3203125
115855.8359375
115064.0390625
114341.9453125
113621.6953125
112926.46875
112278.1953125
111635.125
111039.5859375
110453.921875
109896.609375
109417.5078125
108914.546875
108452.5
108000.140625
107585.1953125
107179.5859375
106795.734375
106444.1875
106100.8046875
105786.25
105479.28125
