25400.0
25400.0
25399.955078125
24897.3359375
24612.0390625
24649.99609375
24671.197265625
24673.375
24674.654296875
24676.28125
24678.125
24679.9296875
24681.58203125
24683.16796875
24684.607421875
24687.193359375
24688.529296875
24688.4765625
24692.26171875
26010.1328125
39516.16796875
56405.27734375
74790.84375
87086.0
97167.34375
107128.5859375
110135.765625
112263.34375
113399.21875
113854.09375
113954.8125
113777.34375
113383.8359375
112785.5625
112065.578125
111283.484375
110517.7578125
109786.4140625
109125.3125
108472.234375
107777.3359375
107201.671875
106611.609375
106058.9140625
105517.203125
105090.6640625
104707.6875
104356.265625
104054.765625
103761.8125
103493.9296875
103234.9296875
102999.7421875
102807.34375
102604.640625
102408.9921875
102341.5078125
102420.9296875
102474.8984375
102519.703125
102555.703125
102576.046875
102635.90625
102711.8984375
102777.6953125
102833.65625
102875.3984375
102908.3203125
102942.875
102980.765625
103085.4453125
103078.21875
103039.4921875
102987.1953125
102931.34375
102872.6796875
102813.390625
102785.8125
102782.875
102779.7265625
102798.078125
102759.3125
102695.1796875
102628.34375
102555.53125
102446.9453125
102331.0078125
102220.2578125
102124.296875
102079.578125
102283.4609375
102455.640625
102556.953125
102599.9296875
102596.09375
102577.2890625
102613.1015625
102644.4296875
102646.8203125
102615.296875
102560.4609375
102500.0390625
102459.4140625
102445.9921875
102440.0546875
102463.4140625
102500.3359375
102534.328125
102573.7421875
102611.0859375
102631.0859375
102638.5546875
102653.53125
102701.4375
102781.8359375
102860.4296875
102943.265625
103027.390625
103102.796875
103133.5078125
103162.8828125
103194.953125
103275.078125
103346.125
