25400.0
25400.0
24787.029296875
24708.921875
24356.712890625
23477.431640625
23220.98828125
23210.201171875
23267.861328125
23391.8125
23608.29296875
24087.015625
24616.76953125
24838.43359375
24910.21875
24937.548828125
24954.326171875
24967.037109375
24980.587890625
24989.904296875
25009.271484375
25151.197265625
25876.474609375
28006.279296875
33453.98828125
41803.12109375
50980.9375
62143.49609375
74203.4453125
83626.53125
92818.5546875
100875.1171875
105012.1640625
107356.328125
109375.7578125
110784.2421875
111670.3515625
112161.234375
112380.671875
112451.3203125
112358.234375
112193.9296875
111927.4765625
111621.046875
111199.828125
110770.5078125
110296.59375
109840.7578125
109405.171875
108946.8984375
108514.4296875
108072.1875
107631.09375
107248.328125
106849.3828125
106466.0546875
106073.953125
105718.3125
105346.28125
104957.0
104553.4453125
104133.640625
103738.0859375
103346.7421875
102971.5703125
102646.703125
102325.0
102036.84375
101746.7578125
101468.6796875
101177.359375
100887.9609375
100623.9140625
100376.3984375
100145.09375
99910.625
99682.640625
99482.640625
99268.8984375
99071.546875
98900.2890625
98762.3828125
98668.59375
98592.421875
98520.359375
98450.546875
98383.484375
98301.4921875
98218.578125
98152.484375
98085.09375
98024.53125
97961.0546875
97900.171875
97843.3046875
97789.1015625
97737.2734375
97679.8046875
97626.171875
97570.0859375
97514.28125
97465.015625
97405.3671875
97351.8203125
97299.2578125
97259.5078125
97226.9921875
97217.9609375
97210.59375
97203.8046875
97192.3203125
97172.78125
97147.9453125
97121.9453125
97091.9296875
97070.15625
97049.484375
97062.5078125
97095.84375
97135.1328125
97179.5234375
97226.28125
97291.1015625
97382.34375
