25400.0
25400.0
25400.0
25400.0
25400.0
25400.0
25400.0
25400.0
25400.0
25400.0
25400.0
25400.0
25400.0
25400.0
25400.0
25400.0
25400.0
25400.009765625
25400.0
25400.0
30409.26171875
49448.671875
67558.59375
82133.921875
93678.9296875
103931.7109375
112358.1484375
119289.234375
124191.3984375
128012.84375
131407.796875
134223.78125
135967.28125
137357.453125
138842.65625
140538.265625
141921.6875
143023.328125
144104.875
147754.921875
146825.71875
141793.515625
136936.15625
133464.484375
130481.8046875
127712.765625
125541.390625
123744.734375
122252.5234375
120969.4453125
119993.578125
119262.453125
118679.1640625
118342.875
118371.9375
118663.1328125
118902.3515625
119020.9453125
119083.8515625
118992.1171875
118833.109375
118631.375
118403.765625
118127.796875
117815.921875
117515.4453125
117199.59375
116893.1015625
116651.4609375
116472.78125
116306.1171875
116139.0703125
115977.6171875
115831.84375
115711.6796875
115660.4765625
115642.4921875
115626.7421875
115633.265625
115646.0390625
115667.3203125
115701.609375
115732.6328125
115755.7890625
115781.796875
115812.359375
115736.3515625
115717.0859375
115799.375
115882.8828125
115962.3515625
116022.640625
116066.171875
116097.4453125
116214.5390625
116410.046875
116560.8125
116666.3203125
116635.0078125
116465.734375
116229.4140625
115933.875
115551.953125
115127.5390625
114662.859375
114226.390625
114115.4609375
114000.9375
113838.5234375
113618.7421875
113367.3125
113146.765625
112915.828125
112743.6171875
112541.7578125
112332.2421875
112102.546875
111857.640625
111581.4453125
111293.6640625
111006.71875
110704.4765625
110409.046875
110102.9609375
