25400.0
25400.0
24520.95703125
24402.232421875
23750.9375
22332.931640625
21658.77734375
21566.87890625
21921.130859375
22409.255859375
22558.61328125
22714.876953125
23322.16796875
24225.42578125
24610.73046875
24728.65234375
24764.625
24780.318359375
24792.7265625
24808.46875
24823.005859375
24846.875
24871.869140625
24894.41796875
24912.498046875
24926.560546875
24935.525390625
24941.857421875
24947.759765625
24978.41015625
24994.060546875
25003.3671875
25159.947265625
25690.998046875
27273.279296875
31825.798828125
38458.78515625
44669.2578125
50539.421875
55094.69140625
58951.30078125
62942.2421875
64731.2265625
66675.8671875
68804.6640625
70715.03125
72354.6953125
73741.7421875
74957.6953125
76200.6328125
77514.140625
78757.9921875
80022.8828125
81386.015625
82590.890625
83883.4453125
85071.2421875
86215.984375
87248.2265625
88294.296875
89290.0
90199.53125
91139.84375
91976.734375
92767.078125
93514.5703125
94194.234375
94941.8828125
95627.3203125
96234.828125
96763.1875
97255.234375
97748.828125
98202.96875
98650.5078125
99065.875
99481.7265625
99963.28125
100350.9765625
100749.765625
101108.296875
101461.9453125
101776.3671875
102066.5078125
102364.8203125
102659.375
102964.984375
103259.984375
103545.375
103819.25
104044.6015625
104251.296875
104418.0078125
104562.1640625
104675.8671875
104770.4609375
104843.453125
105033.6953125
105309.1796875
105551.9765625
105800.6875
106034.7421875
106220.609375
106399.359375
106546.453125
106679.75
106794.4296875
106854.7265625
106913.8125
106980.1953125
107095.453125
107213.4453125
107313.1328125
107391.1015625
107445.4296875
107495.5390625
107535.625
107573.8828125
107613.6171875
107658.5234375
107705.3359375
107753.09375
107803.1875
107851.921875
107894.9140625
