21209.5
19608.390625
17926.193359375
16910.9609375
16515.74609375
15861.4833984375
15417.6064453125
15292.0615234375
15559.5556640625
15976.513671875
16430.15625
16916.544921875
17395.1328125
17843.7265625
18284.37109375
18689.79296875
19086.9765625
19468.357421875
19806.560546875
20187.375
20653.197265625
21408.796875
21942.462890625
22352.44140625
22707.603515625
23020.861328125
23454.423828125
24413.55078125
26859.435546875
30601.58984375
34694.48046875
39312.6640625
43856.26171875
49410.3515625
53440.9609375
57374.84765625
60574.31640625
62852.65234375
64613.5546875
66150.9765625
67570.296875
68884.9453125
70023.4296875
71366.828125
72588.0625
73720.625
74701.5859375
75610.6640625
76429.3125
77163.46875
77899.8515625
78583.3359375
79225.3984375
79809.78125
80303.328125
80840.2421875
81330.3125
81836.828125
82303.140625
82768.671875
83220.1484375
83640.8125
84057.6953125
84443.8203125
84822.7421875
85181.7421875
85490.59375
85813.921875
86109.0625
86397.2109375
86660.0546875
86944.484375
87232.109375
87512.0078125
87794.5546875
88060.8046875
88297.890625
88543.453125
88768.5546875
89018.5390625
89255.953125
89493.4765625
89714.3984375
89933.5078125
90143.828125
90338.0859375
90529.03125
90817.015625
91137.078125
91432.734375
91685.421875
91951.484375
92197.8125
92440.5546875
92665.2109375
92886.1953125
93096.0390625
93292.5390625
93493.9609375
93690.046875
93891.75
94090.8828125
94268.203125
94467.609375
94682.203125
94921.171875
95162.734375
95395.0859375
95600.7109375
95782.4609375
95959.0625
96123.9140625
96289.5390625
96450.859375
96593.609375
96749.234375
96895.15625
97040.90625
97176.3046875
97313.15625
97444.9453125
97566.765625
97685.3984375
97792.4921875
97895.0
