25400.0
25400.0
24827.1015625
24339.974609375
23869.314453125
23764.890625
23751.560546875
23756.662109375
23771.240234375
23798.935546875
23858.181640625
25208.876953125
34079.07421875
50763.58203125
72574.140625
84426.671875
93337.390625
98852.9453125
102461.765625
105287.453125
107156.0859375
108226.5078125
108609.1640625
108597.25
108320.125
107893.7734375
107856.125
107651.8359375
107365.5078125
107039.1796875
106672.8671875
106233.765625
105762.0390625
105275.21875
104802.9765625
104322.8046875
103860.09375
103458.171875
103080.8828125
102737.6015625
102469.0234375
102217.8046875
101985.6015625
101729.3125
101493.6796875
101267.3515625
101052.5703125
100846.078125
100654.828125
100504.4375
100357.9375
100225.546875
100088.734375
99956.640625
99826.640625
99640.0390625
99475.8046875
99335.8984375
99198.53125
99035.8828125
98902.5703125
98748.5390625
98670.6484375
98715.4453125
98657.5546875
98541.5703125
98426.734375
98325.203125
98229.2109375
98135.8515625
98049.6640625
97964.015625
97882.0
97794.8203125
97732.078125
97681.28125
97653.15625
97656.1171875
97646.671875
97639.0859375
97637.9921875
97620.40625
97615.75
97627.1875
97621.21875
97607.2109375
97585.421875
97559.1484375
97531.84375
97505.6875
97482.078125
97461.859375
97458.0390625
97470.4609375
97481.546875
97489.9765625
97492.1796875
97489.8359375
97485.5390625
97479.078125
97482.7421875
97492.0625
97501.640625
97511.4453125
97518.953125
97530.5859375
97552.2890625
97579.71875
97608.875
97639.71875
97677.4765625
97719.71875
97762.2578125
97806.484375
97844.03125
97882.9140625
97915.6484375
97947.296875
97976.3046875
98005.28125
98036.5546875
98069.1171875
98105.7265625
98142.515625
98181.9375
