25400.0
24870.91015625
23395.337890625
21456.970703125
19948.20703125
18699.84765625
17981.95703125
17442.09765625
17416.94921875
17697.544921875
18106.45703125
19392.51171875
21132.58984375
22316.396484375
23183.404296875
23878.34375
24516.140625
24911.52734375
24887.45703125
24908.5859375
24944.02734375
24973.982421875
24999.705078125
25012.8203125
25181.546875
25869.78515625
28765.662109375
34864.578125
41953.5859375
46428.6328125
50521.08203125
54740.20703125
57705.2578125
59803.1484375
61524.32421875
62853.14453125
64303.34765625
65573.59375
66815.2421875
67933.515625
68914.9296875
69862.78125
70728.84375
71624.7109375
72470.1953125
73329.0078125
74261.5625
75125.8515625
75973.1328125
76844.765625
77777.6328125
78840.265625
79910.4765625
80917.1015625
81855.1640625
83123.1328125
84607.5234375
86108.9140625
87633.6328125
88961.265625
90042.1953125
90982.1015625
91818.2265625
92594.7734375
93299.75
94091.2265625
94828.53125
95557.96875
96242.4609375
96835.078125
97475.8515625
98094.625
98681.921875
99117.9453125
99610.0390625
100493.8984375
101353.546875
102174.4453125
102956.1484375
103818.1953125
104577.3359375
105183.2265625
105775.078125
106290.0078125
106774.3671875
107193.140625
107574.265625
107903.6328125
108215.8046875
108714.671875
109082.53125
109343.6171875
109504.2109375
109583.234375
109641.140625
109623.9765625
109555.8125
109419.34375
109239.7109375
109061.125
108893.046875
108715.5625
108525.7734375
108305.84375
108059.71875
107819.5390625
107534.0546875
107234.640625
106889.09375
106539.125
106201.671875
105886.0390625
105599.7578125
105321.8828125
105069.4609375
104825.9453125
104605.859375
104557.4453125
104544.8828125
104498.34375
104414.1875
104310.09375
104191.2421875
104068.71875
103945.3515625
103816.2109375
103687.921875
103556.453125
