25400.0
25400.0
25400.0
25098.837890625
24672.5078125
24546.9609375
24465.4296875
24372.15234375
24356.3125
24353.849609375
24354.142578125
24355.212890625
24356.49609375
24357.826171875
24359.19921875
24360.525390625
24361.826171875
24363.103515625
24364.26171875
24365.44921875
24366.583984375
24367.75
24369.140625
24370.78515625
24372.416015625
24374.125
24375.998046875
24377.9765625
24380.1484375
24382.50390625
24384.833984375
24387.802734375
24391.107421875
24395.01953125
24399.43359375
24404.85546875
24411.35546875
24419.060546875
24429.146484375
24442.314453125
24460.876953125
24510.3359375
25840.306640625
28961.13671875
34337.609375
40773.13671875
46757.7734375
53228.4921875
58900.4140625
63415.54296875
66257.5078125
68188.671875
69906.109375
71558.046875
73274.9453125
75252.03125
77078.203125
78889.984375
80588.7421875
82493.4453125
83712.1171875
84408.0625
85145.78125
85813.1796875
86435.9140625
86998.8515625
87465.8984375
87962.296875
88422.96875
88890.4296875
89493.3984375
90284.6796875
91118.8125
91928.96875
92769.6640625
93570.5078125
94381.296875
95240.984375
96007.828125
96912.8671875
97828.5390625
98764.609375
99631.3515625
100570.6640625
101517.875
102337.65625
103093.359375
103755.5078125
104365.7890625
104928.1328125
105532.84375
106183.2578125
106806.2265625
107430.5
107994.8203125
108535.5625
108893.0234375
109008.046875
108985.1328125
108893.9375
108772.6953125
108692.71875
108621.0546875
108547.8125
108486.4140625
108505.484375
108631.6328125
108734.2421875
108805.2421875
108855.25
108888.796875
108911.203125
108911.8046875
108883.375
108890.546875
108906.8203125
108918.25
108918.4375
109057.078125
109313.75
109530.2734375
109709.0703125
109865.1953125
109991.34375
110107.765625
