25400.0
25400.0
25400.0
25400.0
25400.0
25400.0
25400.0
25400.0
25400.0
25400.0
25400.0
25400.0
25400.0
25400.0
25400.0
25400.0
25400.0
25400.0
25400.0
25400.0
25400.0
25400.0
25400.0
25400.0
25400.0
25400.0
25400.0
25400.0
25400.0
25400.0
25400.0
25400.0
25400.0
25400.0
25400.0
25400.0
25400.0
25400.0
25400.0
31898.697265625
42434.515625
49146.68359375
54208.83984375
57630.83203125
60724.35546875
63563.828125
66268.65625
68579.7109375
70908.015625
73619.0703125
76337.875
79242.5390625
82582.84375
85931.4921875
89887.6015625
94063.2421875
99041.703125
104350.9453125
109978.328125
115636.6796875
121333.46875
127350.8125
133225.890625
139238.734375
144993.5625
149910.59375
154934.546875
159793.34375
164775.296875
169395.046875
173870.6875
179039.328125
183431.0625
187346.1875
190695.53125
193938.4375
196822.140625
192626.71875
188600.578125
184557.234375
179927.4375
175626.765625
171846.453125
168916.015625
165993.96875
163137.953125
160572.15625
158290.75
156417.6875
154828.359375
153385.28125
152316.359375
151574.953125
151017.234375
150380.828125
149822.3125
149322.53125
148826.484375
148349.9375
147830.546875
147265.21875
146793.671875
146201.453125
145555.203125
144821.578125
144095.8125
143340.296875
142574.296875
141818.078125
141023.625
140250.6875
139481.53125
138718.984375
138024.84375
137274.0625
136563.953125
135837.75
135133.390625
134403.3125
133672.96875
132965.484375
132254.5625
131560.6875
130861.6796875
