25400.0
25400.0
25400.0
25400.0
25400.0
25400.0
25400.0
25400.0
25400.0
25400.0
25400.0
25400.0
25400.0
25400.0
25400.0
25400.0
25400.0
25400.0
25400.0
25400.0
25400.0
25400.0
25400.0
25400.0
25400.0
25400.0
25400.0
25400.0
25400.0
25400.0
25400.0
25400.0
25400.0
25400.0
25400.0
25400.0
41448.51171875
56299.03125
67385.6015625
75975.4609375
82600.578125
87624.1484375
91411.9765625
94712.703125
97123.96875
99482.8359375
101596.0234375
104236.203125
106676.2734375
108805.4296875
110791.8046875
112483.6015625
114142.2578125
115621.046875
116854.828125
118127.7109375
119318.8125
120476.234375
121606.0859375
122638.1796875
123535.1484375
124458.21875
125735.265625
126954.4140625
128147.3203125
129280.1328125
130250.5859375
131291.484375
132256.703125
133208.609375
134079.484375
134951.0625
135785.953125
136538.25
137279.40625
138026.296875
141202.296875
142216.25
142801.703125
143436.9375
144592.28125
146118.9375
144091.359375
142551.546875
141061.765625
139331.765625
137746.96875
136551.28125
135591.390625
134760.40625
134085.015625
133387.40625
132853.296875
132852.015625
132976.21875
132979.90625
133027.90625
133055.390625
133020.625
132990.8125
132952.90625
132921.203125
132753.859375
132683.890625
132685.921875
132714.140625
132725.96875
132719.890625
132713.984375
132694.015625
132695.34375
132734.09375
132754.21875
132716.296875
132675.4375
132672.53125
132678.546875
132668.96875
132645.015625
132650.15625
132744.71875
132786.765625
132815.390625
132829.9375
132808.09375
