25400.0
25400.0
25059.736328125
24556.95703125
24158.83984375
23927.421875
23779.7421875
23760.94140625
23760.279296875
23763.7265625
23776.201171875
23796.6640625
23828.158203125
23889.95703125
23997.681640625
24218.404296875
24615.125
24999.880859375
25112.142578125
25254.908203125
26432.37109375
31325.1484375
41318.859375
54299.54296875
66863.96875
78511.3984375
87327.4453125
93740.96875
98415.25
101897.1328125
105342.9765625
108760.0390625
111400.890625
113700.1328125
115494.515625
117267.5078125
118816.984375
120426.7578125
119496.734375
117742.78125
116286.015625
114956.6171875
113583.8515625
112207.828125
111033.296875
109767.203125
108646.6875
107733.15625
107021.03125
106612.0703125
106339.71875
106094.7578125
105743.78125
105401.171875
105281.6171875
105190.640625
105115.328125
105031.15625
104922.609375
104978.6328125
104970.6640625
104906.4609375
104794.8359375
104749.09375
105043.3359375
105277.9296875
105438.3515625
105565.6484375
105737.796875
105972.6640625
106357.2265625
106729.578125
107025.828125
107380.796875
107693.859375
107941.8203125
108327.4453125
108674.8203125
108979.546875
109284.6796875
109558.9921875
109849.8203125
110115.9453125
110577.9375
110990.3125
111314.78125
111589.890625
111874.390625
112042.484375
112159.3125
112259.109375
112305.9140625
112300.8046875
112239.0546875
112130.1171875
111966.8125
111800.5234375
111607.6484375
111429.6640625
111425.5234375
111357.5
111240.0234375
111088.2890625
110918.3515625
110754.5078125
110555.8359375
110370.8515625
110186.796875
109996.796875
109783.3203125
109558.1015625
109333.4921875
109107.4140625
108936.5859375
108749.09375
108561.3828125
108413.4765625
108285.0859375
108188.5390625
108108.4296875
108051.2265625
108016.6953125
107985.59375
107960.109375
107939.34375
107981.7734375
108063.1484375
