20000.0
20000.0
20000.0
20000.0
20000.0
20000.0
20000.0
20000.0
20000.0
20000.0
20000.0
20000.0
20000.0
20000.0
20000.0
20000.0
20000.0
20000.0
20000.0
20000.0
20000.0
20000.0
20000.0
20000.0
19999.966796875
19999.998046875
20000.0
20000.0
20000.0
19999.94140625
19999.990234375
19999.66015625
20000.0
19999.998046875
19999.8984375
20000.0
20000.0
20000.0
20000.0
20000.0
20000.0
20000.0
20000.0
20000.0
20000.0
20000.0
19847.076171875
19442.10546875
19039.17578125
18651.880859375
18274.125
17930.859375
17598.349609375
17287.6328125
17028.744140625
16774.205078125
16538.447265625
16304.40234375
16085.9609375
15870.9541015625
15667.3251953125
15480.3232421875
15297.419921875
15130.4677734375
14968.4404296875
14813.4853515625
14681.154296875
14543.705078125
14411.0126953125
14249.0654296875
14133.849609375
14024.3935546875
13919.1435546875
13819.015625
13700.5576171875
13575.5576171875
13423.4208984375
13295.2783203125
13198.001953125
13102.3681640625
13015.9228515625
12930.45703125
12850.9921875
12773.0830078125
12699.9130859375
12628.2802734375
12552.189453125
12472.8095703125
12386.0791015625
12296.6513671875
12213.7275390625
12110.548828125
12006.28125
11901.705078125
11795.63671875
11681.84375
11558.30859375
11436.5673828125
11313.4013671875
11196.12109375
11076.9990234375
10959.5888671875
10855.6552734375
10744.130859375
10640.8564453125
10586.23046875
10528.654296875
10411.974609375
10295.67578125
10185.10546875
10082.0869140625
9986.1669921875
9899.890625
9813.998046875
9733.3828125
9661.6240234375
9583.564453125
9511.173828125
9402.111328125
9297.2568359375
9192.185546875
9083.7998046875
8982.697265625
8877.8134765625
8777.1376953125
8673.7490234375
