20000.0
20000.0
20000.0
20000.0
20000.0
20000.0
20000.0
20000.0
20000.0
20000.0
20000.0
20000.0
20000.0
20000.0
20000.0
20000.0
20000.0
20000.0
20000.0
20000.0
20000.0
20000.0
19999.953125
19999.58203125
20000.0
20000.0
19999.990234375
20000.0
20000.0
20000.0
19999.990234375
19401.103515625
18581.671875
17890.21484375
17262.560546875
16706.15234375
16219.4248046875
15755.9921875
15360.2685546875
14975.1181640625
14616.2529296875
14311.55078125
13994.1787109375
13699.986328125
13411.1728515625
13146.642578125
12887.51171875
12640.6376953125
12412.64453125
12188.40234375
11980.66015625
11771.1005859375
11574.2822265625
11415.294921875
11250.810546875
11098.1865234375
10943.0
10799.7626953125
10658.08984375
10496.125
10325.501953125
10176.923828125
10052.458984375
9938.494140625
9827.5625
9729.96875
9633.5263671875
9542.005859375
9401.4384765625
9261.3193359375
9145.3701171875
9055.5927734375
8951.357421875
8841.4697265625
8746.4814453125
8664.3896484375
8594.8935546875
8527.9912109375
8434.58203125
8336.822265625
8244.90625
8170.46142578125
8106.8349609375
8050.2041015625
7994.05908203125
7931.82763671875
7867.43310546875
7794.89306640625
7719.431640625
7654.65087890625
7589.71923828125
7531.037109375
7474.05615234375
7422.2216796875
7370.82373046875
7321.08837890625
7273.275390625
7223.53955078125
7175.7275390625
7126.90478515625
7078.94384765625
7036.8291015625
6992.47900390625
6951.13818359375
6909.822265625
6871.07470703125
6831.84326171875
6793.24267578125
6756.57080078125
6719.2861328125
6683.83740234375
6648.01171875
6613.1552734375
6582.64697265625
6550.87548828125
6521.11328125
6490.51904296875
6460.939453125
6430.45849609375
6400.08154296875
6370.94287109375
6341.13525390625
6312.6083984375
6283.47314453125
