20000.0
20000.0
20000.0
20000.0
20000.0
20000.0
20000.0
20000.0
20000.0
20000.0
20000.0
20000.0
20000.0
20000.0
20000.0
20000.0
20000.0
20000.0
20000.0
20000.0
20000.0
20000.0
20000.0
20000.0
20000.0
20000.0
20000.0
20000.0
20000.0
20000.0
20000.0
19999.998046875
20000.0
20000.0
20000.0
19999.998046875
20000.0
20000.0
20000.0
19999.998046875
20000.0
20000.0
20000.0
20000.0
20000.0
20000.0
20000.0
20000.0
20000.0
20000.0
20000.0
20000.0
20000.0
20000.0
20000.0
20000.0
20000.0
20000.0
19482.736328125
18854.208984375
18252.720703125
17721.05859375
17252.896484375
16742.419921875
16140.6513671875
15622.546875
15143.640625
14713.1611328125
14233.640625
13785.865234375
13303.44921875
12883.6044921875
12507.1630859375
12144.9873046875
11798.1240234375
11443.5654296875
11107.998046875
10784.1552734375
10477.5771484375
10206.4814453125
9906.7060546875
9621.7138671875
9322.0126953125
9028.7177734375
8740.16796875
8467.64453125
8217.0966796875
7967.44091796875
7733.46044921875
7506.31689453125
7289.18994140625
7098.7294921875
6891.484375
6683.6630859375
6476.84814453125
6291.24462890625
6106.9892578125
5926.59423828125
5755.904296875
5584.68994140625
5425.19580078125
5278.3212890625
5135.37060546875
5014.09423828125
4886.93359375
4777.384765625
4672.2197265625
4570.62158203125
4466.35791015625
4365.50341796875
4272.7578125
4180.9287109375
4092.326171875
4000.034423828125
3908.13916015625
3826.36669921875
3739.15478515625
3657.966796875
3576.4453125
3502.9033203125
3431.065185546875
3362.25146484375
3300.2177734375
3237.01025390625
3176.128173828125
3114.551513671875
