17764.76171875
16444.60546875
15385.607421875
15012.7119140625
14602.568359375
14494.953125
14600.8115234375
15120.115234375
15674.072265625
16231.2138671875
16733.11328125
17207.533203125
17638.98046875
18020.419921875
18381.748046875
18702.791015625
19009.998046875
19295.2578125
19537.408203125
19788.8671875
20000.0
20000.0
20000.0
20000.0
20000.0
20000.0
20000.0
19999.99609375
20000.0
19999.9140625
19999.666015625
18778.84375
17686.17578125
16779.212890625
16188.17578125
15797.935546875
15503.3154296875
15261.0224609375
15029.91015625
14816.0634765625
14559.966796875
14285.1923828125
14027.205078125
13753.080078125
13493.654296875
13219.986328125
12949.544921875
12637.6025390625
12316.91015625
12015.5283203125
11719.671875
11441.3759765625
11167.5419921875
10897.3125
10648.814453125
10388.962890625
10157.1064453125
9935.9619140625
9728.3818359375
9521.04296875
9309.501953125
9112.01953125
8921.3310546875
8748.1708984375
8579.3505859375
8419.5849609375
8282.3359375
8154.15380859375
8056.16796875
7957.5302734375
7863.72412109375
7769.0009765625
7677.37451171875
7591.0791015625
7504.07861328125
7421.546875
7338.0947265625
7256.0830078125
7183.01513671875
7103.0380859375
7025.126953125
6943.4345703125
6856.7666015625
6772.20263671875
6694.2490234375
6623.35888671875
6553.28857421875
6489.5126953125
6427.17724609375
6364.96142578125
6309.35546875
6248.73974609375
6190.8798828125
6131.95654296875
6075.81494140625
6018.7333984375
5962.75
5910.59912109375
5858.25927734375
5808.49951171875
5757.8203125
5707.6494140625
5662.84814453125
5616.244140625
5574.4013671875
5532.396484375
5492.27001953125
5451.24169921875
5410.6953125
5371.5791015625
5331.6416015625
5293.7822265625
5255.60205078125
5218.43115234375
5185.2529296875
5148.900390625
5114.076171875
5078.54736328125
5044.5869140625
5009.50732421875
4974.50341796875
4940.876953125
4906.5693359375
4870.39111328125
4829.2109375
