20000.0
20000.0
20000.0
20000.0
20000.0
20000.0
20000.0
20000.0
20000.0
20000.0
20000.0
20000.0
20000.0
19999.94140625
20000.0
19883.046875
18136.39453125
17011.1484375
16254.2138671875
15748.5673828125
15347.36328125
15024.4208984375
14714.2451171875
14401.984375
14111.791015625
13820.546875
13560.802734375
13293.421875
13027.3974609375
12797.5673828125
12582.4384765625
12415.2412109375
12229.208984375
12021.85546875
11820.296875
11561.041015625
11295.21484375
11055.8154296875
10850.85546875
10660.6865234375
10487.9443359375
10345.103515625
10196.83203125
10057.537109375
9915.9482421875
9781.447265625
9646.2646484375
9516.1787109375
9394.7783203125
9273.9033203125
9176.765625
9087.623046875
9000.6943359375
8921.5810546875
8836.3388671875
8756.388671875
8676.4892578125
8600.484375
8520.6572265625
8441.173828125
8365.8310546875
8289.5068359375
8217.0849609375
8143.73388671875
8071.6416015625
8007.4716796875
7937.87646484375
7872.34228515625
7807.400390625
7744.603515625
7679.966796875
7616.03271484375
7555.1982421875
7493.76171875
7435.75390625
7377.3779296875
7320.37841796875
7269.97021484375
7215.37451171875
7163.6572265625
7111.1767578125
7061.32470703125
7010.482421875
6960.44775390625
6913.06591796875
6865.2294921875
6819.71484375
6773.02880859375
6726.44580078125
6684.4208984375
6638.18896484375
6594.009765625
6548.8125
6505.27197265625
6460.33544921875
6415.3955078125
6372.271484375
6327.73828125
6284.92724609375
6240.5810546875
6195.99755859375
6153.80322265625
6101.44482421875
6049.08251953125
5994.91259765625
5942.8505859375
5889.4375
5836.44384765625
5785.64599609375
5727.55126953125
5670.4765625
5614.9501953125
5563.232421875
5517.4306640625
5465.9326171875
5419.62109375
5374.80712890625
5333.91650390625
5293.802734375
5255.53466796875
5219.0
5182.47900390625
5148.380859375
5115.7314453125
