20000.0
20000.0
20000.0
20000.0
20000.0
20000.0
20000.0
20000.0
20000.0
20000.0
20000.0
20000.0
20000.0
20000.0
20000.0
20000.0
20000.0078125
19999.99609375
20000.0
20000.0
19999.98828125
20000.0
20000.0
20000.0
20000.0
20000.0
20000.0
20000.0
20000.0
20000.0
20000.0
20000.0
19820.865234375
19029.00390625
18266.31640625
17608.244140625
16930.142578125
16353.447265625
15806.044921875
15221.7138671875
14655.1259765625
14204.1201171875
13763.7548828125
13362.0625
12967.1904296875
12638.0771484375
12352.125
12115.5419921875
11913.427734375
11722.7314453125
11539.2021484375
11352.9501953125
11134.3056640625
10929.9423828125
10720.4873046875
10527.1494140625
10329.09765625
10141.2705078125
9951.0087890625
9762.3779296875
9581.6767578125
9395.8134765625
9216.7373046875
9032.953125
8851.05078125
8689.8154296875
8512.6611328125
8346.1533203125
8183.8291015625
8032.33447265625
7883.40185546875
7742.5322265625
7611.046875
7478.6826171875
7353.19189453125
7227.986328125
7108.099609375
7004.833984375
6895.74853515625
6794.0859375
6692.71337890625
6597.81298828125
6502.7529296875
6410.40625
6323.17578125
6235.2421875
6152.31005859375
6069.38037109375
5989.6455078125
5920.1337890625
5845.662109375
5775.81982421875
5705.916015625
5640.25439453125
5574.34765625
5510.59228515625
5450.64404296875
5390.4375
5333.56298828125
5275.87548828125
5219.23095703125
5169.12255859375
5114.7138671875
5063.33447265625
5011.99169921875
4963.6689453125
4915.02099609375
4867.39453125
4821.1005859375
4773.19189453125
4728.7578125
4686.2529296875
4644.16162109375
4606.81103515625
4566.74267578125
4529.47216796875
4492.32568359375
4457.85205078125
4423.7763671875
4390.91162109375
4359.93701171875
4328.783203125
4299.36279296875
4269.177734375
