20000.0
20000.0
20000.0
20000.0
20000.0
20000.0
20000.0
20000.0
20000.0
20000.0
20000.0
20000.0
20000.0
20000.0
20000.0
20000.0
20000.0
20000.0
20000.0
20000.0
19999.859375
20000.0
19999.96875
20000.0
20000.0
20000.0
20000.0
20000.0
20000.01171875
20000.0
20000.0
20000.0
20000.0
20000.0
20000.0
20000.0
20000.0
20000.0
20000.0
20000.0
20000.0
19999.978515625
20000.0
20000.0
20000.0
19999.63671875
20000.0
20000.0
20000.0
20000.0
20000.0
19891.52734375
19163.427734375
18469.921875
17872.0703125
17244.86328125
16670.7109375
16125.6962890625
15615.9794921875
15102.560546875
14604.7177734375
14156.77734375
13725.0517578125
13305.3037109375
12877.8798828125
12457.4453125
12089.939453125
11708.6142578125
11345.7724609375
10965.68359375
10616.427734375
10265.958984375
9920.2978515625
9601.533203125
9290.1083984375
9001.2158203125
8696.40234375
8419.7001953125
8191.8583984375
7942.76416015625
7720.9775390625
7519.5322265625
7341.77099609375
7169.5458984375
7006.91162109375
6863.00048828125
6724.205078125
6597.11328125
6475.17138671875
6366.35400390625
6273.45849609375
6176.673828125
6088.39892578125
6005.025390625
5932.26123046875
5861.29248046875
5794.37841796875
5732.67822265625
5672.0537109375
5616.2578125
5563.18994140625
5513.24560546875
5470.177734375
5425.23779296875
5384.173828125
5344.23583984375
5307.7763671875
5272.2099609375
5238.3935546875
5207.10986328125
5176.27587890625
5147.80078125
5119.60400390625
5092.7744140625
5069.591796875
5045.1953125
5023.74951171875
5002.06298828125
4981.90478515625
4962.02490234375
4943.13916015625
4925.81103515625
4908.82958984375
4893.171875
4877.54248046875
