20000.0
20000.0
20000.0
20000.0
20000.0
20000.0
20000.0
20000.0
20000.0
20000.0
20000.0
20000.0
20000.0
20000.0
20000.0
20000.0
20000.0
20000.0
20000.0
20000.0
20000.0
20000.0
20000.0
20000.0
20000.0
20000.0
19999.87109375
20000.0
20000.0
19999.986328125
19698.41796875
18840.982421875
18105.6953125
17451.009765625
16894.359375
16406.388671875
16004.236328125
15669.40234375
15361.7265625
15089.91796875
14830.6845703125
14594.580078125
14389.15234375
14170.5625
13969.0986328125
13771.943359375
13590.9892578125
13414.3916015625
13257.125
13123.181640625
12993.3642578125
12872.716796875
12747.029296875
12620.3662109375
12507.837890625
12386.4033203125
12271.4609375
12137.0224609375
12010.6748046875
11889.900390625
11778.0810546875
11676.3916015625
11576.4150390625
11481.96484375
11386.7734375
11294.880859375
11214.5927734375
11128.7587890625
11048.333984375
10966.7900390625
10889.6474609375
10811.9052734375
10735.4384765625
10662.3896484375
10588.3759765625
10518.2939453125
10448.04296875
10379.916015625
10319.767578125
10254.306640625
10191.943359375
10127.5390625
10065.56640625
10002.3525390625
9941.04296875
9882.9873046875
9824.40625
9769.478515625
9714.8798828125
9663.15625
9617.669921875
9567.57421875
9520.0625
9469.4521484375
9421.0400390625
9373.4970703125
9326.0087890625
9282.0615234375
9238.9619140625
9199.599609375
9157.201171875
9109.888671875
9066.3974609375
9018.78125
8959.9296875
8891.287109375
8822.583984375
8752.125
8686.3310546875
8627.6767578125
8568.3466796875
8511.2666015625
8452.2265625
8393.396484375
8336.8974609375
8268.7333984375
8201.705078125
8133.92724609375
8068.853515625
8001.9931640625
7935.6220703125
7872.142578125
7807.306640625
7745.435546875
7682.33544921875
