20000.0
20000.0
20000.0
20000.0
20000.0
20000.0
20000.0
20000.0
20000.0
20000.0
20000.0
20000.0
20000.0
20000.0
20000.0
20000.0
20000.0
20000.0
20000.0
20000.0
20000.0
20000.0
20000.0
20000.0
20000.0
20000.0
20000.0
20000.0
20000.0
20000.0
19999.998046875
20000.0
19999.939453125
20000.0
20000.0
20000.0
20000.0
20000.0
20000.0
20000.0
20000.0
20000.0
20000.0
20000.0
20000.0
20000.0
20000.0
20000.0
20000.0
20000.0
20000.0
20000.0
19320.71875
18701.345703125
18061.169921875
17486.599609375
16941.71484375
16449.5703125
15940.5576171875
15462.0302734375
15028.0078125
14605.771484375
14218.7978515625
13837.0947265625
13470.8876953125
13157.0673828125
12852.484375
12595.556640625
12343.74609375
12064.171875
11788.4501953125
11554.951171875
11340.8984375
11145.2109375
10971.8291015625
10802.8046875
10588.119140625
10393.5185546875
10213.5712890625
10060.7685546875
9914.20703125
9752.5849609375
9584.673828125
9419.271484375
9252.25
9081.103515625
8927.4150390625
8782.388671875
8647.138671875
8529.859375
8393.6689453125
8261.1298828125
8125.2919921875
8001.50341796875
7881.3798828125
7771.64111328125
7674.36962890625
7576.1796875
7479.86767578125
7380.48876953125
7283.615234375
7197.24755859375
7103.09765625
7016.07666015625
6930.76611328125
6853.6240234375
6778.38525390625
6705.31689453125
6636.2548828125
6566.490234375
6500.44091796875
6433.509765625
6367.5029296875
6308.5478515625
6243.65087890625
6181.72900390625
6118.90380859375
6059.05517578125
5997.85400390625
5937.13134765625
5878.64892578125
5817.39306640625
5759.12353515625
5700.23828125
