20000.0
20000.0
20000.0
20000.0
20000.0
20000.0
20000.0
20000.0
20000.0
20000.0
20000.0
20000.0
20000.0
20000.0
20000.0
20000.0
20000.005859375
20000.0
20000.0
19195.666015625
17857.482421875
16795.3046875
15970.1328125
15267.0732421875
14659.37109375
14122.876953125
13620.685546875
13170.314453125
12736.6015625
12344.7412109375
12022.814453125
11700.3916015625
11411.095703125
11132.27734375
10881.0029296875
10641.2939453125
10436.8369140625
10225.033203125
9995.4609375
9802.8955078125
9617.9404296875
9445.447265625
9297.1845703125
9135.1005859375
8994.4208984375
8849.859375
8710.0546875
8576.0791015625
8445.8037109375
8331.5859375
8218.8642578125
8110.30810546875
7966.6435546875
7831.451171875
7719.8056640625
7587.67919921875
7468.796875
7356.11376953125
7250.47607421875
7140.43896484375
7028.44580078125
6921.64697265625
6811.25927734375
6705.61328125
6598.14501953125
6490.0810546875
6394.73193359375
6294.0751953125
6200.57080078125
6105.85302734375
6014.02587890625
5918.76806640625
5824.615234375
5735.85595703125
5646.45068359375
5561.0634765625
5473.47998046875
5386.16943359375
5307.302734375
5220.13623046875
5132.66650390625
5042.2548828125
4957.99072265625
4874.37646484375
4793.806640625
4718.3466796875
4642.2333984375
4569.03662109375
4493.8349609375
4421.30126953125
4360.1904296875
4290.28955078125
4223.71923828125
4156.46142578125
4094.218994140625
4033.53857421875
3974.61279296875
3919.0322265625
3863.515869140625
3811.598388671875
3759.763427734375
3708.177734375
3661.0732421875
3610.7939453125
3565.942138671875
3521.36328125
3479.087890625
3436.025146484375
3393.978515625
3354.25439453125
3313.836669921875
3275.16943359375
3235.9111328125
3197.8173828125
3166.9423828125
3134.40625
3102.82177734375
3070.440673828125
3040.221435546875
3010.350341796875
2981.7578125
2955.1552734375
2928.7626953125
2903.8720703125
2879.106689453125
