20000.0
20000.0
20000.0
20000.0
20000.0
20000.0
20000.0
20000.0
20000.0
20000.0
20000.0
20000.0
20000.0
20000.0
20000.0
20000.0
20000.0
20000.0
20000.0
20000.0
20000.0
20000.0
20000.0
19999.94140625
20000.0
20000.0
20000.0
20000.0
20000.0
20000.0
20000.0
20000.0
19999.990234375
20000.0
20000.0
20000.0
20000.0
20000.0
20000.0
18980.64453125
17780.951171875
16727.318359375
15872.49609375
15023.27734375
14289.94140625
13692.7265625
13169.20703125
12659.5859375
12194.10546875
11767.6845703125
11292.5244140625
10914.322265625
10563.779296875
10269.44140625
9986.7080078125
9620.37890625
9316.16796875
9038.0146484375
8772.0361328125
8506.087890625
8249.6767578125
8012.400390625
7785.20068359375
7566.5087890625
7354.0302734375
7162.03662109375
7000.96630859375
6830.12939453125
6669.56591796875
6505.48681640625
6350.119140625
6194.56591796875
6051.50537109375
5916.87255859375
5781.46923828125
5654.59375
5527.8359375
5400.416015625
5288.60302734375
5173.98046875
5071.61572265625
4972.888671875
4890.1259765625
4810.6396484375
4735.82666015625
4667.0029296875
4599.59033203125
4531.18798828125
4459.8916015625
4394.1005859375
4339.07080078125
4283.61181640625
4235.07568359375
4187.3544921875
4143.3505859375
4099.81103515625
4058.033447265625
4018.4580078125
3978.819580078125
3941.827392578125
3905.3759765625
3870.615478515625
3840.688232421875
3809.203125
3780.15087890625
3751.561279296875
3725.1455078125
3699.05419921875
3674.01220703125
3650.603515625
3627.028564453125
3604.600830078125
3581.732666015625
3558.9638671875
3538.540283203125
3516.031982421875
3494.24951171875
3471.844482421875
3450.572265625
3429.11181640625
3408.047119140625
3387.914794921875
3367.364501953125
3345.402099609375
3320.969482421875
