20000.0
20000.0
20000.0
20000.0
20000.0
20000.0
20000.0
20000.0
20000.0
20000.0
20000.0
20000.0
20000.0
20000.0
20000.0
20000.0
20000.0
20000.0
20000.0
20000.0
20000.0
20000.0
20000.0
20000.0
20000.0
20000.0
20000.0
20000.0
19999.61328125
20000.0
19998.171875
19999.978515625
20000.0
19999.9921875
20000.0
20000.0
20000.0
19999.99609375
20000.0
20000.0
20000.0
20000.0
20000.0
20000.0
20000.0
20000.0
20000.0
20000.0
20000.0
20000.0
20000.0
20000.0
20000.0
19877.251953125
19339.609375
18768.78515625
18236.75390625
17711.9921875
17242.4765625
16770.75390625
16314.791015625
15887.712890625
15469.1201171875
15089.82421875
14707.9677734375
14331.611328125
13996.9033203125
13642.439453125
13318.5283203125
12976.0283203125
12634.857421875
12329.7265625
12069.3583984375
11833.421875
11603.7470703125
11395.2666015625
11193.65625
10999.9873046875
10836.013671875
10643.8203125
10445.2900390625
10258.255859375
10079.265625
9889.5107421875
9720.6083984375
9564.828125
9408.388671875
9267.0322265625
9131.5126953125
9005.3330078125
8893.427734375
8770.69140625
8657.2685546875
8542.8583984375
8435.126953125
8317.7197265625
8185.41845703125
8064.99658203125
7946.06689453125
7835.84228515625
7729.478515625
7627.861328125
7538.38037109375
7441.61865234375
7350.18115234375
7257.91357421875
7171.2568359375
7083.5986328125
6997.00048828125
6914.66796875
6831.736328125
6753.857421875
6677.50244140625
6603.3818359375
6537.533203125
6462.80908203125
6385.34765625
6304.76953125
6228.109375
6150.98876953125
6076.3427734375
6006.19921875
5936.18359375
5870.35107421875
5804.0078125
