20000.0
20000.0
20000.0
19999.998046875
20000.0
19999.994140625
20000.0
20000.0
20000.0
20000.0
20000.0
20000.0
20000.0
20000.0
20000.0
20000.0
20000.0
20000.0
20000.0
20000.0
20000.0
20000.0
20000.0
20000.0
19998.5859375
20000.0
19999.70703125
20000.0
20000.0
20000.0
20000.0
19999.966796875
19999.99609375
20000.0
20000.0
20000.0
20000.0
20000.0
20000.0
20000.0
20000.0
20000.0
19569.50390625
19067.37890625
18575.755859375
18127.77734375
17688.21484375
17255.759765625
16740.4375
16310.783203125
15930.533203125
15564.41796875
15224.90234375
14933.185546875
14642.748046875
14386.3271484375
14142.9208984375
13860.169921875
13576.6240234375
13328.466796875
13113.708984375
12910.9501953125
12733.6015625
12565.681640625
12381.931640625
12194.330078125
11979.3212890625
11780.6142578125
11581.2763671875
11408.515625
11260.078125
11131.046875
11017.29296875
10903.716796875
10794.7080078125
10682.3818359375
10571.255859375
10470.404296875
10355.3154296875
10241.5234375
10124.3212890625
10013.63671875
9898.423828125
9789.53125
9690.5068359375
9591.701171875
9501.2802734375
9416.0390625
9330.3720703125
9251.9375
9164.8125
9080.634765625
8994.1474609375
8912.46875
8831.2890625
8752.4736328125
8677.18359375
8599.9912109375
8526.080078125
8450.8505859375
8377.9404296875
8313.9169921875
8245.3232421875
8180.34521484375
8114.57373046875
8052.27783203125
7988.94287109375
7926.15625
7864.04541015625
7797.24169921875
7730.90087890625
7660.2255859375
7587.80322265625
7522.900390625
7452.357421875
7385.1669921875
7317.09130859375
7252.25927734375
7186.466796875
7121.5859375
7056.8115234375
6988.4921875
6923.328125
6853.37646484375
