20000.0
20000.0
20000.0
20000.0
20000.0
20000.0
20000.0
20000.0
20000.0
20000.0
20000.0
20000.0
20000.0
20000.0
20000.0
20000.0
20000.0
20000.0
20000.0
20000.009765625
19998.447265625
20000.0
20000.0
20000.0
20000.0
20000.0
20000.0
20000.001953125
20000.0
20000.0
19355.44140625
18584.19140625
17853.69140625
16983.798828125
16310.060546875
15749.638671875
15281.1025390625
14874.314453125
14462.5205078125
14062.0302734375
13606.0869140625
13170.1181640625
12764.646484375
12415.732421875
12096.8349609375
11811.6904296875
11543.2919921875
11303.705078125
11092.43359375
10885.27734375
10699.0185546875
10521.5
10354.421875
10211.7021484375
10061.470703125
9919.9921875
9775.1328125
9634.99609375
9492.2470703125
9353.58203125
9221.3056640625
9086.578125
8967.0283203125
8842.5869140625
8712.287109375
8596.8740234375
8472.31640625
8354.2890625
8235.77734375
8124.4140625
8010.12255859375
7898.0888671875
7793.576171875
7689.1220703125
7590.8798828125
7492.2880859375
7396.59228515625
7312.9833984375
7223.12939453125
7139.28955078125
7055.9990234375
6979.88037109375
6903.24365234375
6826.75732421875
6753.80859375
6680.43310546875
6611.84716796875
6543.3408203125
6476.8388671875
6418.02685546875
6355.4833984375
6294.11083984375
6232.0341796875
6173.2841796875
6113.76953125
6055.525390625
6000.400390625
5944.73974609375
5892.22216796875
5839.35986328125
5788.5244140625
5744.60693359375
5696.3359375
5649.8193359375
5601.93505859375
5556.2353515625
5509.93701171875
5464.56884765625
5421.6064453125
5378.298828125
5337.4326171875
5296.21484375
5256.01025390625
5220.23828125
5181.19970703125
5143.93701171875
5101.25439453125
5059.84521484375
5018.1943359375
4977.7568359375
4939.5537109375
4900.93017578125
4864.37939453125
4827.41552734375
