20000.0
20000.0
20000.0
19999.99609375
20000.0
19999.998046875
20000.0
20000.0
20000.0
20000.0
20000.0
20000.0
20000.0
20000.0
20000.0
20000.0
20000.0
20000.0
20000.0
20000.0
20000.0
20000.0
20000.0
20000.0
20000.0
20000.0
19999.9921875
20000.0
19999.99609375
20000.0
20000.0
20000.0
20000.0
20000.0
20000.0
20000.0
20000.0
19873.080078125
18994.021484375
18281.201171875
17645.255859375
17073.68359375
16597.171875
16148.341796875
15620.65625
15083.1259765625
14698.1279296875
14343.857421875
14006.751953125
13674.88671875
13362.4638671875
13085.11328125
12824.7529296875
12582.7890625
12379.0751953125
12176.1796875
12001.666015625
11838.4775390625
11696.181640625
11563.4736328125
11441.564453125
11331.275390625
11219.046875
11110.771484375
10999.048828125
10889.5693359375
10794.2578125
10693.8125
10601.259765625
10509.525390625
10423.23046875
10336.5927734375
10252.9453125
10172.205078125
10090.375
10015.34765625
9939.220703125
9864.486328125
9798.5009765625
9727.58984375
9666.013671875
9602.2119140625
9541.1103515625
9479.0537109375
9416.99609375
9357.7451171875
9297.4287109375
9239.673828125
9181.0068359375
9123.837890625
9072.78125
9014.3818359375
8954.861328125
8892.1826171875
8831.6708984375
8769.6611328125
8707.1953125
8646.154296875
8582.77734375
8520.42578125
8451.8515625
8381.62890625
8318.5830078125
8249.021484375
8181.14990234375
8109.9599609375
8040.94482421875
7970.37841796875
7900.71728515625
7832.994140625
7760.97509765625
7690.9599609375
7618.26806640625
7541.8095703125
7471.75341796875
7394.54736328125
7320.4169921875
7244.32373046875
7171.0654296875
7092.140625
7005.05908203125
6919.4033203125
6831.48974609375
6755.0556640625
6679.88037109375
