20000.0
20000.0
20000.0
20000.0
19521.6171875
18848.681640625
18926.544921875
19261.787109375
19562.498046875
19834.765625
20000.0
20000.0
20000.0
20000.0
20000.0
20000.0
20000.0
20000.0
20000.0
20000.0
20000.0
20000.0
20000.0
20000.0
20000.0
20000.0
20000.0
20000.0
19053.0703125
18221.94921875
17666.041015625
17311.8671875
17044.02734375
16776.2265625
16499.787109375
16230.439453125
15953.5771484375
15687.630859375
15455.2744140625
15234.0625
15022.7099609375
14835.171875
14633.275390625
14452.921875
14283.0615234375
14131.900390625
13987.0400390625
13850.8037109375
13720.5302734375
13591.2607421875
13472.2255859375
13343.451171875
13211.2978515625
13094.0341796875
12969.515625
12854.013671875
12738.642578125
12628.7578125
12523.6494140625
12411.8037109375
12304.08203125
12197.4287109375
12098.0771484375
11998.6015625
11900.9189453125
11812.5908203125
11713.4580078125
11616.650390625
11517.138671875
11421.244140625
11323.375
11226.1162109375
11133.2734375
11039.064453125
10949.6240234375
10859.16796875
10770.4892578125
10692.38671875
10607.423828125
10525.90234375
10441.349609375
10359.7275390625
10276.470703125
10194.59765625
10116.9697265625
10037.755859375
9961.0439453125
9882.7021484375
9803.9033203125
9731.2158203125
9653.2138671875
9580.267578125
9506.3193359375
9436.37890625
9367.39453125
9300.8720703125
9238.611328125
9175.951171875
9116.5322265625
9059.8896484375
9012.080078125
8970.177734375
8924.7587890625
8881.5263671875
8837.4521484375
8794.7421875
8750.40234375
8701.7958984375
8647.5625
8593.501953125
8542.2783203125
8490.97265625
8440.9765625
8396.69140625
8348.5048828125
8302.8408203125
8256.7548828125
8213.19140625
8168.95361328125
8125.2177734375
8083.22509765625
8039.814453125
7996.30810546875
7949.71435546875
