20000.0
20000.0
20000.0
20000.0
20000.0
20000.0
20000.0
20000.0
20000.0
20000.0
20000.0
20000.0
20000.0
20000.0
20000.0
20000.0
20000.0
20000.0
20000.0
20000.0
20000.0
20000.0
20000.0
20000.0
20000.0
20000.0
20000.0
20000.0
20000.0
20000.0
19999.87890625
20000.0
20000.0
20000.0
20000.0
20000.0
20000.0
20000.0
20000.0
20000.0
20000.0
19999.998046875
20000.0
20000.0
20000.0
20000.0
20000.0
20000.0
20000.0
19999.99609375
20000.0
20000.0
20000.0
20000.0
20000.0
19999.998046875
20000.0
19999.998046875
19999.994140625
19999.96484375
19999.99609375
20000.0
19999.998046875
19882.607421875
18806.763671875
17912.7578125
16921.662109375
16070.2255859375
15391.4169921875
14813.546875
14259.9033203125
13733.87890625
13250.1904296875
12769.568359375
12320.4833984375
11872.8828125
11443.00390625
11061.216796875
10647.91015625
10301.5849609375
9951.5908203125
9621.423828125
9290.857421875
8974.2587890625
8679.392578125
8367.5244140625
8072.0048828125
7785.87451171875
7512.46484375
7276.48193359375
7040.22607421875
6827.1513671875
6618.44287109375
6425.14208984375
6233.15087890625
6062.5810546875
5912.75537109375
5773.49755859375
5648.29052734375
5525.60595703125
5405.6669921875
5283.66015625
5154.58056640625
5038.0263671875
4924.33935546875
4820.5068359375
4719.69140625
4624.888671875
4538.65576171875
4455.525390625
4382.806640625
4312.89990234375
4247.046875
4190.8544921875
4132.4296875
4078.1337890625
4022.98486328125
3972.07373046875
3922.518798828125
3875.928955078125
3833.3603515625
3791.760498046875
3753.49658203125
3715.876708984375
