20000.0
20000.0
20000.0
20000.0
20000.0
20000.0
20000.0
20000.0
20000.0
20000.0
20000.0
20000.0
20000.0
20000.0
20000.0
20000.0
20000.0
20000.0
20000.0
20000.0
20000.0
20000.0
20000.0
20000.0
20000.0
20000.0
20000.0
19999.9921875
19999.99609375
20000.0
20000.0
20000.0
20000.0
20000.0
19999.96484375
19999.99609375
19999.994140625
20000.0
19999.69140625
20000.0
19505.830078125
19005.853515625
18601.318359375
18193.65625
17808.13671875
17425.244140625
17063.7890625
16717.869140625
16396.427734375
16104.01171875
15819.544921875
15559.2294921875
15303.9384765625
15059.078125
14843.625
14618.037109375
14410.35546875
14204.78125
14005.33984375
13799.9375
13552.783203125
13323.1962890625
13113.458984375
12922.03125
12732.0390625
12546.298828125
12380.1318359375
12181.9970703125
11987.1591796875
11793.7119140625
11613.873046875
11432.08984375
11252.6240234375
11080.021484375
10902.9921875
10746.3916015625
10603.712890625
10466.5048828125
10349.7890625
10227.2509765625
10111.2724609375
9992.3388671875
9864.3095703125
9710.5107421875
9566.6865234375
9438.7392578125
9304.806640625
9176.337890625
9049.734375
8928.2900390625
8820.9169921875
8703.984375
8591.376953125
8477.0615234375
8369.1259765625
8260.626953125
8153.08984375
8046.5498046875
7937.291015625
7839.23193359375
7745.31884765625
7659.73876953125
7588.49365234375
7514.86767578125
7447.10498046875
7380.0234375
7317.37646484375
7254.58349609375
7192.18603515625
7125.52490234375
7052.2529296875
6979.66552734375
6905.12060546875
6833.9482421875
6774.951171875
6712.13232421875
6652.92529296875
6583.44189453125
6492.82958984375
6400.09814453125
6312.232421875
6231.46435546875
6151.7392578125
6078.17822265625
6005.59814453125
