20000.0
20000.0
20000.0
20000.0
20000.0
20000.0
20000.0
20000.0
20000.0
20000.0
20000.0
20000.0
20000.0
20000.0
20000.0
20000.0
20000.0
20000.0
19999.763671875
19999.828125
20000.0
19602.681640625
18237.375
17056.220703125
16158.259765625
15531.103515625
15027.732421875
14637.82421875
14316.923828125
14001.4697265625
13737.224609375
13464.818359375
13194.88671875
12926.15625
12683.16796875
12440.318359375
12199.013671875
11978.3701171875
11768.7763671875
11576.376953125
11387.0673828125
11206.375
11050.15625
10886.3369140625
10735.4345703125
10586.5498046875
10447.7666015625
10308.9404296875
10175.5537109375
10050.97265625
9927.46875
9812.0986328125
9705.5166015625
9610.1298828125
9528.5439453125
9443.1328125
9363.4609375
9283.966796875
9209.1474609375
9132.9873046875
9057.0576171875
8984.43359375
8911.505859375
8842.7197265625
8773.630859375
8706.7919921875
8648.197265625
8585.1328125
8524.9951171875
8463.84765625
8405.6240234375
8346.0185546875
8286.822265625
8230.15234375
8172.4736328125
8116.21484375
8058.0029296875
8001.07470703125
7951.0107421875
7897.08642578125
7846.2978515625
7795.3876953125
7747.0322265625
7699.3974609375
7653.80029296875
7611.18408203125
7568.48193359375
7528.19921875
7487.4921875
7447.77783203125
7407.03515625
7364.19287109375
7327.345703125
7292.7431640625
7260.92919921875
7230.52880859375
7200.7900390625
7171.79150390625
7145.4189453125
7122.583984375
7102.76513671875
7073.3125
7039.5166015625
7002.76416015625
6968.453125
6933.08447265625
6899.01806640625
6864.0712890625
6829.958984375
6777.25634765625
6720.138671875
6669.7412109375
6616.5908203125
6568.3818359375
6529.1630859375
6485.3984375
6441.1689453125
6399.33056640625
6362.3515625
6325.7412109375
6290.03515625
6256.30859375
6222.66845703125
6190.8740234375
6157.96826171875
