20000.0
20000.0
20000.0
20000.0
20000.0
20000.0
20000.0
20000.0
20000.0
20000.0
20000.0
20000.0
20000.0
20000.0
20000.0
20000.0
20000.0
20000.0
20000.0
20000.0
20000.0
20000.0
20000.0
20000.0
20000.0
20000.0
20000.0078125
20000.0078125
20000.0
20000.0
20000.0
20000.0
20000.0
20000.0
20000.0
20000.0
20000.0
20000.0
20000.0
20000.0
20000.0
20000.0
20000.0
20000.0
20000.0
19999.986328125
20000.0
20000.0
20000.0
20000.0
20000.0
20000.0
20000.0
20000.0
20000.0
20000.0
20000.0
20000.0
20000.0
20000.0
20000.0
20000.0
20000.0
20000.0
19999.998046875
20000.0
19504.0
18515.111328125
17526.48828125
16676.373046875
15881.1337890625
15163.8740234375
14504.779296875
13857.779296875
13264.65234375
12716.3955078125
12212.5859375
11780.1474609375
11329.0048828125
10926.3876953125
10549.064453125
10202.16015625
9860.3203125
9537.4462890625
9243.248046875
8958.15234375
8699.34375
8448.8994140625
8213.693359375
8012.2158203125
7800.6025390625
7602.0556640625
7411.07421875
7237.6015625
7068.0166015625
6907.98583984375
6761.71044921875
6619.560546875
6488.95263671875
6361.5234375
6240.14990234375
6135.494140625
6025.857421875
5925.2783203125
5827.01123046875
5733.791015625
5638.3798828125
5544.6953125
5460.64453125
5374.2802734375
5292.55712890625
5211.7431640625
5133.18359375
5063.97900390625
4989.3095703125
4918.92333984375
4848.12255859375
4781.39501953125
4714.29150390625
4648.830078125
4586.935546875
4524.48291015625
4465.77490234375
4407.66796875
