20000.0
20000.0
20000.0
20000.0
20000.0
20000.0
20000.0
20000.0
20000.0
20000.0
20000.0
20000.0
20000.0
20000.0
20000.0
20000.0
20000.0
20000.0
20000.0
20000.0
20000.0
20000.0
20000.0
20000.0
20000.0
20000.0
20000.0
20000.0
19999.994140625
20000.0
19999.943359375
20000.0
20000.0
19999.990234375
20000.0
20000.0
20000.0
19999.951171875
20000.0
20000.0
19999.994140625
20000.0
19999.697265625
20000.0
20000.0
20000.0
20000.0
20000.0
20000.0
20000.0
19999.98828125
20000.0
20000.0
20000.0
20000.0
20000.0
20000.0
19999.998046875
20000.0
20000.0
19999.98828125
20000.0
20000.0
20000.0
19999.984375
20000.0
20000.0
19308.953125
18661.4140625
18117.298828125
17586.07421875
17099.66796875
16659.0625
16222.9736328125
15808.5869140625
15390.791015625
14985.06640625
14647.3515625
14309.9140625
13995.8583984375
13685.7802734375
13404.9296875
13133.921875
12883.7861328125
12660.0693359375
12445.3330078125
12249.4619140625
12059.6845703125
11877.9189453125
11719.5859375
11549.5947265625
11388.6083984375
11227.7890625
11080.13671875
10934.525390625
10793.7822265625
10660.30078125
10527.787109375
10403.47265625
10278.9580078125
10159.6044921875
10055.69140625
9944.8203125
9841.560546875
9738.4130859375
9642.578125
9547.609375
9456.1474609375
9370.8125
9285.4384765625
9205.056640625
9125.0419921875
9048.1416015625
8981.2734375
8909.90234375
8843.1474609375
8776.79296875
8714.6630859375
8652.3212890625
8591.669921875
8534.5908203125
8476.7109375
8422.2470703125
8366.3818359375
