20000.0
20000.0
20000.0
20000.0
20000.0
20000.0
20000.0
20000.0
20000.0
20000.0
20000.0
20000.0
20000.0
20000.0
20000.0
20000.0
20000.0
20000.0
20000.0
20000.0
20000.0
20000.0
20000.0
20000.0
20000.0
20000.009765625
20000.00390625
20000.0
20000.0
20000.0
20000.0
20000.0
20000.0
20000.0
20000.0
20000.0
20000.0
20000.0
20000.0
20000.0
20000.0
20000.0
20000.0
20000.0
20000.0
20000.0
20000.0078125
20000.0
20000.0
20000.0
20000.0
20000.0
20000.0
20000.0
19999.99609375
19761.533203125
18086.08984375
16600.798828125
15513.6298828125
14577.8798828125
13670.3212890625
12816.046875
12015.8447265625
11330.9384765625
10700.21484375
10131.5166015625
9619.2099609375
9120.1787109375
8694.4892578125
8308.306640625
7979.1142578125
7676.30859375
7396.0234375
7134.59375
6892.16015625
6682.06591796875
6487.50341796875
6310.2705078125
6163.79736328125
6019.29052734375
5888.61376953125
5765.47119140625
5655.6357421875
5549.42431640625
5449.21533203125
5357.3564453125
5267.54833984375
5184.8046875
5103.12451171875
5025.55859375
4959.24755859375
4890.6552734375
4828.36181640625
4769.24951171875
4715.76904296875
4663.2685546875
4613.1669921875
4566.67431640625
4520.48876953125
4477.49365234375
4434.76025390625
4394.103515625
4359.06494140625
4319.29833984375
4279.97607421875
4239.48095703125
4200.7763671875
4161.4990234375
4123.046875
4086.6669921875
4049.91552734375
4015.179931640625
3979.977783203125
3943.9912109375
3911.764892578125
3875.3779296875
3839.865234375
3803.55615234375
3769.0107421875
3734.14599609375
3699.981689453125
3667.458984375
3634.277099609375
3602.54833984375
3569.49755859375
