20000.0
20000.0
20000.0
20000.0
20000.0
20000.0
20000.0
20000.0
20000.0
20000.0
20000.0
20000.0
20000.0
20000.0
20000.0
20000.0
20000.0
20000.0
20000.0
20000.0
20000.0
20000.0
20000.0
20000.0
20000.0
20000.0
20000.00390625
19999.611328125
20000.0
19999.578125
20000.0
20000.0
20000.0
19999.994140625
19999.998046875
20000.0
20000.0
20000.0
20000.0
19999.994140625
20000.0
20000.0
19997.4296875
19443.06640625
18868.41796875
18245.794921875
17499.265625
16795.806640625
16196.173828125
15667.9609375
15233.703125
14819.6591796875
14404.2978515625
14043.1923828125
13660.7548828125
13305.6650390625
12947.744140625
12608.24609375
12245.052734375
11905.8203125
11599.0830078125
11346.1611328125
11118.275390625
10892.158203125
10671.6669921875
10479.2138671875
10273.1787109375
10079.3359375
9881.705078125
9644.5439453125
9428.1669921875
9226.90234375
9033.935546875
8840.1337890625
8662.8251953125
8485.916015625
8320.7626953125
8181.32666015625
8038.94873046875
7911.04736328125
7764.02783203125
7634.31591796875
7517.5888671875
7416.2548828125
7318.85791015625
7203.35595703125
7095.8984375
6990.58251953125
6889.8232421875
6802.37451171875
6709.35107421875
6628.490234375
6547.11376953125
6467.4228515625
6383.9892578125
6292.60595703125
6201.53173828125
6108.6826171875
6022.1552734375
5937.01611328125
5857.38623046875
5793.31396484375
5711.451171875
5612.29931640625
5511.921875
5419.61669921875
5327.8056640625
5238.5478515625
5154.1240234375
5068.9619140625
4988.36474609375
4907.13330078125
4827.66015625
4757.13623046875
4680.55322265625
4607.98828125
4534.6728515625
4470.91064453125
4405.43359375
4339.80517578125
4277.83349609375
4215.6171875
4156.9677734375
4097.6064453125
