20000.0
20000.0
20000.0
20000.0
20000.0
20000.0
20000.0
20000.0
20000.0
20000.0
20000.0
20000.0
20000.0
20000.0
20000.0
20000.0
20000.0
20000.0
20000.0
20000.0
20000.0
20000.0
20000.0
20000.0
19999.703125
20000.0
20000.0
20000.0
20000.0
20000.0
19999.99609375
20000.0
20000.0
20000.0
20000.0
20000.0
20000.0
20000.0
20000.0
20000.0
19999.998046875
19999.955078125
20000.017578125
20000.0
20000.0
20000.0
20000.0
19999.96484375
20000.0
20000.0
20000.0
20000.0
20000.0
20000.0
20000.0
18179.587890625
16549.669921875
15141.4638671875
13818.9501953125
12654.7998046875
11640.2744140625
10686.1552734375
9826.3349609375
9028.5625
8373.251953125
7839.41015625
7301.16455078125
6833.70556640625
6406.45849609375
6018.37744140625
5648.36181640625
5320.7490234375
5038.21826171875
4776.2958984375
4546.60400390625
4330.4267578125
4132.658203125
3961.428955078125
3792.531005859375
3648.814697265625
3513.022705078125
3391.72900390625
3278.713134765625
3179.927001953125
3091.85986328125
3006.742431640625
2929.74462890625
2854.884765625
2783.736328125
2723.12548828125
2659.395751953125
2600.285888671875
2542.9384765625
2491.188232421875
2441.716064453125
2396.191162109375
2355.66455078125
2316.864013671875
2282.0126953125
2248.4697265625
2216.883544921875
2189.72265625
2160.7119140625
2133.514892578125
2107.184326171875
2082.90966796875
2058.656982421875
2035.07177734375
2012.59716796875
1989.9873046875
1968.7833251953125
1947.643798828125
1926.342529296875
1907.0361328125
1885.830322265625
1865.7410888671875
1845.4989013671875
1826.3416748046875
1807.0074462890625
1788.17578125
1770.2919921875
1751.8895263671875
1734.4766845703125
1716.9805908203125
