20000.0
20000.0
20000.0
20000.0
20000.0
20000.0
20000.0
20000.0
20000.0
20000.0
20000.0
20000.0
20000.0
20000.0
20000.0
20000.0
20000.0
20000.0
20000.0
20000.0
20000.0
20000.0
20000.0
20000.0
19999.99609375
20000.0
20000.0
20000.0
19999.982421875
19999.220703125
20000.0
19999.642578125
20000.0
20000.0
20000.0
20000.0
19999.994140625
20000.0
20000.0
20000.0
20000.0
20000.0
20000.0
20000.0
20000.0
20000.0
20000.0
20000.0
20000.0
20000.0
20000.0
20000.0
20000.0
20000.0
20000.0
19999.998046875
19999.98828125
19927.48828125
19366.904296875
18660.4609375
17980.345703125
17427.75390625
16891.42578125
16394.734375
15924.560546875
15506.7236328125
15163.7041015625
14810.740234375
14502.9638671875
14225.1669921875
13995.8828125
13777.732421875
13574.248046875
13386.1435546875
13200.775390625
13030.615234375
12862.498046875
12702.236328125
12563.763671875
12417.9892578125
12279.7294921875
12138.669921875
12006.3408203125
11874.119140625
11747.3203125
11629.1162109375
11511.5126953125
11397.7294921875
11282.2919921875
11170.5576171875
11072.9345703125
10968.46875
10870.6640625
10772.6376953125
10680.5263671875
10587.986328125
10497.2783203125
10411.7041015625
10325.4052734375
10243.48828125
10160.3046875
10078.275390625
10005.1318359375
9925.314453125
9849.4384765625
9777.3828125
9711.55859375
9641.7939453125
9569.091796875
9497.4462890625
9423.3525390625
9352.2529296875
9279.267578125
9207.1357421875
9142.5390625
9072.0517578125
9005.1845703125
8936.9326171875
8871.69140625
8805.2685546875
8740.05078125
8677.1435546875
8611.80859375
8549.310546875
8485.5439453125
