20000.0
20000.0
20000.0
20000.0
20000.0
20000.0
20000.0
20000.0
20000.0
20000.0
20000.0
20000.0
20000.0
20000.0
20000.0
20000.0
20000.0
20000.0
20000.0
20000.0
20000.0
20000.0
20000.0
20000.0
20000.0
20000.0
20000.0
20000.0
20000.0
20000.0
20000.0
20000.0
20000.00390625
20000.0
20000.0
19999.9921875
20000.0
20000.0
20000.0
20000.0
19999.998046875
20000.0
20000.0
20000.0
19999.998046875
20000.0
20000.0
20000.0
20000.0
20000.0
20000.0
20000.0
20000.0
20000.0
20000.0
20000.0
19999.9921875
20000.0
20000.0
20000.0
20000.0
20000.0
20000.0
19999.998046875
19999.994140625
20000.0
20000.0
20000.0
20000.0
20000.0
20000.0
20000.0
20000.0
20000.0
20000.0
20000.0
20000.0
20000.0
20000.0
20000.0
19999.7890625
19610.818359375
18662.28125
17827.197265625
17086.955078125
16439.609375
15868.505859375
15325.30859375
14833.1103515625
14435.935546875
14049.8330078125
13720.59765625
13407.79296875
13120.41796875
12817.3837890625
12459.7080078125
12132.80078125
11817.6083984375
11532.7119140625
11258.7802734375
11004.0400390625
10787.0419921875
10560.52734375
10350.490234375
10143.2080078125
9951.9248046875
9762.658203125
9581.853515625
9412.82421875
9243.0029296875
9082.9130859375
8921.4306640625
8756.4189453125
8609.8984375
8451.2607421875
8300.6005859375
8149.4580078125
8008.77587890625
7869.5400390625
7737.72802734375
7614.45751953125
7489.42724609375
7368.1435546875
7243.90625
