20000.0
20000.0
20000.0
19999.998046875
20000.0
20000.0
20000.0
20000.0
20000.0
20000.0
20000.0
20000.0
20000.0
20000.0
20000.0
20000.0
20000.0
20000.0
20000.0
20000.0
20000.0
20000.0
20000.0
20000.0
20000.0
20000.0
20000.0
20000.0
20000.0
20000.0
20000.001953125
19999.638671875
19998.515625
19999.931640625
19999.8828125
20000.0
20000.0
20000.0
20000.0
20000.0
20000.0
20000.009765625
20000.0
20000.0
20000.0
19913.052734375
19376.869140625
18896.330078125
18469.28125
18067.62109375
17695.765625
17329.419921875
16980.05078125
16679.13671875
16364.08203125
16074.64453125
15785.0791015625
15515.6494140625
15256.630859375
15014.4111328125
14674.6767578125
14395.7275390625
14169.71875
13967.0908203125
13774.283203125
13626.384765625
13467.4296875
13317.49609375
13168.0615234375
13027.9404296875
12841.2958984375
12679.0498046875
12533.119140625
12392.3408203125
12261.318359375
12131.56640625
12006.5263671875
11880.6748046875
11723.6318359375
11571.3505859375
11437.4072265625
11316.7861328125
11198.203125
11080.7587890625
10971.2529296875
10865.0810546875
10768.638671875
10675.6748046875
10586.1083984375
10506.990234375
10421.865234375
10339.8369140625
10253.7294921875
10170.8193359375
10084.33203125
9997.51171875
9914.7529296875
9831.62109375
9753.7998046875
9675.94140625
9601.142578125
9535.6025390625
9466.029296875
9401.5927734375
9337.1923828125
9276.3779296875
9214.0751953125
9152.0830078125
9092.44921875
9031.607421875
8974.138671875
8916.837890625
8862.2783203125
8815.181640625
8765.3427734375
8718.7734375
8671.9462890625
8627.1455078125
8581.2197265625
8535.6318359375
8491.9775390625
8447.1298828125
8404.4169921875
8361.078125
