20000.0
20000.0
20000.0
20000.0
20000.0
20000.0
20000.0
20000.0
20000.0
20000.0
20000.0
20000.0
20000.0
20000.0
20000.0
20000.0
20000.0
20000.0
20000.0
20000.0
20000.0
20000.0
20000.0
20000.0
20000.0
20000.0
20000.0
20000.0
20000.0
20000.0
20000.0
20000.0
20000.0
20000.0
20000.0
20000.0
19999.806640625
20000.0
19999.99609375
19999.982421875
20000.0
19999.998046875
20000.0
20000.0
20000.0
20000.0
19999.998046875
20000.0
20000.0
20000.0
20000.0
20000.0
20000.0
20000.0
20000.0
20000.0
20000.0
20000.0
20000.0
20000.0
20000.0
20000.0
20000.0
20000.0
20000.0
20000.0
20000.0
20000.0
20000.0
20000.0
19999.998046875
20000.0
19999.9609375
19999.998046875
20000.0
20000.0
19999.982421875
20000.0
19999.998046875
19999.9921875
20000.0
20000.0
19795.9296875
19154.865234375
18412.064453125
17752.71484375
17130.208984375
16526.66796875
15919.8486328125
15424.974609375
14924.609375
14471.6767578125
14039.005859375
13650.673828125
13284.6708984375
12941.9052734375
12635.8134765625
12352.990234375
12101.7568359375
11855.8857421875
11624.5361328125
11418.9150390625
11195.73828125
10985.5634765625
10774.0205078125
10573.525390625
10371.3115234375
10174.9794921875
9991.376953125
9807.77734375
9634.40625
9457.060546875
9280.1953125
9123.6064453125
8955.3984375
8798.6767578125
8642.330078125
8494.357421875
8343.732421875
8195.302734375
8051.59375
7904.2958984375
7765.37255859375
7625.99560546875
