20000.0
20000.0
19999.998046875
20000.0
20000.0
20000.0
20000.0
20000.0
20000.0
20000.0
20000.0
20000.0
20000.0
20000.0
20000.0
20000.0
20000.0
20000.0
20000.0
20000.0
20000.0
20000.0
20000.0
20000.0
19999.99609375
20000.0
20000.0
20000.0
19999.998046875
19999.994140625
19999.998046875
20000.0
20000.0
19999.99609375
20000.0
20000.0
19999.99609375
20000.0
20000.0
19697.416015625
19335.0625
19037.76953125
18799.650390625
18509.328125
18239.775390625
17959.255859375
17638.56640625
17344.70703125
17085.017578125
16858.419921875
16646.521484375
16458.224609375
16280.7978515625
16112.02734375
15956.7587890625
15783.328125
15620.4248046875
15440.736328125
15260.7900390625
15078.1318359375
14902.7666015625
14740.1435546875
14579.5244140625
14430.2216796875
14281.388671875
14137.6982421875
14011.083984375
13876.3828125
13752.5107421875
13630.173828125
13516.2265625
13402.2822265625
13290.1845703125
13182.7080078125
13071.24609375
12961.8466796875
12845.6123046875
12725.26953125
12613.9990234375
12489.443359375
12369.6083984375
12246.072265625
12123.6279296875
12001.619140625
11884.47265625
11776.0107421875
11667.984375
11563.3916015625
11454.1513671875
11346.2607421875
11250.2822265625
11143.607421875
11038.3662109375
10932.5927734375
10833.951171875
10735.23046875
10638.984375
10547.703125
10455.2822265625
10366.7802734375
10278.0859375
10192.1591796875
10116.5009765625
10035.4794921875
9959.5146484375
9883.2626953125
9811.638671875
9738.5068359375
9672.876953125
9615.9892578125
9560.033203125
9507.0908203125
9452.28515625
9396.58984375
9345.5966796875
9288.2578125
9232.326171875
9174.447265625
9119.9326171875
9065.630859375
9009.0712890625
8949.5458984375
8883.3984375
8816.1396484375
8744.6142578125
