20000.0
20000.0
20000.0
20000.0
19524.40625
19048.466796875
18934.265625
19231.78515625
19672.123046875
20000.0
20000.0
20000.0
20000.0
20000.0
20000.0
20000.0
20000.0
19999.998046875
20000.0
20000.0
20000.0
20000.0
20000.0
20000.0
19999.99609375
20000.0
20000.0
19999.99609375
19121.474609375
17954.82421875
17160.30078125
16368.0126953125
15686.111328125
15119.841796875
14678.1240234375
14329.7734375
14045.00390625
13829.2744140625
13644.271484375
13488.4677734375
13323.5546875
13171.076171875
13047.830078125
12925.484375
12793.51953125
12652.3515625
12516.5947265625
12379.1123046875
12245.19921875
12118.5869140625
11980.123046875
11848.1630859375
11719.498046875
11598.6982421875
11495.412109375
11386.6796875
11285.923828125
11185.7958984375
11092.1181640625
10998.24609375
10907.0546875
10820.935546875
10734.400390625
10653.4404296875
10571.9453125
10492.2421875
10420.9716796875
10344.4326171875
10272.21875
10199.6064453125
10131.0712890625
10062.0908203125
9994.544921875
9930.533203125
9865.6953125
9804.23828125
9741.26953125
9680.4814453125
9629.556640625
9571.583984375
9513.9560546875
9453.9306640625
9396.5869140625
9338.271484375
9280.80859375
9226.10546875
9170.5322265625
9117.8837890625
9064.6533203125
9012.337890625
8965.8720703125
8915.314453125
8867.171875
8818.6787109375
8780.310546875
8740.873046875
8702.037109375
8665.2021484375
8627.7958984375
8592.1337890625
8555.7685546875
8519.83203125
8487.7958984375
8452.7060546875
8419.04296875
8384.6787109375
8351.70703125
8318.01171875
8284.630859375
8252.642578125
8219.9208984375
8188.5439453125
8156.380859375
8124.494140625
8095.89892578125
8064.48388671875
8033.50634765625
8001.5869140625
7971.23291015625
7940.39208984375
7909.818359375
7880.37548828125
7849.9013671875
7820.1513671875
7789.267578125
