20000.0
20000.0
20000.0
20000.0
20000.0
20000.0
20000.0
20000.0
20000.0
20000.0
20000.0
20000.0
20000.0
20000.0
20000.0
20000.0
20000.0
20000.0
20000.0
20000.0
20000.0
20000.0
20000.0
19999.943359375
20000.0
20000.0
20000.0
19999.994140625
19999.931640625
19999.998046875
20000.0
19999.9921875
20000.0
20000.0
20000.0078125
20000.0
20000.0
20000.0
20000.005859375
20000.0
20000.0
20000.0
20000.0
20000.0
20000.0
20000.0
20000.0
20000.0
20000.0
20000.0
20000.0
20000.0
20000.0
20000.0
20000.0
19999.99609375
18856.646484375
17784.5078125
16935.443359375
16072.9375
15304.6435546875
14625.22265625
13998.5908203125
13467.8203125
12950.5927734375
12476.12109375
12067.9560546875
11635.4501953125
11226.6533203125
10822.287109375
10451.0986328125
10098.0166015625
9778.8095703125
9505.9541015625
9242.134765625
9001.2705078125
8767.7060546875
8531.3076171875
8292.8798828125
8064.83740234375
7873.337890625
7697.8486328125
7545.17578125
7402.0068359375
7272.65625
7155.86376953125
7042.4638671875
6932.50244140625
6817.2158203125
6703.84375
6599.421875
6477.986328125
6360.0576171875
6240.6416015625
6128.3154296875
6015.08056640625
5904.18603515625
5799.15966796875
5693.18505859375
5593.08642578125
5490.81494140625
5365.7431640625
5256.61962890625
5146.88720703125
5042.6787109375
4938.04443359375
4839.27685546875
4740.1015625
4643.90576171875
4553.7939453125
4462.91650390625
4376.9609375
4290.20751953125
4205.72607421875
4131.36865234375
4051.418701171875
3976.330078125
3901.074462890625
3828.84228515625
3756.983642578125
3687.27392578125
3621.625244140625
3554.826171875
3490.876953125
3426.48779296875
