20000.0
20000.0
20000.0
20000.0
20000.0
20000.0
20000.0
20000.0
20000.0
20000.0
20000.0
20000.0
20000.0
20000.0
20000.0
20000.0
20000.0
20000.0
20000.0
20000.0
20000.0
20000.0
20000.0
20000.0
19159.408203125
17867.326171875
16813.095703125
15978.005859375
15237.271484375
14603.9990234375
14096.1884765625
13583.0751953125
13150.70703125
12759.5712890625
12423.46875
12102.1044921875
11809.4609375
11549.5166015625
11307.2578125
11094.4619140625
10893.9814453125
10711.8466796875
10556.4814453125
10393.212890625
10241.1865234375
10089.412109375
9947.7822265625
9807.04296875
9671.3525390625
9543.83984375
9415.224609375
9302.15625
9211.1171875
9130.0087890625
9061.01953125
8988.765625
8921.369140625
8847.22265625
8776.0302734375
8703.54296875
8631.935546875
8557.2314453125
8472.69140625
8394.3076171875
8319.177734375
8249.7763671875
8188.31982421875
8120.98046875
8056.98876953125
7992.873046875
7933.30908203125
7874.19482421875
7817.31982421875
7764.1357421875
7711.11181640625
7661.220703125
7610.7841796875
7561.09423828125
7516.9375
7466.0537109375
7417.44921875
7369.1591796875
7324.2919921875
7280.0625
7237.97998046875
7198.892578125
7160.28759765625
7124.4482421875
7088.93505859375
7053.837890625
7021.96435546875
6985.40576171875
6949.18896484375
6911.78857421875
6875.87646484375
6839.3818359375
6802.9765625
6767.25
6720.7939453125
6675.416015625
6628.2421875
6577.9453125
6531.31884765625
6478.44287109375
6427.24560546875
6374.82958984375
6324.27783203125
6266.328125
6193.65380859375
6121.30224609375
6049.17626953125
5982.63427734375
5917.1640625
5854.3994140625
5799.41796875
5740.6162109375
5686.580078125
5632.19189453125
5580.5009765625
5528.02294921875
5476.75146484375
5428.3564453125
5379.873046875
5334.328125
5288.56982421875
