20000.0
20000.0
20000.0
20000.0
20000.0
20000.0
20000.0
20000.0
20000.0
20000.0
20000.0
20000.0
20000.0
20000.0
20000.0
20000.0
20000.0
20000.0
20000.0
20000.0
20000.0
20000.0
20000.0
20000.0
20000.0
20000.0
19999.994140625
20000.0
20000.0
20000.0
20000.0
20000.0
20000.0
20000.0
20000.0
20000.0
20000.0
20000.0
20000.0
20000.0
20000.0
20000.0
20000.0
20000.0
20000.0
19999.9921875
20000.0
19999.998046875
20000.0
20000.0
20000.0
19999.994140625
20000.0
20000.0
20000.0
19999.998046875
19999.998046875
19773.087890625
18858.869140625
17952.75390625
17140.185546875
16454.3125
15651.8662109375
14976.458984375
14354.556640625
13798.6357421875
13347.4951171875
12884.060546875
12457.498046875
12064.95703125
11725.580078125
11401.9658203125
11093.779296875
10807.58203125
10512.56640625
10210.3056640625
9895.236328125
9588.9013671875
9324.6904296875
9047.8349609375
8802.1298828125
8577.068359375
8364.3359375
8155.32177734375
7957.00048828125
7773.275390625
7591.685546875
7377.99853515625
7150.2861328125
6937.23681640625
6759.927734375
6577.34326171875
6411.37060546875
6249.765625
6101.62255859375
5959.8984375
5824.39404296875
5698.36669921875
5574.61376953125
5461.361328125
5355.30859375
5256.24169921875
5171.84423828125
5083.66796875
5003.07421875
4923.56298828125
4849.1123046875
4774.82666015625
4703.24609375
4636.0185546875
4568.470703125
4505.30859375
4442.8564453125
4383.091796875
4331.1640625
4276.01123046875
4224.70947265625
4173.74609375
4126.2705078125
4078.31103515625
4032.095458984375
3988.9140625
3945.886474609375
3905.732177734375
3865.73046875
