14216.8974609375
13416.7861328125
13038.28125
12672.666015625
12558.3916015625
12617.435546875
12895.685546875
13244.58984375
14025.435546875
14697.89453125
15299.6669921875
15810.5546875
16281.00390625
16710.369140625
17101.744140625
17495.189453125
17908.802734375
18444.052734375
17805.37109375
14714.9794921875
13349.1337890625
12657.44140625
12105.2734375
11624.564453125
11171.23046875
10804.041015625
10486.154296875
10183.1982421875
9897.2109375
9611.5390625
9341.181640625
9112.302734375
8871.7978515625
8647.6591796875
8430.4404296875
8235.853515625
8049.71875
7874.25244140625
7710.10205078125
7543.345703125
7382.3212890625
7223.0302734375
7085.61181640625
6992.3037109375
6890.95263671875
6787.57763671875
6691.8642578125
6601.02734375
6509.36767578125
6420.12060546875
6337.185546875
6252.6748046875
6172.068359375
6092.447265625
6013.5576171875
5944.47509765625
5871.4443359375
5803.7763671875
5736.12255859375
5671.84130859375
5605.6123046875
5539.72900390625
5476.732421875
5412.8203125
5352.25634765625
5291.11474609375
5231.5302734375
5178.97119140625
5121.3203125
5065.93701171875
5009.40087890625
4955.62841796875
4904.26513671875
4855.03564453125
4807.48046875
4758.1376953125
4710.4716796875
4661.6572265625
4613.41796875
4570.33740234375
4523.20703125
4478.13525390625
4432.1552734375
4388.11669921875
4342.72314453125
4297.498046875
4254.28857421875
4210.31787109375
4168.67626953125
4126.81591796875
4086.213623046875
4050.53515625
4012.130126953125
3976.66796875
3941.60107421875
3908.770751953125
3875.728515625
3843.363525390625
3812.545166015625
3781.160400390625
3751.0029296875
3719.8125
3688.593505859375
3660.665771484375
3630.278076171875
3601.518310546875
3572.587646484375
3544.040771484375
3515.2353515625
3487.373779296875
3461.14404296875
3434.702392578125
3409.60888671875
3384.089599609375
3360.146728515625
3340.619873046875
3319.029052734375
3298.2978515625
3277.038818359375
3256.5751953125
3235.542724609375
3214.650634765625
3194.59423828125
3174.034423828125
3154.304443359375
3134.024169921875
