20000.0
19082.91015625
18472.11328125
17835.79296875
17319.1796875
17271.1015625
17505.974609375
17944.8203125
18408.7109375
18862.982421875
19653.451171875
20000.0
20000.0
20000.0
20000.0
20000.0
20000.0
20000.0
20000.0
20000.0
20000.0
20000.0
20000.0
20000.0
20000.0
19999.935546875
20000.0
20000.0
19079.134765625
18097.845703125
17142.98828125
16157.0771484375
15322.0634765625
14559.7548828125
13844.4931640625
13154.423828125
12530.0546875
11940.16015625
11426.318359375
10979.6669921875
10556.6240234375
10179.775390625
9822.208984375
9492.8828125
9208.943359375
8966.5830078125
8768.8447265625
8576.244140625
8404.861328125
8236.2880859375
8071.189453125
7917.197265625
7769.02001953125
7624.8525390625
7477.55078125
7334.93798828125
7208.05419921875
7073.47607421875
6948.21533203125
6823.19580078125
6705.697265625
6588.7861328125
6474.77685546875
6363.94287109375
6250.00048828125
6143.52490234375
6037.27197265625
5934.68017578125
5845.19970703125
5749.68408203125
5660.412109375
5572.52880859375
5489.96044921875
5406.5517578125
5324.3173828125
5246.05419921875
5167.107421875
5092.880859375
5018.6318359375
4946.724609375
4883.705078125
4815.5185546875
4750.64111328125
4685.1591796875
4623.4794921875
4561.671875
4501.46875
4444.87890625
4387.94189453125
4334.21728515625
4280.07470703125
4227.2041015625
4180.44189453125
4129.6279296875
4081.26611328125
4032.127197265625
3985.926513671875
3939.466552734375
3894.08447265625
3857.158447265625
3822.148193359375
3787.5888671875
3751.443603515625
3715.18701171875
3682.511474609375
3646.566650390625
3612.077392578125
3576.8408203125
3543.1025390625
3508.67919921875
3474.669189453125
3442.16357421875
3408.982666015625
3377.274169921875
3344.930419921875
3313.16455078125
3284.71923828125
3253.572265625
3223.838134765625
3193.60205078125
3164.63427734375
3135.25341796875
3106.40185546875
3078.906005859375
3050.658447265625
3023.194091796875
2995.5908203125
