20000.0
20000.0
20000.0
20000.0
20000.0
20000.0
20000.0
20000.0
20000.0
20000.0
20000.0
20000.0
20000.0
20000.0
20000.0
20000.0
20000.0
20000.0
20000.0
20000.0
20000.0
19999.9296875
20000.0
20000.0
20000.0
20000.0
20000.0
20000.0
20000.0
20000.0
19999.998046875
19999.99609375
20000.0
20000.0
19554.771484375
18664.84375
17746.265625
16898.189453125
16141.7236328125
15431.830078125
14801.380859375
14276.6689453125
13737.3427734375
13233.01171875
12743.1220703125
12305.5791015625
11883.2724609375
11490.890625
11123.9931640625
10814.9267578125
10558.30859375
10308.2177734375
10069.9296875
9863.4658203125
9644.8330078125
9443.599609375
9243.833984375
9053.42578125
8854.60546875
8653.0234375
8467.388671875
8286.4189453125
8113.359375
7938.40966796875
7772.916015625
7631.939453125
7485.97509765625
7351.837890625
7216.50927734375
7089.166015625
6962.12158203125
6839.10693359375
6688.2470703125
6556.234375
6450.0380859375
6354.19287109375
6263.68505859375
6188.533203125
6111.2763671875
6031.6962890625
5941.4326171875
5860.84814453125
5769.50732421875
5681.96337890625
5607.68212890625
5539.7294921875
5474.49169921875
5408.66357421875
5346.20458984375
5293.50732421875
5237.17236328125
5164.5458984375
5080.83544921875
5000.75439453125
4920.6328125
4846.01904296875
4778.7294921875
4713.826171875
4654.64453125
4599.9599609375
4546.49560546875
4498.671875
4446.857421875
4397.8818359375
4348.46875
4301.47119140625
4254.19677734375
4211.1328125
4169.09765625
4125.92578125
4084.754150390625
4042.189697265625
3999.9873046875
3962.478515625
3921.425537109375
3881.593017578125
3840.535400390625
3801.110107421875
3760.4453125
3719.921875
3680.90234375
3640.8134765625
3602.2666015625
3562.79296875
