20000.0
20000.0
20000.0
20000.0
20000.0
20000.0
20000.0
20000.0
20000.0
20000.0
20000.0
20000.0
20000.0
20000.0
20000.0
20000.0
20000.0
20000.0
20000.0
20000.0
20000.0
20000.0
20000.0
20000.0
20000.0
20000.0
20000.0
20000.0
20000.0
19999.978515625
20000.0
19999.900390625
20000.0
19999.9765625
19999.880859375
20000.0
20000.0
19677.970703125
19250.56640625
18903.568359375
18575.990234375
18262.517578125
17967.333984375
17650.150390625
17358.08984375
17070.767578125
16793.126953125
16515.890625
16256.01171875
16019.728515625
15790.0751953125
15580.296875
15375.2998046875
15180.07421875
15008.232421875
14827.9873046875
14674.4765625
14515.19921875
14363.3662109375
14210.9951171875
14063.2021484375
13922.36328125
13778.5712890625
13642.654296875
13506.6396484375
13374.609375
13256.87890625
13130.8017578125
13012.564453125
12894.08984375
12782.9775390625
12671.998046875
12564.6728515625
12464.224609375
12363.658203125
12269.4287109375
12175.13671875
12083.7666015625
12003.5234375
11916.7822265625
11831.0625
11745.34765625
11664.880859375
11584.265625
11503.5654296875
11423.0712890625
11339.53125
11260.138671875
11180.111328125
11101.8251953125
11029.7451171875
10951.6513671875
10878.3759765625
10804.6181640625
10735.0380859375
10664.6044921875
10595.8271484375
10530.5615234375
10464.4677734375
10401.8076171875
10338.0322265625
10275.8505859375
10220.7060546875
10160.2236328125
10100.8857421875
10038.673828125
9978.234375
9918.083984375
9863.3212890625
9813.7177734375
9763.1904296875
9714.1357421875
9661.1943359375
9606.6767578125
9558.775390625
9511.5634765625
9469.84375
9429.7607421875
9392.728515625
9355.748046875
9319.6337890625
9285.361328125
9248.7705078125
9210.3486328125
9170.73046875
