20000.0
20000.0
20000.0
20000.0
20000.0
20000.0
20000.0
20000.0
20000.0
20000.0
20000.0
20000.0
20000.0
20000.0
20000.0
20000.0
20000.0
20000.0
20000.0
20000.0
20000.0
20000.0
20000.0
20000.0
20000.0
19999.998046875
20000.0
20000.001953125
20000.0
20000.0
20000.0
20000.0
19999.9296875
20000.0
20000.0
20000.0
20000.0
20000.0
19999.99609375
20000.0
20000.0
20000.0
20000.0
20000.0
20000.0
20000.0
20000.0
20000.0
20000.0
19999.994140625
20000.0
20000.0
19999.99609375
19999.998046875
20000.0
20000.0
20000.0
20000.0
19731.71484375
19215.642578125
18661.46875
18111.556640625
17595.958984375
17145.703125
16747.056640625
16337.712890625
15831.5693359375
15424.265625
14993.3603515625
14595.40625
14234.853515625
13923.013671875
13626.841796875
13333.787109375
13041.1806640625
12738.5576171875
12459.54296875
12192.599609375
11940.470703125
11722.091796875
11488.8681640625
11262.8486328125
11031.4169921875
10812.841796875
10597.6357421875
10396.7021484375
10211.6953125
10029.5947265625
9864.0732421875
9693.537109375
9523.7373046875
9369.837890625
9201.65625
9044.9619140625
8890.60546875
8749.6318359375
8613.54296875
8476.2705078125
8340.572265625
8197.6923828125
8058.14208984375
7910.9814453125
7764.31494140625
7633.78759765625
7491.70556640625
7362.6396484375
7233.828125
7110.57470703125
6982.58837890625
6854.26220703125
6729.86474609375
6601.630859375
6477.12744140625
6345.92578125
6213.49755859375
6099.31884765625
5976.56396484375
5861.81103515625
5745.52490234375
5636.4951171875
5526.9765625
5420.0419921875
5319.54296875
5218.91162109375
5130.8330078125
5040.43701171875
