20000.0
20000.0
20000.0
20000.0
20000.0
20000.0
20000.0
20000.0
20000.0
20000.0
20000.0
20000.0
20000.0
20000.0
20000.0
20000.0
20000.0
20000.0
20000.0
20000.0
20000.0
20000.0
20000.0
20000.0
20000.0
20000.0
20000.0
20000.0
19999.998046875
20000.0
20000.0
20000.0
20000.0
20000.0
20000.0
20000.0
20000.0
20000.0
20000.0
20000.0
20000.0
20000.0
20000.0
20000.0
20000.0
20000.0
20000.0
20000.001953125
20000.0
20000.0
20000.0
20000.0
20000.0
20000.0
20000.0
20000.0
20000.0
20000.0
20000.0
20000.0
20000.0
20000.0
20000.0
20000.0
20000.0
20000.0
20000.0
20000.0
20000.0
20000.0
19999.99609375
20000.0
20000.0
19850.0078125
19164.376953125
18415.51953125
17739.8984375
17214.24609375
16678.71875
16177.908203125
15693.7314453125
15266.7080078125
14872.75
14533.7294921875
14241.3681640625
13976.185546875
13736.330078125
13494.5126953125
13250.701171875
13032.4755859375
12794.546875
12566.0546875
12328.9580078125
12103.0234375
11883.2138671875
11664.9755859375
11458.0458984375
11249.04296875
11051.0625
10845.0009765625
10646.9951171875
10476.7509765625
10296.6953125
10129.8193359375
9963.7060546875
9807.7822265625
9649.8818359375
9495.9609375
9350.73046875
9203.6484375
9064.3916015625
8923.24609375
8782.1943359375
8654.1943359375
8518.1181640625
8391.21875
8264.421875
8145.662109375
8028.07958984375
7916.486328125
7813.58154296875
7710.998046875
7615.48193359375
7521.41259765625
