25400.0
25400.0
25400.0
25400.0
25400.0
25400.0
25400.0
25400.0
25400.0
25400.0
25400.0
25400.0
25400.0
25400.0
25400.0
25400.0
25400.0
25400.0
25400.0
25400.0
25400.0
25400.0
25400.0
32091.37109375
48571.77734375
58407.9375
66192.2578125
72671.7578125
78281.65625
82597.6484375
86094.328125
89629.7890625
93114.6328125
96398.6015625
99281.375
102080.4140625
104836.265625
107356.125
109861.40625
112470.7890625
115458.421875
118097.7421875
120327.328125
122648.9453125
124795.6328125
126867.5703125
128799.21875
131116.59375
133630.078125
135968.34375
138216.359375
140708.75
146100.953125
148779.640625
150815.4375
152161.390625
152252.609375
148339.390625
145237.84375
142496.015625
140047.625
137941.1875
136186.0625
135017.046875
134866.515625
135143.453125
135344.578125
135558.390625
135732.734375
135878.640625
135941.703125
135936.640625
135845.15625
135715.75
135498.84375
135171.875
134863.515625
134455.625
133953.984375
133301.75
132602.484375
131861.5625
131145.125
130422.5859375
129721.421875
129073.578125
128304.890625
127540.8359375
126774.203125
126031.3046875
125361.546875
124598.4453125
123851.9375
123083.046875
122341.265625
121592.7578125
120864.296875
120170.7890625
119482.328125
118787.8984375
118123.171875
117485.4375
116925.6171875
116319.984375
115749.875
115179.171875
114652.40625
114132.515625
113639.7578125
113187.28125
112744.9140625
112336.1171875
111931.296875
111542.71875
111202.265625
110840.046875
110501.1875
110159.421875
109839.2734375
109521.7734375
109248.3828125
109040.1171875
108871.1171875
108744.6484375
108705.3203125
