25400.0
25400.0
25058.037109375
24496.9375
24370.27734375
24249.47265625
24228.96484375
24225.3046875
24226.248046875
24228.0703125
24229.990234375
24232.04296875
24234.775390625
24237.689453125
24241.548828125
24245.88671875
24267.533203125
28419.03125
40007.546875
55466.859375
70008.546875
79042.09375
85848.515625
91285.6484375
95683.203125
98972.0234375
101435.3046875
103101.8984375
104281.5703125
104935.2109375
105353.8671875
105636.0859375
105782.7734375
105754.890625
105573.484375
105203.046875
104678.9921875
104151.34375
103745.515625
103394.953125
103090.0234375
102954.4375
102811.046875
102737.40625
102864.171875
102883.5859375
102859.8125
102808.203125
102740.9921875
102662.359375
102568.8671875
102466.875
102353.3671875
102226.453125
102100.796875
101953.109375
101805.5625
101658.5
101525.28125
101390.0390625
101267.171875
101147.4921875
101021.0859375
100899.5078125
100768.984375
100634.5234375
100521.5390625
100413.9765625
100325.84375
100235.4375
100152.8046875
100074.8359375
100016.609375
99988.2578125
99973.8203125
99962.859375
99944.4375
99916.6953125
99881.7109375
99832.765625
99778.328125
99781.8046875
99815.140625
99850.3203125
99879.8359375
99904.71875
99919.6875
99923.859375
99913.8203125
99882.4140625
99841.328125
99792.546875
99738.015625
99674.03125
99609.9296875
99546.3828125
99508.0234375
99467.1953125
99408.4765625
99348.3515625
99287.7578125
99232.03125
99183.8125
99135.4453125
99091.5703125
99061.328125
99100.140625
99115.9609375
99113.4140625
99105.5859375
99101.125
99103.0078125
99123.421875
99183.375
99244.109375
99304.9140625
99354.796875
99391.8671875
99401.21875
99432.5859375
99479.5703125
99522.3984375
99559.0
99583.0390625
99595.9453125
