25400.0
25400.0
25191.04296875
24582.53515625
24717.453125
24099.384765625
23839.48046875
23791.26171875
23789.86328125
23800.533203125
23817.787109375
23843.0
23877.892578125
23932.595703125
24018.5546875
24134.03515625
24636.078125
24931.919921875
25060.71875
25105.572265625
26046.515625
28706.544921875
35180.34765625
44551.390625
55435.703125
69209.8359375
80487.8828125
86314.046875
91638.5390625
95898.1484375
99488.1171875
102190.578125
104494.53125
106268.578125
107759.609375
108932.4453125
109758.3671875
110391.1875
110874.6640625
111214.328125
111350.4140625
111396.5546875
111466.359375
111433.515625
111299.546875
111096.15625
110830.953125
110532.0859375
110220.6328125
109884.7265625
109702.2578125
109685.3828125
109616.3359375
109523.109375
109396.6640625
109250.1328125
109075.6484375
108893.984375
108697.0390625
108492.15625
108285.484375
108079.5234375
107887.2421875
107649.71875
107423.7421875
107231.375
107026.5546875
106830.9140625
106633.5859375
106447.3359375
106264.84375
106093.96875
105929.3203125
105755.1484375
105590.0078125
105429.8359375
105274.8671875
105132.484375
104980.203125
104842.7109375
104708.453125
104569.7109375
104420.359375
104272.3125
104128.4609375
103948.9375
103768.296875
103581.734375
103399.078125
103238.0546875
103069.0859375
102928.828125
102795.28125
102669.9296875
102545.0078125
102421.953125
102314.4453125
102222.28125
102116.90625
101998.625
101879.5859375
101768.15625
101643.3359375
101536.4921875
101426.25
101312.765625
101186.609375
101032.65625
100972.2109375
100891.0546875
100939.234375
101013.2890625
101029.2578125
100966.546875
100846.953125
100684.78125
100513.1875
100354.171875
100205.078125
100088.265625
99997.0390625
99912.640625
99832.2578125
99749.734375
