25400.0
25400.0
25400.0
25400.0
25398.59375
25397.146484375
25395.640625
25392.908203125
25390.962890625
25389.58984375
25388.705078125
25388.12109375
25387.7578125
25387.5390625
25387.40625
25387.3359375
25387.310546875
25387.310546875
25387.140625
25386.646484375
27199.845703125
38644.13671875
49228.98046875
56648.44140625
61548.84765625
67446.234375
73217.3984375
78988.8984375
84414.1796875
89791.640625
95055.140625
99735.5546875
104842.0546875
109170.7734375
113257.171875
117301.0546875
121419.8359375
124321.8984375
126104.484375
127003.7265625
127156.328125
128427.953125
126460.7578125
125080.9921875
123737.890625
122357.8671875
120961.1328125
119701.1484375
118494.4921875
117379.7421875
116321.6796875
115165.71875
114207.015625
113343.3828125
112565.5234375
111884.6484375
111146.421875
110581.6484375
110009.265625
109423.75
108796.4453125
108155.234375
107675.4609375
107441.125
107276.7421875
107234.6171875
107172.53125
107019.546875
106913.109375
106818.8046875
106641.6328125
106410.8046875
106261.7265625
106267.8046875
106440.4453125
106729.375
107026.5859375
107305.9765625
107532.9375
107704.0546875
107849.640625
107991.125
108173.734375
108372.328125
108580.171875
108793.7265625
109012.84375
109312.53125
109633.9921875
109969.546875
110301.09375
110594.765625
110907.4375
111215.203125
111506.703125
111746.46875
111989.2421875
112219.0546875
112404.1953125
112575.7421875
112731.296875
112876.328125
112977.9609375
113053.796875
113124.5078125
113165.2578125
113173.4609375
113154.1796875
113124.4140625
113093.125
113061.875
113029.6953125
113016.546875
113011.28125
113002.9296875
112987.3828125
112957.6796875
112916.2265625
112859.859375
112785.4453125
112742.84375
112737.34375
112824.046875
112894.6484375
112900.1484375
112912.90625
