25400.0
25400.0
25400.0
25399.919921875
25202.361328125
25009.787109375
24967.443359375
24967.443359375
24967.443359375
24967.443359375
24967.443359375
24967.443359375
24993.58984375
25014.111328125
25019.18359375
25020.9765625
25022.158203125
25023.212890625
25024.09765625
25025.04296875
25026.619140625
25028.140625
25029.033203125
25029.77734375
25030.45703125
25031.115234375
25031.701171875
25032.33203125
25032.875
25033.40625
25033.921875
25034.291015625
25034.76953125
25035.06640625
25035.29296875
25034.806640625
25034.234375
25033.021484375
25043.251953125
29232.1171875
40697.203125
51327.3125
60205.2578125
69838.2734375
76849.28125
83173.1875
88679.46875
93771.703125
98633.6171875
103498.265625
107917.4921875
111466.078125
114608.8515625
117368.1953125
119592.234375
121801.328125
123727.078125
125526.515625
127169.2734375
128755.421875
130163.2734375
131419.609375
132609.28125
133652.6875
134689.3125
135628.78125
136368.03125
137148.046875
137849.828125
138501.046875
139075.03125
139605.515625
140069.25
140232.21875
138105.71875
136212.578125
134397.796875
132627.328125
131055.6171875
129488.09375
127978.953125
126351.421875
124856.125
123422.34375
122115.7421875
120933.2734375
119819.40625
118814.0
117784.625
116776.015625
115894.2109375
115028.234375
114178.890625
113336.828125
112571.546875
111804.8125
111055.4375
110471.4296875
110033.90625
109613.515625
109133.296875
108653.421875
108255.34375
107822.7265625
107396.9296875
106966.1796875
106560.078125
106145.359375
105748.296875
105399.0390625
105086.7421875
104831.9296875
104612.40625
104449.578125
104336.71875
104240.4375
104164.8203125
104106.609375
104105.71875
104130.4609375
104163.8125
104200.2734375
104245.640625
104304.109375
104380.1953125
