25400.0
25400.0
25400.0
25284.580078125
25284.57421875
25284.57421875
25284.57421875
25284.57421875
25284.57421875
25284.57421875
25284.57421875
25284.57421875
25284.57421875
25284.57421875
25284.57421875
25284.57421875
25284.57421875
25284.57421875
25637.78125
44934.92578125
64248.94140625
77567.3359375
84730.4296875
90949.546875
97129.8046875
102477.609375
106548.390625
110160.4921875
113759.5546875
116627.8359375
119297.7421875
121615.3984375
124278.6484375
126771.0859375
129236.7734375
131506.46875
133456.765625
135735.703125
135550.203125
131529.625
128479.6015625
126077.3046875
123704.484375
121592.046875
119817.96875
118502.921875
117013.6328125
115632.53125
114560.15625
113699.15625
113163.0234375
112659.6484375
112137.4765625
111985.6171875
112274.6015625
112599.9453125
113042.796875
113344.0
113662.484375
114025.9140625
114383.5546875
114748.53125
115200.3671875
115596.15625
115997.1953125
116336.2734375
116645.6328125
116788.328125
116800.6171875
116722.7890625
116646.71875
116613.59375
116613.7421875
116551.171875
116447.6875
116304.7421875
116160.71875
116042.703125
115952.4296875
115858.75
115752.2890625
115668.0859375
115570.1796875
115455.5390625
115405.875
115359.890625
115287.5
115204.5703125
115110.8046875
115034.2109375
115003.7734375
115043.75
115033.0703125
114968.921875
114801.9765625
114621.2578125
114448.59375
114251.9453125
113968.7890625
113567.234375
113143.484375
112776.0078125
112379.1953125
112126.8125
111918.4375
111666.6328125
111360.8203125
111026.1171875
110688.484375
110345.890625
110049.5703125
109765.890625
109511.7890625
109318.609375
109122.5390625
108921.71875
108697.03125
108458.6484375
108197.7578125
107928.28125
107664.2109375
107391.640625
107130.7734375
106866.828125
