25400.0
25400.0
25400.0
25400.0
25400.0
25400.0
25400.0
25400.0
25400.0
25400.0
25400.0
25400.0
25400.0
25400.0
25400.0
25400.0
25400.0
25400.0
25400.0
25400.0
25400.0
25400.0
31330.84375
47057.34375
59793.890625
70149.1875
79257.734375
85966.96875
91128.3984375
95997.1015625
99819.359375
103525.03125
106838.75
110123.796875
115050.9921875
122543.5625
130729.734375
139881.765625
148663.3125
156503.796875
164057.578125
171246.875
172762.390625
166150.3125
160220.203125
155126.65625
150651.375
146573.96875
143753.796875
141484.0
139719.09375
138585.0625
137960.515625
137877.390625
138089.84375
138431.015625
138817.5625
139224.25
139523.90625
139565.0
139596.015625
139970.640625
140244.875
140336.671875
140322.296875
139842.234375
139171.171875
138642.234375
138072.09375
137232.6875
136181.0625
134949.15625
133776.8125
132852.640625
131813.015625
130745.53125
129580.6796875
128371.078125
127255.4296875
126113.78125
125015.484375
123863.890625
122746.8046875
121579.5234375
120407.265625
119301.5625
118202.4609375
117187.921875
116198.0
115259.2890625
114451.9609375
113603.625
112828.46875
112079.578125
111393.890625
110726.015625
110098.5859375
109523.5859375
108961.2421875
108426.75
107907.40625
107422.59375
107010.3203125
106583.9921875
106196.7421875
105823.3359375
105484.015625
105155.3671875
104846.8828125
104566.234375
104293.8203125
104045.890625
103804.3671875
103576.7890625
103377.890625
103169.3125
102979.0546875
102794.3203125
102626.3671875
102462.8828125
102310.171875
102171.46875
102037.2109375
101915.453125
101798.0078125
