25400.0
25400.0
25286.732421875
24751.50390625
24704.0859375
24785.048828125
24830.908203125
24842.34375
24848.5703125
24853.609375
24858.318359375
24864.064453125
24868.94140625
24872.416015625
24875.115234375
24877.025390625
25003.859375
29981.125
42260.15234375
55965.96875
72018.7265625
85478.375
97599.75
107406.0859375
115048.734375
119765.234375
119592.5546875
118816.75
117802.7578125
116845.609375
115747.234375
114791.25
113713.34375
112644.9921875
111501.8203125
110402.21875
109384.25
108398.3671875
107525.1015625
106706.53125
105938.0078125
105290.625
104619.5078125
103940.09375
103443.40625
103163.59375
102941.2734375
102953.6796875
103171.6796875
103338.6015625
103496.8671875
103996.7890625
104693.109375
105129.109375
105583.140625
106018.015625
106266.4765625
106467.328125
106574.84375
106601.7578125
106591.8359375
106583.125
106460.984375
106219.3515625
106018.7578125
105894.515625
105950.1328125
106177.8046875
106345.015625
106362.078125
106285.671875
106197.375
106136.1328125
106079.9296875
106059.40625
106084.140625
106130.1015625
106188.3359375
106257.03125
106313.859375
106363.4140625
106423.46875
106507.0390625
106604.4453125
106722.3125
106852.9453125
106985.2578125
107126.5234375
107270.96875
107400.7890625
107543.0546875
107680.953125
107819.8671875
107959.1484375
108114.390625
108263.015625
108402.0546875
108449.015625
108510.03125
108623.5859375
108758.046875
108872.875
109027.8515625
109256.1328125
109651.703125
109994.6796875
110314.90625
110606.0703125
110857.7421875
111101.015625
111320.234375
111531.3828125
111711.6640625
111864.5078125
112029.8203125
112181.5546875
112326.890625
112453.0703125
112573.9296875
112688.75
112792.09375
112984.3671875
113144.09375
113265.3984375
