25400.0
25400.0
25400.0
25276.1796875
25002.197265625
25002.197265625
25002.197265625
25002.197265625
25002.197265625
25002.197265625
25071.62890625
25091.330078125
25097.705078125
25101.931640625
25106.08984375
25108.640625
25110.62109375
25112.3671875
25113.974609375
25115.35546875
25116.611328125
25117.470703125
25116.671875
25121.1171875
29736.939453125
42612.09765625
54691.40625
66333.609375
76150.53125
84440.4765625
91078.03125
96434.0
101265.6015625
105243.3671875
108755.8984375
111753.78125
114416.78125
116745.984375
118714.5078125
120742.4921875
122575.78125
124211.4375
125650.671875
126810.609375
127529.78125
127834.8671875
128015.5234375
128250.625
128776.484375
129113.6953125
129661.28125
126746.6640625
123933.5234375
121465.8515625
119402.3125
117798.9921875
116356.921875
115527.84375
114731.171875
114112.9765625
113814.6953125
113571.8125
113486.9296875
113516.8046875
113643.6796875
113640.078125
113629.390625
113452.484375
113269.203125
113848.9140625
114151.1875
114375.6640625
114617.359375
114881.4921875
115155.4296875
115450.984375
115722.328125
115966.3828125
116157.5
116290.171875
116399.234375
116489.0546875
116534.3203125
116601.8828125
116649.0546875
116682.84375
116735.8671875
116777.46875
116807.1171875
116842.9375
116882.6328125
116917.3984375
116935.3671875
116943.7578125
116944.140625
116929.828125
116899.0859375
116847.5390625
116835.1015625
116829.546875
116821.46875
116788.5234375
116718.7421875
116629.8515625
116519.640625
116427.59375
116330.3125
116232.7890625
116122.0625
116007.953125
115910.828125
115788.296875
115697.7734375
115693.6171875
115844.84375
115961.7265625
116081.8046875
116188.640625
116289.3984375
116325.484375
116277.4765625
116249.9375
116247.28125
116233.328125
116201.1875
116140.359375
