25400.0
25400.0
25400.0
25400.0
25400.0
25400.0
25400.0
25400.0
25400.0
25400.0
25400.0
25400.0
25400.0
25400.0
25400.0
25400.0
25400.0
25400.0
25400.0
25400.0
25400.0
25400.0
25400.0
25400.0
25400.0
25400.0
25400.0
25400.0
25400.0
25400.0
25400.0
25400.0
25400.0
25400.0
25400.0
25400.0
25400.0
25400.0
25400.0
25400.0
25400.0
35538.67578125
50693.90234375
59846.53125
64818.25
67350.0546875
68979.15625
70913.0234375
72965.953125
74679.2890625
76703.75
78714.53125
80712.28125
82606.125
84574.21875
86605.0546875
88352.4296875
89978.8671875
91475.3203125
92963.6640625
94485.765625
96052.1875
97869.4453125
99750.890625
101757.84375
103861.1484375
105791.96875
107962.6640625
110193.3359375
112750.34375
115436.4375
118181.7578125
120860.9140625
123661.6328125
125110.515625
125609.265625
126249.15625
126938.640625
127639.203125
128111.21875
128205.3203125
127972.5234375
127527.7265625
126916.2578125
126193.1328125
125375.875
124443.4296875
123491.6015625
122588.6640625
121951.8125
121433.0546875
121201.3671875
121118.265625
120902.0546875
120584.4375
120182.6484375
119732.203125
119269.7421875
118774.3671875
118282.0
117785.1015625
117313.5390625
116901.9609375
116475.5
116182.59375
116072.1953125
115911.8359375
115717.796875
115543.1875
115357.40625
115137.6484375
114906.890625
114657.1953125
114398.734375
114160.3671875
113890.2265625
113621.8984375
113420.0234375
113246.3828125
112885.953125
112492.421875
112113.4140625
111721.0
111362.7734375
111027.359375
