25400.0
25400.0
25400.0
25400.0
25400.0
25400.0
25400.0
25400.0
25400.0
25400.0
25400.0
25400.0
25400.0
25400.0
25400.0
25400.0
25400.0
25400.0
25400.0
25400.0
25400.0
25400.0
25400.0
25400.0
30181.1953125
51230.25390625
70274.609375
84642.6015625
96247.34375
106755.5234375
114718.6484375
121898.359375
127529.7265625
131748.53125
135011.671875
137856.703125
140167.640625
141987.5
143103.375
143507.0
143402.34375
143055.984375
142918.15625
142988.328125
144410.25
148491.390625
147203.765625
142194.65625
137993.671875
134481.578125
132117.984375
129692.7109375
127422.8359375
125622.8046875
124343.25
123053.6640625
122020.375
121174.5859375
120514.125
119944.0
119508.8828125
119302.53125
119455.3828125
119637.8828125
119853.9609375
120096.8515625
120329.96875
120577.265625
120744.984375
120937.890625
121104.5
121208.390625
121251.171875
121243.0390625
121218.4140625
121191.34375
121152.671875
121091.2890625
121003.90625
120867.421875
120768.078125
120691.2265625
120558.4375
120411.984375
120262.546875
120104.5703125
119873.65625
119641.1953125
119391.96875
119132.28125
118885.5
118598.3828125
118321.4140625
118041.359375
117773.7421875
117529.1875
117313.8671875
117125.5546875
117046.3515625
116969.546875
116872.6796875
116760.953125
116644.7578125
116486.2421875
116315.875
116125.1640625
115928.578125
115712.9296875
115419.703125
115144.4296875
114880.3515625
114632.0546875
114364.7109375
114090.546875
113839.5625
113554.140625
113264.5546875
112954.1328125
112641.4375
112318.0859375
111995.4765625
111687.0703125
111372.53125
111076.6640625
110778.875
