25400.0
25400.0
25400.0
25400.0
25181.71484375
25181.71484375
25181.71484375
25181.71484375
25181.71484375
25181.71484375
25181.71484375
25181.71484375
25181.71484375
25181.71484375
25181.71484375
25181.71484375
25181.71484375
25181.71484375
25181.71484375
25181.71484375
25181.71484375
25181.71484375
25181.71484375
25181.71484375
25181.71484375
25181.71484375
25181.71484375
35079.71484375
51467.24609375
64834.28515625
77574.78125
87313.3671875
96270.0703125
104557.984375
112116.7265625
118665.65625
124117.21875
128692.4921875
132451.0625
135977.34375
138818.796875
140861.953125
142576.453125
143946.171875
145204.421875
146347.3125
147335.828125
146071.734375
143073.15625
140271.296875
137731.828125
135191.703125
132713.953125
130629.421875
128521.453125
126639.734375
124756.828125
122942.1484375
121058.96875
119728.4453125
118663.1171875
118002.7265625
117116.359375
115967.1796875
114995.4609375
114320.6875
113579.609375
112858.8125
112326.1796875
111897.5703125
111606.1328125
111456.2421875
111182.03125
110910.4765625
110756.90625
110683.140625
110642.8515625
110603.3671875
110553.7734375
110505.3359375
110449.8515625
110396.7734375
110354.125
110337.03125
110304.6796875
110236.625
110129.4921875
110008.265625
109881.453125
109761.6796875
109623.21875
109479.6484375
109325.015625
109170.140625
109005.484375
108836.734375
108673.640625
108508.984375
108351.4140625
108188.6328125
108024.8984375
107875.3359375
107709.03125
107547.75
107381.359375
107220.734375
107054.9765625
106889.71875
106738.625
106588.9140625
106445.4140625
106300.4140625
106160.8671875
106039.375
105909.1328125
105786.03125
105662.1015625
105544.9296875
105427.328125
105313.2578125
105206.2578125
105099.4296875
104999.7421875
104900.875
