25400.0
25400.0
25400.0
25284.958984375
25284.958984375
25284.958984375
25284.958984375
25284.958984375
25284.958984375
25284.958984375
25284.958984375
25284.958984375
25284.958984375
25284.958984375
37498.4609375
63772.3359375
89887.0
109735.5
124689.0703125
134881.109375
133961.453125
131954.5625
129224.5
126212.4453125
123407.125
120947.046875
118580.4921875
116392.4921875
114311.3671875
112196.921875
110426.4765625
108712.546875
107399.6640625
106618.8359375
105978.375
105417.234375
104958.734375
104883.6796875
104686.2734375
104497.5234375
104338.375
104061.828125
103846.796875
103813.9921875
103817.6640625
103748.171875
103678.3515625
103642.9140625
103678.453125
103736.640625
103794.1796875
103852.1875
103947.796875
104070.1953125
104173.1328125
104290.078125
104407.390625
104528.1171875
104649.3046875
104779.7265625
104910.2265625
105031.5859375
105139.3359375
105248.3046875
105348.609375
105445.609375
105527.2890625
105594.9296875
105629.4609375
105644.4609375
105648.53125
105656.4765625
105699.2578125
105712.8671875
105709.453125
105680.6484375
105629.75
105582.9765625
105538.828125
105484.2421875
105435.7265625
105396.5078125
105401.890625
105406.109375
105412.1640625
105414.34375
105409.3359375
105392.359375
105349.3203125
105289.328125
105228.515625
105158.8828125
105092.2890625
105024.3828125
104953.5234375
104851.1484375
104707.6640625
104551.53125
104377.671875
104203.890625
104024.4375
103846.5234375
103686.859375
103513.3125
103361.9921875
103220.3359375
103097.453125
102975.4921875
102859.03125
102774.1484375
102874.890625
102962.90625
103025.8359375
103066.25
103088.3125
103100.9765625
103105.9296875
103105.4765625
103101.921875
103097.2421875
103090.4921875
103096.625
103136.640625
103176.6953125
103237.0859375
