25400.0
25400.0
25400.0
25400.0
25400.0
25400.0
25400.0
25400.0
25400.0
25400.0
25400.0
25400.0
25400.0
25400.0
25400.0
25400.0
25400.0
25400.0
25400.0
25400.0
25400.0
25400.0
25400.0
25400.0
25400.0
25400.0
25400.0
25400.0
25400.0
25400.0
25400.0
25400.0
25400.0
25400.0
25400.0
34761.40234375
49147.0234375
59774.08984375
68394.734375
74467.3828125
81057.2109375
87174.7421875
92314.2890625
97257.5703125
101356.2265625
104706.7109375
107470.8046875
109986.375
112265.15625
114247.875
116064.328125
117643.4296875
119114.6953125
120511.546875
121700.8984375
122847.0078125
123910.90625
124970.5546875
125960.2421875
126949.5390625
127877.734375
128793.7109375
129766.265625
130665.2421875
131585.78125
132611.0625
133579.609375
134611.515625
135557.703125
136563.03125
137626.953125
138819.46875
140085.953125
143334.71875
145856.765625
144796.203125
142346.984375
140390.546875
138772.6875
137188.421875
135552.4375
133847.1875
132889.578125
131977.859375
130891.0859375
129849.7109375
128874.1015625
128128.3046875
127583.328125
127612.359375
127783.34375
128024.3828125
128426.03125
128840.5078125
129225.59375
129608.828125
129980.6015625
130331.6953125
130688.453125
131026.375
131363.109375
131736.4375
132116.71875
132531.109375
132974.953125
133547.296875
133989.015625
134397.703125
134760.109375
135065.0625
135328.078125
135492.484375
135583.5
135600.609375
135500.71875
135283.65625
135041.78125
134761.765625
134454.265625
134105.28125
133716.203125
133307.125
132870.21875
132474.453125
132042.421875
