17786.3515625
16520.185546875
15396.5771484375
14550.4892578125
14086.9375
13799.3857421875
13690.77734375
14028.294921875
14509.6728515625
15040.28125
15542.390625
16033.267578125
16492.44140625
16907.525390625
17309.01953125
17673.625
18029.701171875
18369.83984375
18667.9296875
18984.673828125
19287.193359375
19594.173828125
19908.2890625
20263.0625
21437.767578125
26795.53515625
32468.16015625
37396.87890625
43568.94140625
48064.69140625
50592.203125
52623.4453125
54460.31640625
56283.23828125
57920.53515625
59564.80859375
61118.2578125
62404.9765625
63555.375
64570.1328125
65551.7890625
66516.921875
67338.578125
68159.5703125
68878.2578125
69549.828125
70138.1015625
70703.96875
71253.6484375
71749.3125
72234.984375
72779.7109375
73369.6015625
73944.3046875
74438.3359375
74958.2421875
75462.6015625
75995.078125
76545.1953125
77094.390625
77627.3203125
78135.1640625
78661.2109375
79178.1953125
79713.6796875
80217.46875
80682.5703125
81207.96875
81720.7890625
82254.046875
82768.078125
83294.3125
83808.359375
84291.3203125
84771.6484375
85244.328125
85733.0546875
86322.671875
86954.78125
87607.7109375
88204.9375
88901.09375
89553.9296875
90176.9765625
90755.1953125
91278.8125
91788.453125
92237.96875
92670.171875
93079.0625
93435.28125
93817.6015625
94150.8125
94444.4453125
94691.8203125
94911.265625
95109.484375
95307.0546875
95497.6171875
95658.5703125
95802.53125
95930.984375
96038.8203125
96155.984375
96287.671875
96435.1171875
96578.3125
96724.1171875
96866.875
97001.46875
97138.4453125
97270.171875
97406.34375
97669.6328125
97938.6796875
98215.0859375
98456.6953125
98679.1796875
98870.53125
99045.8359375
99200.59375
99345.84375
99497.515625
99648.40625
99791.8515625
