25400.0
25400.0
25381.31640625
24934.15234375
24749.98828125
24749.98828125
24799.572265625
24823.240234375
24826.619140625
24828.802734375
24831.005859375
24833.27734375
24835.44140625
24837.400390625
24840.3828125
24842.080078125
24842.5078125
24842.435546875
24877.076171875
38098.90234375
57272.35546875
78754.609375
94681.5
109084.3203125
122600.75
132244.578125
139044.9375
143851.46875
146922.625
143887.671875
140067.453125
136083.640625
132509.828125
129017.109375
125956.515625
123052.046875
120410.1640625
118191.7421875
116154.65625
114318.53125
112749.4453125
111345.2421875
110230.3828125
109140.6015625
108349.6328125
107700.4375
107116.3046875
106676.4921875
106218.421875
105736.8515625
105409.25
105287.59375
105287.46875
105382.078125
105489.9921875
105600.8984375
105684.2890625
105798.8046875
105914.1953125
106047.5078125
106209.5703125
106376.1796875
106537.2890625
106676.09375
106810.7578125
106942.875
107063.390625
107195.453125
107315.3125
107435.6875
107557.1796875
107708.5078125
107882.8828125
108046.484375
108208.7734375
108361.1015625
108514.859375
108675.8515625
108821.5703125
108943.828125
109033.2265625
109103.15625
109155.28125
109184.8203125
109185.5859375
109171.0703125
109134.6640625
109074.9296875
108994.171875
108901.5
108810.8203125
108704.46875
108598.40625
108484.3046875
108382.734375
108343.8828125
108423.28125
108444.953125
108414.8828125
108356.015625
108271.9453125
108169.3671875
108061.6484375
107929.6015625
107814.3125
107681.46875
107533.59375
107366.28125
107189.578125
107013.375
106830.96875
106655.9140625
106478.3984375
106305.140625
106153.0234375
105990.8359375
105839.2734375
105691.984375
105557.0234375
105425.3125
105308.203125
105198.953125
105087.265625
104979.7109375
104870.390625
