25400.0
25400.0
25313.720703125
24670.748046875
24522.349609375
24408.556640625
24393.08203125
24391.724609375
24392.80078125
24394.45703125
24396.3046875
24398.138671875
24399.82421875
24401.884765625
24404.095703125
24406.900390625
24414.9765625
25613.259765625
38293.46875
54009.0390625
72133.703125
88390.3828125
102416.8046875
107616.7421875
111504.984375
114491.203125
116406.2421875
117578.140625
118250.5703125
118680.34375
118982.953125
118968.21875
118659.28125
118162.71875
117547.1953125
116851.1875
116121.828125
115601.0703125
115198.921875
114691.8203125
114143.8984375
113620.625
112984.6171875
112412.65625
111889.03125
111451.203125
110991.234375
110555.90625
110105.359375
109593.09375
109075.390625
108549.1875
108045.1015625
107762.09375
107222.265625
106680.203125
106141.671875
105599.625
105080.46875
104649.90625
104475.9765625
104293.8671875
103918.9765625
103566.875
103227.3671875
103002.8046875
102845.0625
102686.78125
102595.734375
102637.1015625
102628.4140625
102581.859375
102500.125
102426.46875
102349.0625
102360.484375
102379.484375
102363.1171875
102316.8671875
102234.390625
102135.0703125
102022.4921875
101954.8125
101971.5
102009.2578125
102039.71875
102077.515625
102108.84375
102118.0859375
102099.328125
102067.375
102032.5703125
102001.7109375
101977.3984375
101968.2265625
101972.3984375
101990.5390625
102016.4453125
102049.625
102080.0703125
102107.2421875
102127.9296875
102140.4921875
102148.6328125
102154.140625
102159.96875
102175.2109375
102199.6796875
102228.21875
102262.8515625
102304.484375
102347.46875
102389.796875
102441.03125
102481.609375
102518.609375
102550.4296875
102579.640625
102608.8828125
102643.1015625
102680.703125
102719.359375
102760.203125
102799.0546875
102838.1953125
