25400.0
25400.0
25181.564453125
24711.978515625
24646.03125
24717.955078125
24732.283203125
24736.78125
24740.162109375
24743.955078125
24747.615234375
24751.1015625
24754.7890625
24758.736328125
24761.234375
24761.76171875
24806.19921875
36959.7890625
54194.25
74757.015625
89884.546875
98404.4453125
105434.2890625
112649.5234375
116608.296875
116063.9921875
115398.6171875
114564.7578125
113436.6015625
112471.9921875
111673.171875
110791.734375
109948.5703125
109093.8671875
108327.34375
107555.9609375
106818.21875
106184.53125
105644.4921875
105176.140625
104781.8984375
104422.3515625
104091.3515625
103805.9453125
103571.890625
103359.34375
103179.0078125
103022.9296875
103232.546875
103233.3515625
103239.953125
103270.3125
103322.4140625
103375.6015625
103422.421875
103474.6796875
103514.4140625
103495.2578125
103491.5625
103532.1953125
103507.4765625
103507.40625
103740.3515625
103898.2578125
104040.125
104174.078125
104244.6484375
104185.34375
104066.03125
103948.125
103854.9765625
103800.203125
103857.1328125
103973.796875
104086.21875
104230.4375
104357.828125
104464.9765625
104541.8359375
104609.9140625
104666.09375
104724.78125
104807.953125
104937.15625
105107.0546875
105309.7265625
105534.7734375
105748.0234375
105953.734375
106157.796875
106346.5234375
106561.84375
106771.4296875
106992.609375
107198.7265625
107392.9375
107545.4375
107660.7265625
107754.1171875
107824.6953125
107875.1484375
107912.8828125
107995.9375
108137.453125
108285.3046875
108415.65625
108519.9140625
108582.3515625
108633.6171875
108681.734375
108726.5703125
108759.59375
108778.2890625
108784.515625
108785.984375
108846.5625
108917.3125
109074.65625
109164.703125
109251.890625
109351.6484375
109454.421875
109559.171875
109651.5234375
109729.4375
