25400.0
25400.0
25400.0
25400.0
25400.0
25400.0
25400.0
25400.0
25400.0
25400.0
25400.0
25400.0
25400.0
25400.0
25400.0
25400.0
25400.0
25400.0
25400.0
25400.0
25400.0
25400.0
25400.0
25400.0
25400.0
25400.0
25400.0
25400.0
25400.0
25400.0
25400.0
25400.0
25400.0
25400.0
25400.0
25400.0
25400.0
30322.521484375
39571.6484375
46290.66015625
52814.84375
59092.89453125
66787.3515625
74332.96875
79184.390625
82245.1484375
85607.96875
90195.046875
95895.9765625
101485.25
106763.2109375
112056.9453125
117155.5546875
121901.7734375
127001.8203125
131412.0
135693.296875
139665.484375
143464.3125
146967.65625
150102.328125
153124.1875
155749.421875
158168.390625
160404.703125
162252.75
160530.265625
157715.609375
155065.59375
152566.015625
150023.75
147575.875
145313.5625
143105.84375
141187.34375
139132.90625
136975.046875
135151.640625
133436.78125
132151.328125
130881.765625
129673.578125
128422.2578125
127683.7578125
126698.2265625
125667.3359375
124972.8515625
124295.375
123500.7578125
122855.2578125
122145.734375
121493.7109375
120929.78125
120491.234375
120123.53125
119824.421875
119570.5234375
119328.3359375
119141.34375
119009.2578125
118923.609375
118840.4375
118751.4921875
118695.296875
118668.7890625
118671.3203125
118693.5390625
118735.6875
118814.515625
118911.8203125
119005.109375
119098.5859375
119172.6640625
119217.3125
119269.515625
119323.5625
119386.1796875
119447.7421875
119509.0859375
119565.296875
119612.765625
119652.8125
119678.1484375
119695.5390625
