25400.0
25400.0
25400.0
25400.0
25400.0
25400.0
25400.0
25400.0
25400.0
25400.0
25400.0
25400.0
25400.0
25400.0
25400.0
25400.0
25400.0
25400.0
25400.0
25400.0
25400.0
25400.0
25400.0
25400.0
25400.0
25400.0
25400.0
25400.0
25400.0
25400.0
25400.0
25400.0
25400.0
25400.0
25400.0
25400.0
25400.0
25400.0
25400.0
25400.0
25400.0
25400.0
27415.162109375
35014.1953125
40698.7421875
44566.88671875
47702.88671875
50574.5703125
53201.80859375
55809.6640625
58403.79296875
60876.515625
63686.30078125
66922.0
69667.2890625
73169.9375
76551.0
79952.15625
83182.703125
85891.9921875
88268.0
91284.546875
95383.9453125
100119.375
104446.7734375
108417.2734375
112413.53125
116831.640625
121033.125
125105.1015625
128913.7578125
133052.5625
137432.1875
141422.453125
145311.25
148805.40625
152048.140625
155083.53125
157582.46875
159879.28125
161950.3125
164003.125
165747.8125
167306.078125
169133.3125
171009.28125
172949.828125
174844.046875
176557.546875
178067.203125
179622.921875
184670.4375
187360.328125
188983.125
194599.28125
202254.375
210509.671875
208031.75
203671.5
200851.5
198772.71875
197450.8125
196563.484375
195333.4375
194094.53125
192702.671875
191261.609375
189508.84375
187848.6875
186269.671875
184574.109375
182729.53125
180713.703125
178324.71875
176147.125
173796.71875
171440.9375
169371.703125
167672.421875
165791.96875
163770.203125
161890.890625
160116.046875
158413.203125
156620.265625
