25400.0
25400.0
25400.0
25400.0
25400.0
25400.0
25400.0
25400.0
25400.0
25400.0
25400.0
25400.0
25400.0
25400.0
25400.0
25400.0
25400.0
25400.0
25400.0
25400.0
25400.0
25400.0
25400.0
25400.0
25400.0
25400.0
25400.0
25400.0
25400.0
25400.0
25400.0
25400.0
25400.0
25400.0
25400.0
25400.0
25400.0
29206.974609375
41412.48828125
49412.04296875
54846.6171875
59054.90234375
62319.08203125
65380.62890625
67927.0703125
69800.7265625
71207.25
72423.75
73587.53125
74699.4765625
75777.28125
76758.375
77834.328125
78837.4296875
79693.59375
80604.0
81432.8203125
82238.5546875
82979.2109375
83733.46875
84440.3671875
85149.8046875
85790.34375
86390.8359375
87019.4453125
87684.6328125
88358.484375
89178.046875
90175.5859375
91384.3515625
93034.6484375
95141.234375
97517.125
99142.8828125
100998.8359375
104721.65625
110777.7734375
115903.953125
120145.3671875
124711.46875
129579.921875
135768.84375
142121.0625
148946.015625
156995.96875
165360.140625
174654.421875
183503.265625
192637.90625
201507.21875
209726.0625
220708.140625
233166.34375
243795.046875
256857.59375
247118.859375
240490.390625
234884.984375
229295.6875
224560.84375
222275.203125
220150.046875
216384.859375
213420.96875
210195.34375
206920.28125
203924.484375
201474.390625
198720.265625
195729.9375
192782.015625
190159.78125
187337.359375
184088.25
180699.03125
177632.84375
174077.75
170719.28125
167503.8125
164544.296875
161590.109375
158674.71875
156041.484375
153381.734375
150899.03125
148414.703125
