25400.0
25400.0
25400.0
25044.7109375
24678.10546875
24746.869140625
24765.42578125
24767.53125
24769.232421875
24771.298828125
24773.564453125
24775.830078125
24777.9375
24780.021484375
24782.966796875
24784.7421875
24786.279296875
24786.05078125
24787.875
25918.4609375
40941.0078125
58152.84765625
76572.7734375
91050.5625
103314.09375
114211.484375
124256.8125
132661.875
138943.90625
143235.46875
146677.96875
145928.28125
142366.515625
139162.25
136054.625
133109.296875
130412.15625
127870.4765625
125352.1796875
122830.6796875
120515.9453125
118529.1171875
116559.390625
115224.8671875
113773.3671875
112482.2421875
111238.1640625
110318.6953125
109652.5
108996.4609375
108429.21875
107791.1875
107223.6171875
106849.484375
106544.8359375
106360.2421875
106322.828125
106364.734375
106408.515625
106421.515625
106402.890625
106367.640625
106359.84375
106413.125
106509.125
106603.140625
106693.1640625
106722.2734375
106719.25
106719.4375
106740.359375
106779.265625
106832.09375
106857.4921875
106888.1953125
106930.296875
106978.140625
107024.8515625
107075.25
107120.8203125
107177.6796875
107298.6015625
107400.4609375
107468.0625
107512.9921875
107541.9375
107558.234375
107567.734375
107569.6328125
107558.4921875
107536.609375
107510.4453125
107487.5078125
107476.203125
107456.8125
107427.6015625
107395.6171875
107360.8203125
107325.046875
107284.984375
107240.7890625
107194.90625
107135.9609375
107072.515625
107000.2890625
106940.421875
106870.3515625
106793.9921875
106716.1484375
106609.1640625
106506.1328125
106400.2734375
106292.046875
106191.296875
106074.8671875
105958.7265625
105832.203125
105707.96875
105580.4296875
105454.9453125
105334.2734375
105211.28125
105089.7890625
104961.265625
