25400.0
25400.0
25077.388671875
24579.953125
24743.107421875
24340.1953125
23958.142578125
23703.498046875
23663.708984375
23659.94140625
23663.080078125
23668.46875
23678.19921875
23689.91796875
23704.275390625
23721.892578125
23745.392578125
23777.009765625
23817.125
23873.755859375
23942.318359375
24041.357421875
24176.29296875
24344.60546875
24658.72265625
24878.701171875
24982.4140625
25020.943359375
25034.91015625
25040.69140625
25043.76953125
25045.458984375
25043.46484375
25157.966796875
25503.62109375
26570.802734375
29179.986328125
34408.11328125
41162.81640625
48443.28125
55428.9296875
62069.09375
68605.5625
74134.78125
78554.796875
82455.8515625
85723.0703125
88771.2109375
91519.734375
93745.5234375
95596.6328125
97044.34375
98349.7890625
99617.375
100771.1953125
102440.421875
104056.0
105574.515625
106923.4140625
108206.5
109377.1953125
110389.265625
111340.5625
112200.78125
113045.3828125
113830.703125
114452.6953125
115015.21875
115623.6015625
116304.875
117013.9921875
117741.609375
118379.171875
118914.65625
119421.8828125
119922.15625
120432.453125
120913.6484375
121320.3125
120037.8203125
119000.5546875
118051.84375
117153.125
116248.875
115374.3828125
114567.7734375
113825.125
113180.15625
112540.1171875
111921.78125
111388.0859375
110835.6953125
110324.6640625
109856.6171875
109334.2890625
108862.6796875
108472.0
108095.5625
107809.515625
107729.359375
107672.796875
107602.546875
107498.828125
107394.0625
107299.8984375
107229.4921875
107143.2890625
107036.734375
106946.59375
106860.2734375
106765.875
106644.59375
106504.265625
106387.7421875
106331.421875
106285.0
106242.3515625
106243.0390625
106262.640625
106283.6484375
106338.0234375
106388.421875
106427.0546875
106448.921875
106409.6640625
