25400.0
25400.0
25400.0
25400.0
25327.619140625
25327.619140625
25327.619140625
25327.619140625
25327.619140625
25327.619140625
25327.619140625
25327.619140625
25327.619140625
25327.619140625
25327.619140625
25327.619140625
25327.619140625
25327.619140625
25327.619140625
25327.619140625
25327.619140625
25327.619140625
25327.619140625
25327.619140625
31106.5546875
49461.68359375
66104.625
80999.421875
93574.9453125
103552.8671875
113399.6640625
122270.9375
129708.78125
135763.15625
140941.25
145417.21875
148949.375
151668.84375
153632.3125
153977.78125
150193.09375
147104.3125
143877.3125
141038.453125
137913.28125
135155.453125
132612.09375
130319.0234375
128302.203125
126265.0390625
124263.8984375
122356.7109375
121537.390625
121078.8125
120170.7109375
119238.5078125
118643.421875
118286.7109375
118105.46875
118191.921875
118273.96875
118312.0625
118540.3671875
118940.4609375
119377.3828125
119739.5390625
120074.4453125
120378.6640625
120671.2734375
120997.6328125
121293.5859375
121652.9609375
122062.1328125
122518.5703125
122952.515625
123355.6328125
123684.5546875
123855.0546875
123848.640625
123685.7109375
123383.5625
123029.6484375
122628.328125
122225.1796875
121862.5390625
121483.3828125
121111.0546875
120722.328125
120324.546875
119957.46875
119544.328125
119140.359375
118720.40625
118308.65625
117877.796875
117451.625
117046.7109375
116636.1796875
116245.8359375
115848.9765625
115458.5703125
115111.3125
114733.4453125
114373.484375
113986.203125
113611.375
113242.9609375
112890.234375
112560.7265625
112233.1015625
111923.71875
111611.0546875
111304.5625
111031.5234375
110732.4140625
110448.140625
110157.3359375
109880.84375
109601.90625
109329.2421875
109071.4453125
108811.0
108564.078125
108314.3203125
