25400.0
25400.0
25094.015625
24542.79296875
24648.123046875
24389.12109375
24263.90625
24223.466796875
24212.29296875
24210.697265625
24213.556640625
24217.37109375
24221.595703125
24225.767578125
24229.82421875
24235.99609375
24244.490234375
24255.662109375
24269.708984375
24285.181640625
24307.796875
24338.109375
24383.642578125
24450.23828125
24913.796875
25123.76171875
25241.72265625
25822.685546875
27697.884765625
32557.2421875
40966.62109375
49984.1953125
60033.31640625
69879.203125
75338.3046875
79741.3828125
84389.9296875
87495.7890625
89346.0859375
90751.2578125
91680.484375
92338.15625
92982.546875
93726.4609375
94523.3203125
95235.8046875
95890.921875
96453.578125
96951.1484375
97382.5625
97855.71875
98278.9375
98592.21875
98850.0625
99146.3359375
99496.6171875
99884.4296875
100235.9375
100569.4765625
100889.28125
101197.390625
101453.2578125
101635.875
101749.2421875
101925.5390625
102194.3984375
102480.25
102799.234375
103424.6796875
104081.890625
104662.203125
105082.3046875
105277.546875
105378.265625
105419.796875
105403.921875
105321.3046875
105157.28125
104976.90625
104776.8828125
104556.5546875
104528.078125
104539.578125
104579.9921875
104642.9921875
104724.09375
104814.2734375
104979.7890625
105203.734375
105436.90625
105657.90625
105847.7890625
106043.3046875
106223.859375
106401.53125
106565.71875
106749.03125
106905.9453125
107050.0703125
107193.1875
107322.5859375
107474.0390625
107646.140625
107792.515625
107941.7109375
108024.2578125
108079.7109375
108238.765625
108458.75
108662.7109375
108845.9765625
109025.859375
109218.1875
109373.703125
109501.5546875
109588.078125
109620.7890625
109587.4921875
109487.671875
109334.8515625
109187.671875
108985.984375
108743.8828125
108475.0390625
108170.9140625
107867.359375
107542.09375
