25400.0
25400.0
25400.0
25399.931640625
25245.43359375
25225.791015625
25225.791015625
25225.791015625
25225.791015625
25225.791015625
25225.791015625
25225.791015625
25225.791015625
25225.791015625
25225.791015625
25225.791015625
25225.791015625
25225.791015625
25225.791015625
25225.791015625
25225.791015625
25225.791015625
25225.791015625
25225.791015625
25225.791015625
30825.5859375
41939.51171875
50137.94921875
59646.484375
66011.9296875
70449.5625
74750.625
78548.625
82774.6015625
86584.4765625
90006.8984375
93194.4375
96409.1015625
99788.484375
102951.7890625
106125.0390625
109261.515625
113101.765625
116959.4609375
120509.5
124790.078125
129027.390625
128585.5390625
128382.84375
128428.5390625
128279.2734375
127800.0234375
127029.65625
125841.0703125
124160.3984375
122473.28125
121184.7109375
120091.828125
119152.0234375
118526.8046875
118071.0859375
117532.6328125
116942.3671875
116342.8515625
115701.8125
115601.046875
115203.6796875
114730.4765625
114284.5703125
113801.3515625
113326.6171875
112825.25
112493.96875
112210.1796875
111853.828125
111454.3046875
111036.7265625
110634.8515625
110309.3125
110111.6484375
109865.96875
109543.96875
109303.3046875
109072.015625
108832.9921875
108597.296875
108403.5625
108293.1640625
108303.0234375
108334.09375
108320.9296875
108316.4609375
108343.640625
108395.6015625
108448.71875
108494.8515625
108533.96875
108578.765625
108638.921875
108722.6484375
108834.859375
108959.8046875
109098.171875
109240.59375
109370.421875
109515.6484375
109650.890625
109776.8046875
109885.5078125
109982.3203125
110061.1328125
110126.9921875
110188.8046875
110241.375
110295.890625
110341.828125
110369.765625
110380.0
110359.703125
110306.2265625
110235.2734375
110160.4375
110074.484375
110013.546875
109964.6484375
109923.421875
109888.796875
