25400.0
25400.0
25400.0
25145.359375
24935.5703125
24895.41796875
24895.41796875
24895.41796875
24895.41796875
24906.865234375
24956.23046875
24965.578125
24968.654296875
24970.595703125
24972.216796875
24973.73828125
24975.1015625
24976.42578125
24977.890625
24979.919921875
24981.220703125
24982.193359375
24983.138671875
24984.037109375
24984.88671875
24985.77734375
24986.5859375
24987.404296875
24988.185546875
24989.021484375
24989.6328125
24990.0546875
24989.212890625
24987.224609375
25008.814453125
30587.330078125
39083.5078125
42968.2421875
44528.19921875
45726.81640625
46969.35546875
48523.2265625
50112.11328125
51647.04296875
53501.265625
55451.26953125
57663.8125
60142.21484375
62441.72265625
63801.17578125
65041.84765625
66857.4375
69119.9140625
72210.3515625
74792.1640625
76752.9140625
78611.0625
80201.2734375
81753.8984375
83296.234375
84944.0703125
86758.34375
88549.9140625
90367.3984375
92341.859375
94443.203125
96437.890625
98180.828125
100085.0234375
101889.234375
103736.828125
105481.46875
107204.0234375
108861.484375
110441.84375
112067.4609375
113626.2578125
115241.046875
116985.59375
118687.8359375
120632.0703125
122723.40625
124958.59375
127130.5234375
129566.3515625
132111.921875
134621.140625
136618.234375
135680.765625
134933.1875
134232.0625
133590.515625
132849.203125
132094.421875
131326.625
130650.609375
129920.0859375
129200.578125
128593.9296875
127829.9140625
127157.984375
126428.0234375
125697.40625
125063.359375
124423.359375
123850.5390625
123281.375
122856.1171875
122726.359375
122659.3359375
122517.96875
122335.5234375
122134.8828125
122216.3515625
122390.890625
122302.890625
121971.1875
121591.2109375
121207.2890625
120834.4609375
120438.8984375
120030.6484375
119627.4140625
119259.734375
118910.296875
118535.7265625
