25400.0
24708.806640625
22891.2265625
21621.6171875
21345.69921875
22114.298828125
22657.908203125
23217.55859375
24213.099609375
24221.357421875
24235.1875
24257.46875
24315.03515625
27989.958984375
38745.625
48342.8984375
58642.19140625
68002.28125
74947.65625
80930.1171875
85494.6875
89180.1015625
92044.0078125
94384.109375
96263.8046875
97633.7578125
98732.3203125
99453.6171875
99981.65625
100349.40625
100732.4296875
101278.8671875
101689.859375
101997.859375
102225.0703125
102448.2109375
102563.28125
102602.25
102602.1484375
102574.8359375
102471.1484375
102347.984375
102217.4375
102082.4453125
101959.1640625
101862.640625
101743.0078125
101608.90625
101470.296875
101325.09375
101168.234375
101025.8046875
100878.328125
100728.140625
100595.0390625
100451.21875
100311.5546875
100149.1796875
99992.1953125
99839.6171875
99701.2109375
99581.6953125
99462.90625
99348.0234375
99225.59375
99086.15625
98963.203125
98828.9609375
98697.6484375
98567.0703125
98442.9375
98315.1640625
98187.1015625
98069.28125
97961.8125
97863.6328125
97754.0234375
97635.1796875
97543.390625
97447.671875
97368.875
97294.84375
97227.0546875
97156.5
97086.1484375
97023.8046875
96964.2265625
96919.6640625
96873.875
96822.9140625
96773.984375
96735.84375
96723.4140625
96702.46875
96679.921875
96663.046875
96667.796875
96792.6796875
97043.828125
97301.4375
97565.8671875
97934.4140625
98282.4765625
98636.25
98951.5703125
99257.1015625
99531.890625
99787.7421875
100014.15625
100205.1796875
100372.7421875
100509.90625
100652.1015625
100790.3359375
100893.5078125
100982.25
101049.1015625
101102.15625
101141.59375
101172.3125
101195.578125
101211.28125
101221.9140625
101232.09375
101242.8203125
