25400.0
25400.0
25400.0
25398.79296875
25217.984375
25217.984375
25217.984375
25217.984375
25217.984375
25217.984375
25217.984375
25217.984375
25217.984375
25217.984375
25217.984375
25217.984375
25217.984375
25217.984375
25217.984375
25217.984375
25217.984375
25217.984375
25217.984375
25217.984375
25217.984375
25217.984375
25217.984375
25222.259765625
25251.568359375
25261.296875
25265.158203125
25266.63671875
25267.291015625
25267.720703125
25267.689453125
25266.939453125
25265.703125
25263.34375
25262.587890625
29960.162109375
40283.93359375
48218.76171875
55487.8046875
61119.61328125
66096.5625
69241.9609375
71595.2578125
73614.7265625
75352.6171875
77167.7421875
78997.125
80784.8828125
82445.5234375
83844.6328125
85405.359375
86893.4921875
88328.9765625
89739.2734375
91107.7890625
92396.1796875
93540.0859375
94615.0546875
95585.5546875
96674.0234375
97899.7265625
99095.0078125
100500.359375
101952.8046875
103590.8515625
105231.328125
106974.703125
108898.3515625
110843.3359375
112881.484375
115262.1015625
118389.2109375
121516.25
124381.1484375
127783.453125
131326.90625
134769.34375
137860.5
140882.546875
144148.1875
147138.640625
150406.921875
154719.25
158900.109375
162565.40625
165506.0
168401.0625
169274.203125
165997.75
163085.75
160408.875
158003.734375
155793.0
153731.890625
152135.34375
150896.890625
149811.328125
148730.15625
147301.8125
145889.859375
144432.65625
143225.578125
142066.296875
140907.84375
139876.65625
138897.765625
138069.71875
137319.078125
136643.625
136090.953125
135539.21875
135048.546875
134570.359375
134116.09375
133653.265625
133213.09375
132821.65625
132402.890625
131973.0
131548.828125
