25400.0
25400.0
25163.55078125
24608.232421875
24629.162109375
24576.828125
24566.166015625
24565.234375
24567.541015625
24570.498046875
24573.3828125
24576.212890625
24578.90234375
24582.173828125
24584.609375
24586.876953125
24590.373046875
24652.59375
32179.0625
39918.44140625
47943.97265625
63816.19921875
80358.015625
93842.84375
106281.9375
116328.1953125
124554.90625
130986.046875
135670.953125
135844.453125
133327.546875
131115.859375
128711.1484375
126550.921875
124459.9375
122530.640625
120621.7265625
118810.1015625
117243.15625
115756.421875
114372.796875
113027.078125
111786.0703125
110751.7421875
109519.8046875
108358.5078125
107275.2890625
106770.1484375
106548.671875
106219.0859375
105692.8984375
105054.546875
104636.3671875
104215.8515625
103863.59375
103743.9765625
103537.2265625
103350.5390625
103116.734375
102835.3984375
102520.7890625
102271.8671875
102077.5078125
101892.96875
101729.0078125
101588.6328125
101474.6015625
101393.703125
101324.046875
101261.9609375
101201.1328125
101181.5703125
101171.546875
101151.8671875
101122.734375
101085.1875
101043.2734375
100996.4453125
100946.0625
100899.3984375
100846.1015625
100791.9140625
100734.6171875
100677.6484375
100619.421875
100568.546875
100523.2421875
100477.6875
100434.359375
100391.203125
100356.96875
100335.1171875
100320.71875
100364.0078125
100451.7109375
100557.2734375
100678.546875
100811.0
100950.6640625
101106.078125
101300.9140625
101545.265625
101803.2265625
102039.8671875
102299.9453125
102550.546875
102810.75
103037.09375
103216.4921875
103433.8125
103679.2109375
103925.5703125
104178.96875
104517.2421875
104860.375
105151.609375
105451.609375
105726.453125
106011.6484375
106315.2734375
106759.796875
107168.7109375
107488.0390625
107738.328125
107877.46875
108000.3359375
