25400.0
25400.0
24881.830078125
24757.3046875
24980.556640625
23038.716796875
22164.263671875
22118.712890625
22422.181640625
22829.064453125
23128.666015625
23289.484375
23763.767578125
24399.880859375
24737.955078125
24877.62890625
24925.021484375
24940.921875
24950.51953125
24960.265625
24971.564453125
24982.515625
24994.470703125
25005.83984375
25016.3046875
25015.18359375
25017.224609375
25023.09375
25030.6015625
25037.466796875
25044.57421875
25051.02734375
25069.177734375
25085.544921875
25095.673828125
25101.845703125
25105.732421875
25109.236328125
25112.046875
25114.28515625
25115.5546875
25129.119140625
25198.7890625
25402.1328125
25866.99609375
26946.841796875
29421.2890625
33464.5625
38215.8671875
42723.1796875
46600.41015625
50958.07421875
55403.19140625
59357.4296875
63541.90625
66374.390625
68486.6953125
69659.7734375
70873.640625
72063.109375
73292.640625
74596.375
75863.4609375
77053.5078125
78201.78125
79196.34375
80246.3125
81235.3359375
82233.0078125
83175.8984375
84132.3515625
85123.2890625
86110.7890625
87196.296875
88198.953125
89211.515625
90232.5859375
91139.53125
92128.390625
93058.078125
93981.09375
94842.7265625
95693.734375
96538.8671875
97446.15625
98373.1171875
99229.671875
100062.6171875
100861.1796875
101520.984375
102183.1953125
102773.1171875
103335.5703125
103838.8359375
104318.84375
104766.359375
105181.8984375
105587.7109375
105955.0234375
106326.3125
106689.578125
107007.59375
107337.5234375
107635.796875
107913.9375
108152.6640625
108327.1484375
108484.203125
108672.2265625
108847.25
108996.2265625
109148.3359375
109324.3984375
109447.515625
109725.03125
110020.9765625
110286.6796875
110521.6484375
110748.015625
110961.75
111156.8359375
111344.1796875
111510.265625
111674.984375
