25400.0
25400.0
25400.0
25400.0
25400.0
25400.0
25400.0
25400.0
25400.0
25400.0
25400.0
25400.0
25400.0
25400.0
25400.0
25400.0
25400.0
25400.0
25400.0
25400.0
25400.0
25400.0
25400.0
25400.0
25400.0
25400.0
25400.0
25400.0
25400.0
25400.0
25400.0
25400.0
25400.0
25400.0
25400.0
25400.0
25400.0
25400.0
25400.0
25400.0
25400.0
25400.0
25400.0
25400.0
25400.0
25400.0
25400.0
29287.4140625
40001.05078125
48104.640625
54543.60546875
60696.109375
67736.109375
74836.453125
81380.25
88643.1640625
95962.4453125
104517.2890625
112219.0625
119699.2578125
127310.140625
134422.578125
141232.75
147393.09375
153362.984375
159426.25
164625.921875
170044.6875
175491.734375
180411.953125
184665.953125
188690.53125
192533.390625
196219.3125
199831.375
202973.0
205841.09375
208384.578125
210418.890625
213781.171875
220277.140625
221928.203125
212189.890625
205480.84375
199341.8125
194343.765625
189881.640625
186559.59375
184414.4375
182544.125
180968.859375
179184.5
177331.28125
175366.4375
173206.203125
171029.796875
168903.453125
166912.3125
164961.4375
163062.65625
161090.640625
159140.578125
157400.703125
155538.78125
153937.078125
152311.1875
150726.890625
149090.9375
147468.5
145916.515625
144339.328125
142828.1875
141262.4375
139696.921875
138331.09375
136875.296875
135512.703125
134161.515625
132901.90625
131649.640625
130524.5234375
129503.6640625
128491.5234375
127653.6953125
126890.421875
