25400.0
25400.0
25400.0
25340.87890625
25057.521484375
24870.326171875
24855.765625
24855.765625
24855.765625
24891.150390625
24919.619140625
24926.3828125
24929.015625
24930.9375
24932.748046875
24934.556640625
24936.30859375
24938.26171875
24940.998046875
24942.716796875
24943.953125
24945.1171875
24946.107421875
24947.1171875
24948.017578125
24948.697265625
24948.7734375
24948.4609375
24947.09375
25664.900390625
35092.93359375
46928.78515625
54028.1640625
59553.7578125
65725.9765625
71527.0859375
77360.578125
82431.4921875
87172.78125
91319.90625
95203.328125
98985.8828125
102266.3984375
105642.9296875
108652.21875
111517.859375
114099.5625
116624.5078125
119200.3671875
121681.0234375
124206.3203125
126592.7421875
129041.328125
131401.96875
133566.609375
133350.515625
132165.125
131010.390625
129920.7578125
128810.5859375
127793.0
126811.234375
125796.4453125
124780.6796875
123803.015625
122929.28125
122218.5
121449.46875
120746.3828125
120032.71875
119473.5078125
118750.65625
118040.421875
117420.4921875
116803.421875
116204.7109375
115604.015625
114941.953125
114315.3515625
113622.828125
112972.4609375
112422.53125
112083.5546875
111925.2890625
111732.875
111442.75
111085.3984375
110695.921875
110310.828125
110019.34375
109792.6875
109588.0625
109389.6875
109195.9453125
108974.703125
108718.1015625
108429.5390625
108162.984375
107953.1328125
107840.8125
107845.2265625
107868.125
107906.2890625
107990.171875
108106.8828125
108263.921875
108453.90625
108649.7109375
108825.0859375
108971.359375
109097.875
109206.375
109317.1171875
109438.5390625
109560.6796875
109710.375
109867.015625
110036.0546875
110206.2734375
110394.1953125
110574.265625
110737.328125
110899.8125
111040.9765625
111188.7578125
