25400.0
25400.0
25400.0
25400.0
25400.0
25400.0
25400.0
25400.0
25400.0
25400.0
25400.0
25400.0
25400.0
25400.0
25400.0
25400.0
25400.0
25400.0
25400.0
25400.0
25400.0
25400.0
25400.0
25400.0
25400.0
25400.0
25400.0
25400.0
25400.0
25400.0
25400.0
25400.0
25400.0
25400.0
25400.0
25400.0
25400.0
25400.0
25400.0
25400.0
28986.162109375
36799.6875
41688.171875
45582.4140625
48749.43359375
51674.2421875
54391.61328125
57181.56640625
59919.93359375
62640.48828125
65970.03125
69162.8203125
72794.109375
76496.640625
79757.578125
83301.8046875
86024.1875
88617.0703125
91825.1171875
96481.71875
101477.78125
105781.28125
110152.3671875
114633.578125
119271.1796875
123688.7265625
127489.1015625
131693.421875
136179.359375
140580.9375
144575.84375
148422.265625
151861.234375
154965.03125
157825.390625
160166.96875
162424.015625
164568.515625
166178.328125
167906.0625
169828.375
171888.4375
173886.171875
175781.78125
177475.265625
179093.484375
183737.765625
187083.953125
188850.890625
195151.3125
202444.234375
211761.046875
206934.953125
202747.109375
200036.390625
198092.890625
196931.21875
195819.46875
194486.015625
193115.5625
191623.578125
189757.0625
188145.828125
186431.203125
184708.6875
182722.578125
180669.109375
178174.125
175640.296875
173228.03125
170744.078125
168717.828125
166820.8125
164768.953125
162863.546875
160876.640625
159091.5
157222.234375
155376.125
153474.265625
151566.71875
149754.25
147916.546875
146172.171875
144420.4375
