25400.0
25400.0
25400.0
25242.087890625
24832.048828125
24798.8359375
24832.951171875
24869.298828125
24876.078125
24878.525390625
24880.91796875
24883.185546875
24885.400390625
24887.6015625
24890.20703125
24891.931640625
24893.4296875
24894.875
24896.201171875
24897.0
24896.59765625
24920.9765625
35371.35546875
52120.07421875
67011.4921875
80862.7578125
90458.0078125
96931.8046875
100912.03125
104125.390625
107129.8125
109694.53125
112223.140625
114787.0859375
117039.921875
118845.5703125
120452.625
121861.7265625
123058.7890625
124499.0
125680.2265625
126655.3828125
127444.34375
128372.3984375
131330.921875
132402.890625
133349.484375
130686.2890625
127796.1015625
125786.09375
123542.9609375
121416.2421875
119565.9375
118163.984375
116883.3203125
115821.265625
114736.4375
113898.03125
113114.8359375
112414.515625
111824.6953125
111362.25
111037.3828125
110798.40625
110634.921875
110511.75
110450.3125
110404.1171875
110334.9296875
110317.78125
110417.4296875
110786.75
111136.8984375
111486.6328125
111866.5859375
112265.1328125
112629.6640625
112977.4765625
113311.484375
113594.1640625
113880.34375
114032.7265625
114131.3203125
114223.265625
114327.3046875
114437.5859375
114532.765625
114611.890625
114653.203125
114617.7109375
114549.359375
114438.5859375
114309.0
114193.5078125
114079.1875
113952.9921875
113857.0078125
113722.3359375
113558.4765625
113355.234375
113137.109375
112897.4453125
112652.375
112540.4140625
112384.8359375
112189.796875
111956.8359375
111712.390625
111455.3359375
111202.3515625
110973.421875
110739.2421875
110520.1796875
110326.7265625
110133.5859375
109981.5078125
109870.0703125
109773.6015625
109680.296875
109611.765625
109603.015625
109627.3671875
109676.59375
109751.078125
109871.1484375
110076.0390625
