25400.0
25400.0
25400.0
25400.0
25400.0
25400.0
25400.0
25400.0
25400.0
25400.0
25400.0
25400.0
25400.0
25400.0
25400.0
25400.0
25400.0
25400.0
25400.0
25400.0
25400.0
25400.0
25400.0
25400.0
25400.0
25400.0
25400.0
25400.0
25400.0
25400.0
25400.001953125
25400.0
25400.0
25400.0
25400.0
25400.0
25400.0
25400.0
25400.0
30597.16015625
46968.7734375
56021.1328125
60508.21875
62970.09375
65164.68359375
67058.3203125
69350.90625
71660.015625
73801.2109375
76399.4296875
78792.7421875
81035.421875
83159.171875
84941.7109375
87000.2578125
89200.484375
91400.734375
93401.3984375
95323.84375
97191.65625
99092.6875
100977.875
102771.1796875
104595.3671875
106384.140625
107969.5
109958.59375
111817.1875
113611.2734375
115272.015625
116932.8359375
118540.2421875
120040.9921875
121533.1640625
123304.546875
125408.7421875
127551.890625
129465.4765625
131493.28125
133413.46875
135364.515625
137207.296875
139026.625
140794.796875
142648.421875
144137.0625
145054.90625
145733.265625
146284.640625
146738.328125
147242.5
147832.375
148805.140625
151261.40625
154127.15625
156906.046875
159704.40625
162072.671875
159882.703125
157349.53125
154990.625
153200.296875
151198.140625
149389.328125
147566.625
146087.28125
145170.484375
144440.265625
143816.453125
143317.109375
142869.578125
142458.84375
142115.140625
141802.328125
141484.4375
141222.875
141002.890625
140913.203125
140924.671875
140980.8125
141063.390625
141240.21875
141338.984375
141369.0625
