16127.0703125
15495.6865234375
14957.15625
14765.3154296875
14768.6083984375
14951.7021484375
15223.0009765625
15554.0576171875
15890.8486328125
16507.12890625
17086.080078125
17592.4609375
18065.740234375
18495.962890625
18877.37890625
19240.677734375
19566.81640625
19880.8515625
20175.24609375
20425.83984375
20688.65234375
20930.328125
21170.41796875
21394.3515625
21617.724609375
21836.109375
22056.904296875
22293.517578125
22565.787109375
22874.5
25814.439453125
34137.3125
39003.921875
41659.47265625
44629.42578125
46940.47265625
49096.69921875
51100.1953125
52955.7734375
54839.71484375
56718.58203125
58508.0546875
60024.3203125
61305.0234375
62818.4296875
64344.015625
65922.2734375
67429.453125
68942.4375
70402.59375
71780.484375
73214.7265625
74589.1015625
75857.421875
77028.5234375
78102.1953125
79310.984375
80444.078125
81551.8359375
82603.1171875
83615.3515625
84598.5703125
85517.28125
86415.2734375
87241.25
88049.9375
88825.8125
89686.6015625
90796.3125
91855.21875
92952.296875
94018.1953125
95117.4765625
96179.3671875
97129.3515625
98022.4453125
98810.9375
99556.1953125
100246.171875
100834.34375
101447.6171875
101996.1875
102518.1015625
102985.921875
103432.953125
103847.8046875
104219.3125
104588.15625
104947.0859375
105356.7734375
105734.1875
106024.9609375
106311.5859375
106571.078125
106825.8046875
107059.390625
107284.3828125
107491.3671875
107674.0078125
107843.7265625
107989.7578125
108122.203125
108237.3125
108327.8125
108412.2421875
108477.046875
108528.375
108566.734375
108595.7890625
108614.09375
108621.1328125
108616.9375
108603.09375
108580.453125
108550.796875
108519.1640625
108478.9609375
108435.5546875
108388.40625
108341.3203125
108289.609375
108233.1171875
108173.421875
108105.609375
108034.3671875
107954.1640625
