25400.0
25400.0
25400.0
25400.0
25400.0
25400.0
25400.0
25400.0
25400.0
25400.0
25400.0
25400.0
25400.0
25400.0
25400.0
25400.0
25400.0
25400.0
25400.0
25400.0
29420.900390625
52311.86328125
73423.40625
89544.234375
103929.8359375
115639.8359375
123970.7890625
129492.1796875
133811.453125
136744.296875
138343.96875
139192.6875
140257.90625
141142.84375
142031.96875
143266.828125
144293.171875
145137.875
149417.1875
150234.1875
143526.5625
138639.234375
135320.078125
132189.5625
130030.640625
128419.203125
127291.9296875
126428.25
125752.421875
125490.6640625
125838.4296875
126203.4375
126563.2734375
126979.609375
127383.640625
127815.5078125
128214.4453125
128481.7890625
128652.6796875
128793.75
128775.4921875
128664.9609375
128670.21875
128721.078125
128778.125
128776.9140625
128713.9765625
128562.9921875
128335.609375
127960.1328125
127536.34375
127129.75
126754.6953125
126393.8671875
126082.1953125
125816.984375
125436.1328125
124966.0
124501.9140625
123946.171875
123385.7890625
122811.515625
122162.1484375
121428.3515625
120686.921875
119956.359375
119204.921875
118484.8203125
117751.2421875
117037.3359375
116409.703125
115746.9765625
115135.640625
114546.296875
114056.6796875
113782.3671875
113509.4296875
113227.828125
112916.34375
112614.765625
112317.6796875
112001.34375
111751.2578125
111495.2578125
111249.1953125
111072.0625
110873.96875
110642.0859375
110405.8828125
110177.71875
109944.6953125
109722.21875
109495.4375
109268.5546875
109064.3046875
108839.3671875
108620.5859375
108396.265625
108182.5859375
107965.640625
107751.53125
107549.140625
107346.703125
107157.7109375
106968.265625
