25400.0
25400.0
25400.0
25400.0
25399.955078125
25399.892578125
25399.8359375
25399.75
25399.697265625
25399.6640625
25399.64453125
25399.6328125
25399.625
25399.623046875
25399.62109375
25399.6171875
25399.615234375
25399.603515625
26880.8984375
38833.0
53034.41796875
72606.796875
86207.4296875
95318.8359375
102203.390625
108239.1015625
113767.234375
118690.515625
122940.7890625
126408.9765625
129375.1015625
131737.765625
133679.8125
135717.6875
138132.390625
133745.03125
129942.0546875
126591.8984375
123740.9453125
121255.7734375
119182.6875
117510.3203125
115969.453125
114731.7578125
113876.75
113053.4296875
112301.53125
111611.671875
111339.8984375
111639.796875
111857.9296875
112110.0703125
112473.3671875
112881.9296875
113364.9609375
113850.90625
114355.9375
115011.34375
115702.2890625
116401.625
117041.4765625
117659.6953125
118377.375
118897.21875
119364.0703125
119712.59375
119979.015625
120246.5625
120361.734375
120390.7109375
120353.859375
120235.3359375
120093.5078125
119956.390625
119798.234375
119582.09375
119366.9375
119156.109375
118900.21875
118612.5390625
118329.140625
117972.28125
117594.5
117185.765625
116767.6953125
116326.1875
115951.703125
115575.78125
115161.2578125
114741.84375
114299.8125
113858.109375
113474.71875
113062.6328125
112673.359375
112293.5078125
111942.96875
111590.3125
111249.65625
110929.109375
110610.71875
110311.1171875
110000.0625
109707.6640625
109456.234375
109190.6875
108955.3515625
108747.6484375
108553.65625
108395.0078125
108224.59375
108048.46875
107852.9765625
107654.0
107437.90625
107211.234375
107009.6484375
106796.0390625
106598.7578125
106405.3125
106228.5078125
106056.4296875
105890.59375
105735.5390625
105581.4375
105444.3671875
105312.1484375
