25400.0
25400.0
25400.0
25399.810546875
25399.810546875
25396.7578125
25394.564453125
25392.990234375
25391.890625
25391.197265625
25390.75390625
25390.484375
25390.330078125
25390.248046875
25390.19921875
25390.12890625
25389.8984375
25389.57421875
37163.36328125
61189.7265625
75601.921875
85002.5546875
93037.03125
99865.4765625
106185.2265625
111708.2578125
116037.1015625
119872.5390625
120774.6953125
119759.109375
118637.796875
117540.2734375
116389.296875
115344.8125
114389.7578125
113502.5625
112707.6640625
112019.4765625
111388.171875
110755.546875
110183.0625
109701.7421875
109205.625
108754.53125
108356.03125
108053.859375
107726.7734375
107356.421875
106944.4765625
106567.2421875
106246.4609375
106151.640625
106336.3046875
106448.015625
106518.078125
106570.40625
106553.2265625
106378.59375
106145.4375
105905.3671875
105623.7265625
105590.265625
105576.6171875
105435.5078125
105248.3125
105132.3359375
105052.3359375
104957.3359375
104833.4765625
104753.8515625
104663.03125
104539.734375
104407.6796875
104287.65625
104208.640625
104187.2734375
104285.03125
104443.859375
104661.78125
104877.8828125
105072.9375
105259.671875
105638.875
105977.2578125
106264.7421875
106529.265625
106758.7109375
106971.9296875
107164.625
107330.7421875
107511.3984375
107683.7578125
107860.109375
108031.2890625
108195.8515625
108349.3046875
108499.9765625
108652.9140625
108792.9765625
108924.953125
109041.5
109127.6328125
109198.7578125
109260.34375
109329.515625
109391.7578125
109441.7734375
109472.5
109483.4765625
109492.46875
109514.0
109564.1875
109613.171875
109637.953125
109646.6953125
109642.296875
109628.8046875
109608.046875
109587.0
109581.3984375
109630.640625
109719.875
109849.5703125
109955.765625
