25400.0
25400.0
25400.0
25400.0
25400.0
25400.0
25400.0
25400.0
25400.0
25400.0
25400.0
25400.0
25400.0
25400.0
25400.0
25400.0
25400.0
32445.388671875
53999.80859375
76913.5390625
91629.6875
104707.3125
115408.875
123596.2421875
129658.59375
134028.625
133343.96875
130519.390625
127735.3046875
125060.1640625
122784.2421875
120444.4375
118399.203125
116497.9375
114874.4296875
113451.2734375
112223.359375
111117.3984375
109879.6484375
108787.1328125
107785.9609375
106897.671875
106183.2421875
105457.2265625
104834.3359375
104263.671875
103719.078125
103460.140625
103516.1171875
103465.2578125
103373.890625
103353.5859375
103515.71875
103726.4921875
103950.1640625
104240.3046875
104432.8671875
104530.7890625
104617.7578125
104738.8828125
104930.140625
105175.046875
105454.7421875
105742.953125
106032.75
106339.2421875
106664.859375
107104.765625
107557.109375
107996.125
108379.1796875
108721.1875
108991.3984375
109108.234375
109176.7109375
109223.875
109270.640625
109584.40625
109877.28125
110100.4609375
110230.6640625
110361.3359375
110524.1875
110718.8359375
110914.8203125
111103.796875
111292.0
111450.5078125
111598.3828125
111720.09375
111806.6015625
111869.71875
111918.703125
111978.3125
112035.15625
112082.4609375
112112.3125
112120.765625
112111.96875
112089.25
112061.7734375
112025.53125
111982.78125
111923.3515625
111871.3125
111895.1953125
111967.7734375
112074.6640625
112138.921875
112173.671875
112224.921875
112241.7578125
112223.1640625
112175.734375
112109.0
112015.6015625
111914.9921875
111807.171875
111689.25
111570.7734375
111455.3125
111340.8671875
111215.9609375
111087.28125
110946.78125
