25400.0
25400.0
25368.1171875
24847.48828125
24587.376953125
24739.201171875
24770.5234375
24777.380859375
24781.111328125
24784.685546875
24788.587890625
24792.5
24796.166015625
24799.814453125
24803.158203125
24807.923828125
24811.859375
24814.630859375
24817.201171875
24819.5859375
24821.8671875
24824.03125
24826.28515625
24827.76953125
24839.7890625
26302.431640625
31703.509765625
40521.28515625
50529.15234375
60007.82421875
71250.90625
80234.8359375
88356.40625
95279.59375
101426.2265625
107057.265625
111645.8828125
115532.25
118732.5859375
121721.9921875
124369.171875
126519.0859375
128515.1875
127333.1796875
126230.046875
125102.375
123950.7734375
122816.9140625
121743.828125
120663.390625
119626.0703125
118578.4765625
117579.3828125
116686.3125
115680.5859375
114692.6484375
113713.484375
112794.7421875
111976.671875
111224.3203125
110517.1015625
109883.5
109359.5390625
108799.0546875
108204.3671875
107648.578125
107024.21875
106403.453125
105776.9296875
105225.1171875
104729.859375
104295.7109375
104121.3984375
103905.8203125
103693.359375
103624.3046875
103582.3515625
103537.125
103492.609375
103445.578125
103417.859375
103713.234375
104132.3984375
104415.4296875
104619.4140625
104779.375
104899.40625
104996.8828125
105082.8359375
105393.703125
105777.3515625
106001.46875
106212.328125
106359.1171875
106448.453125
106496.3203125
106529.125
106584.671875
106650.75
106743.5390625
106829.640625
106928.3203125
107060.875
107192.9609375
107320.0703125
107440.5234375
107566.703125
107737.6328125
107920.765625
108086.546875
108238.5546875
108397.2734375
108558.09375
108704.2734375
108866.0546875
109022.796875
109183.984375
109341.2578125
109504.5703125
109667.84375
109824.71875
109984.5390625
110136.5625
110292.03125
