25400.0
25400.0
25400.0
25400.0
25400.0
25400.0
25400.0
25400.0
25400.0
25400.0
25400.0
25400.0
25400.0
25400.0
25400.0
25400.0
25400.0
25400.0
25400.0
25400.0
25400.0
25400.0
25400.0
25400.0
25400.0
25400.0
25400.0
25400.0
25400.0
25400.0
25400.0
25400.0
26015.814453125
41296.421875
57375.7890625
70633.7890625
80232.75
89141.9375
97057.15625
104135.8671875
110822.15625
116421.5390625
121651.609375
125120.453125
125454.4765625
125675.625
125714.9140625
125501.7109375
125156.4140625
124704.9921875
124196.484375
123606.265625
122972.65625
122303.6484375
121543.265625
120812.5546875
120106.0625
119439.65625
118750.5859375
118023.5390625
117289.3671875
116564.96875
115891.2109375
115220.21875
114552.609375
113962.921875
113357.21875
112788.6328125
112208.953125
111664.3125
111130.7578125
110629.2578125
110164.3671875
109711.078125
109299.8671875
108903.4609375
108536.7890625
108218.0
107879.7109375
107566.53125
107256.8046875
106961.421875
106642.2265625
106316.6328125
106019.46875
105726.328125
105448.09375
105165.765625
104920.296875
104769.8359375
104643.578125
104488.53125
104316.9765625
104139.6484375
103951.640625
103765.1171875
103589.3046875
103413.5703125
103250.25
103089.03125
103014.2890625
102901.65625
102689.609375
102480.796875
102274.9609375
102077.203125
101880.3125
101680.9140625
101478.078125
101274.125
101085.640625
100899.6953125
100721.203125
100565.3828125
100397.78125
100238.0390625
100076.3515625
99944.7421875
99821.921875
99705.8515625
99587.0
99472.7421875
99366.078125
99256.2734375
