25400.0
25400.0
25400.0
25400.0
25400.0
25400.0
25400.0
25400.0
25400.0
25400.0
25400.0
25400.0
25400.0
25400.0
25400.0
25400.0
25400.0
25400.0
25400.0
25400.0
25400.0
25400.0
25400.0
25400.0
25400.0
25400.0
25400.0
25400.0
25400.0
25400.0
25400.0
25400.0
25400.0
25400.0
25400.0
38889.3359375
54047.28515625
66204.3828125
76345.5078125
83943.0234375
91131.4453125
97993.9140625
103156.2421875
107934.4296875
111985.15625
115676.9140625
118560.6640625
121066.2890625
123440.890625
125622.34375
127500.8515625
128886.9296875
130018.9765625
130935.1953125
131604.5625
132324.9375
133007.0
133637.828125
134323.03125
135304.578125
136209.921875
136957.515625
137589.09375
138121.5625
138616.265625
139048.40625
139397.765625
139777.578125
141937.8125
143574.84375
143865.765625
140570.65625
137726.859375
135252.796875
132821.171875
130480.7890625
128438.375
127047.5390625
125897.328125
124443.5859375
123097.7109375
121791.65625
120669.8203125
119729.6171875
118967.4765625
118338.21875
117738.6953125
117253.2734375
116822.6015625
116461.78125
116178.1484375
115900.875
115673.1484375
115477.234375
115322.9296875
115248.1640625
115275.3828125
115431.3203125
115815.75
116368.296875
116883.8125
117385.2421875
117833.578125
118342.4609375
118850.484375
119317.1640625
119718.6328125
120153.765625
120608.3671875
121065.640625
121584.1015625
122136.765625
122647.6015625
123088.3671875
123434.3828125
123761.671875
124028.2890625
124254.34375
124476.875
124721.5859375
124936.4296875
125120.3515625
125302.4609375
125485.09375
125678.34375
