25400.0
25400.0
25400.0
25400.0
25320.7421875
25294.740234375
25294.73828125
25294.73828125
25294.73828125
25294.73828125
25294.73828125
25294.73828125
25294.73828125
25294.73828125
25294.73828125
25294.73828125
25294.73828125
25294.73828125
25294.73828125
25294.73828125
25294.73828125
25294.73828125
25294.73828125
25294.73828125
25294.73828125
25294.73828125
25294.73828125
25294.73828125
25294.73828125
25294.73828125
30227.673828125
48081.18359375
64948.640625
78384.5078125
88193.1328125
97830.7734375
105898.296875
112318.40625
117145.359375
120800.3359375
123538.6640625
125873.8671875
128838.7890625
131728.953125
134302.46875
136397.171875
137741.171875
135822.921875
134164.078125
132517.40625
130958.1953125
129369.2109375
127846.28125
126518.109375
125077.546875
123729.09375
122431.0390625
121260.5234375
120127.25
119064.796875
118025.96875
117052.25
116159.2578125
115397.859375
114475.8125
113633.8828125
112778.3125
112043.2578125
111360.3046875
110752.2890625
110147.7109375
109573.2421875
109039.71875
108516.1171875
108058.5625
107629.390625
107198.5390625
106808.5234375
106395.9765625
106016.9921875
105656.875
105311.9921875
105029.1953125
104814.390625
104673.578125
104598.6328125
104580.8828125
104467.8359375
104369.28125
104377.984375
104449.9140625
104530.53125
104587.0078125
104582.1640625
104525.953125
104463.140625
104493.1328125
104570.46875
104632.953125
104654.6796875
104634.09375
104586.890625
104520.7265625
104458.0078125
104401.8515625
104371.8125
104390.4296875
104457.09375
104556.015625
104680.9765625
104807.53125
104940.9765625
105069.859375
105175.9765625
105279.796875
105367.125
105446.359375
105518.7890625
105598.3359375
105690.5234375
105794.859375
105918.9375
106051.203125
106228.53125
