25400.0
25400.0
25400.0
25400.0
25400.0
25400.0
25400.0
25400.0
25400.0
25400.0
25400.0
25400.0
25400.0
25400.0
25400.0
25400.0
25400.0
25400.0
25400.0
25400.0
25400.0
25400.0
25400.0
25400.0
25400.0
25400.0
25400.0
25400.0
25400.0
25400.0
25400.0
25400.0
25400.0
25400.0
29353.55078125
37532.7109375
44644.16796875
51694.59375
55801.11328125
59447.078125
62810.87890625
66287.515625
69766.0
72691.46875
75624.0703125
78254.640625
80919.2890625
83720.5859375
87063.65625
90716.9609375
94367.7578125
98296.5703125
102520.6484375
106947.6015625
111300.6171875
115668.5703125
120639.6328125
126045.03125
131334.015625
136083.484375
140958.3125
145793.859375
150392.859375
155100.734375
159957.1875
164766.625
168544.21875
170783.0
172964.609375
175580.46875
180712.5
185342.03125
190454.6875
195679.8125
189102.765625
184044.53125
179745.390625
175867.484375
172128.46875
169066.3125
166306.859375
164515.15625
163303.984375
162526.8125
161966.28125
161436.515625
160923.359375
160321.4375
159630.625
158767.9375
157691.578125
156708.5625
155612.21875
154546.921875
153417.8125
152357.421875
151227.75
150084.71875
148974.96875
147804.640625
146619.5
145359.734375
144088.203125
142951.609375
141664.28125
140371.515625
139109.140625
137937.765625
136752.390625
135585.421875
134468.65625
133319.796875
132240.40625
131220.34375
130236.28125
129444.1484375
128574.109375
127725.9765625
126865.53125
126057.21875
125244.1796875
124462.4609375
123726.0703125
122984.5703125
122280.9296875
121569.1171875
