25400.0
25400.0
25400.0
25400.0
25400.0
25400.0
25400.0
25400.0
25400.0
25400.0
25400.0
25400.0
25400.0
25400.0
25400.0
25400.0
25400.0
25400.0
25400.0
25400.0
25400.0
25400.0
25400.0
25400.0
25400.0
25400.0
25400.0
25400.0
25400.0
25400.0
25400.0
32061.220703125
48184.5625
60442.72265625
70466.3125
78395.3828125
85185.75
90783.25
95792.9140625
99723.1484375
103085.4375
105712.6953125
107664.4609375
109500.3046875
111002.921875
112381.1640625
113654.1015625
114849.3046875
115923.5859375
116822.796875
117754.5703125
118581.515625
119327.203125
119971.8515625
120503.6953125
121091.9765625
121647.2109375
122216.15625
122709.3359375
123112.3671875
123429.9140625
123730.75
124049.015625
124337.7265625
124602.4453125
124836.1875
125025.703125
125216.0546875
125400.671875
125603.1640625
126437.0
127661.6171875
127979.8515625
128176.015625
128350.2578125
128032.515625
127570.7109375
128622.65625
130411.65625
131233.8125
132258.921875
133790.90625
135265.828125
136999.46875
139018.296875
141021.703125
143257.546875
145793.421875
148867.859375
151176.015625
149728.71875
148480.078125
147260.265625
145986.84375
145222.296875
144462.890625
143662.484375
143249.125
143151.578125
142906.28125
142569.796875
142208.03125
141939.8125
141857.578125
141723.84375
141510.765625
141266.546875
140984.828125
140770.171875
140583.203125
140284.625
139861.203125
139398.6875
139070.609375
138831.3125
138522.109375
138216.9375
137885.3125
137527.109375
137108.8125
136629.03125
136093.3125
135562.625
135057.0625
134509.21875
