25400.0
25400.0
25400.0
25400.0
25400.0
25400.0
25400.0
25400.0
25400.0
25400.0
25400.0
25400.0
25400.0
25400.0
25400.0
25400.0
25400.0
25400.0
25400.0
25400.0
25400.0
25400.0
25400.0
25400.0
25400.0
25400.0
25400.0
25400.0
25400.0
25400.0
25400.0
25400.0
25400.0
25400.0
25400.0
25400.0
25400.0
25400.0
25400.0
25400.0
25400.0
36241.7265625
48374.90625
55872.33984375
60568.359375
64658.67578125
67641.7734375
69623.6328125
71462.546875
73354.609375
75647.9375
77724.140625
79665.7734375
81426.9140625
83163.125
84794.4375
86186.28125
87837.46875
90353.1875
93377.734375
96272.3515625
99876.328125
104531.640625
108987.5546875
113843.9140625
119374.0078125
125203.0
130768.9921875
135740.875
141268.78125
146495.09375
151728.875
156595.796875
161821.1875
166817.3125
171540.15625
176299.328125
180543.671875
184480.296875
188160.65625
191252.59375
194416.0625
197330.25
204903.703125
208563.96875
208356.484375
201749.390625
197100.734375
193239.921875
190511.265625
188463.078125
186801.4375
185449.90625
184171.21875
182911.859375
181304.59375
179642.5625
177705.8125
175885.734375
174371.0625
172729.15625
170980.34375
169039.96875
167013.40625
165205.828125
163352.578125
161512.78125
159568.5625
157690.3125
155755.53125
153834.734375
151981.5
150086.09375
148272.78125
146429.421875
144682.9375
143131.6875
141495.65625
140047.625
138574.78125
137189.015625
135778.53125
134385.078125
133147.140625
131946.234375
130808.1875
129652.9609375
