25400.0
25400.0
25400.0
25400.0
25105.1484375
24854.62109375
24753.615234375
24774.9765625
24855.685546875
24867.529296875
24870.44921875
24872.3671875
24874.3828125
24876.41796875
24878.37890625
24880.3203125
24882.12109375
24883.91015625
24885.599609375
24887.76171875
24889.720703125
24891.103515625
24892.421875
24893.6328125
24894.830078125
24896.0
24897.09375
24898.17578125
24899.21875
24900.267578125
24901.28515625
24902.234375
24903.23046875
24904.19921875
24905.224609375
24906.037109375
24906.953125
24907.546875
24907.5625
24906.029296875
24918.455078125
28338.1171875
38389.625
46425.3984375
51599.9921875
54554.3984375
56440.0234375
57983.70703125
59402.4140625
60734.22265625
61937.6328125
63047.44921875
64054.4296875
65042.3671875
66292.1875
67474.3984375
68773.1640625
70201.1953125
71703.1953125
73199.359375
74707.84375
76152.6953125
77761.53125
79295.0390625
80653.3125
81952.265625
83083.484375
84037.4375
84870.4453125
85440.3515625
85879.7109375
86526.8984375
87729.6875
89110.28125
90773.53125
92872.5234375
94377.4296875
95514.3515625
96452.265625
97235.484375
98061.6640625
98846.109375
99783.03125
100805.875
101930.6015625
103114.328125
104400.46875
105951.171875
107520.6875
109161.28125
110826.7890625
112359.8203125
114074.4453125
115895.0625
117851.0625
119981.4921875
122036.375
123990.46875
125881.5
127884.6640625
129833.9453125
131807.5
133888.0
135896.515625
138244.296875
140641.984375
143046.59375
145339.4375
147795.421875
150550.953125
156374.765625
158589.140625
155851.65625
153901.765625
152342.734375
151292.015625
150342.03125
149409.046875
148875.703125
148495.90625
148222.0
147520.640625
146840.09375
146186.640625
145507.171875
145021.234375
