25400.0
25400.0
25399.96875
24862.62109375
24649.154296875
24658.041015625
24738.578125
24776.5625
24786.048828125
24790.5625
24794.203125
24797.951171875
24801.681640625
24805.123046875
24808.521484375
24811.626953125
24816.69921875
24820.099609375
24822.4921875
24824.84765625
24826.900390625
24828.833984375
24830.568359375
24831.833984375
24845.916015625
27391.849609375
34470.7890625
44236.33203125
55005.65625
67233.1953125
77224.890625
86688.859375
95215.84375
102818.9375
108938.5078125
114289.5390625
118799.15625
121158.03125
120984.7421875
120610.59375
119964.203125
119179.2734375
118504.953125
117703.90625
116886.4609375
116201.5546875
115492.703125
114708.0390625
113926.71875
113164.765625
112361.5234375
111587.71875
110820.7265625
110080.5703125
109433.9296875
108753.0546875
108139.3046875
107541.8828125
107002.7734375
106473.078125
105960.0703125
105485.578125
105041.75
104587.421875
104100.0546875
103648.25
103410.6875
103235.0625
103110.0078125
102960.8828125
102992.0859375
103216.7109375
103390.515625
103515.3828125
103624.9453125
103796.2578125
104313.2578125
104831.3828125
105147.1875
105466.515625
105763.09375
106051.1015625
106320.8515625
106595.125
106769.734375
106870.53125
106920.640625
106932.8984375
106916.6484375
106879.8828125
106884.046875
106846.21875
106749.703125
106574.4453125
106411.0546875
106261.34375
106148.109375
106053.8125
106056.6953125
106208.3515625
106406.4375
106530.5390625
106562.9453125
106530.421875
106461.5078125
106370.09375
106297.8046875
106247.1875
106207.8671875
106168.53125
106143.8046875
106148.859375
106173.5390625
106207.1171875
106242.8203125
106286.7109375
106329.2578125
106370.0390625
106401.59375
106429.0625
106461.78125
106505.5234375
106557.7890625
106611.2109375
106686.8359375
