20000.0
20000.0
20000.0
20000.0
20000.0
20000.0
20000.0
20000.0
20000.0
20000.0
20000.0
20000.0
20000.0
20000.0
20000.0
20000.0
20000.0
20000.0
20000.0
20000.0
20000.0
20000.0
19999.998046875
20000.0
19999.982421875
19999.998046875
20000.0
20000.0
20000.0
20000.0
19999.998046875
20000.0
20000.0
20000.0
20000.0
20000.0
20000.0
20000.0
19999.998046875
20000.0
20000.0
20000.0
20000.0
20000.0
20000.0
19999.998046875
20000.0
20000.0
20000.0
20000.0
20000.0
19999.998046875
19418.568359375
18632.2109375
17871.1796875
17025.98046875
16224.1865234375
15515.7958984375
14848.3486328125
14273.86328125
13766.6259765625
13288.32421875
12863.3828125
12462.6669921875
12096.529296875
11776.302734375
11428.4931640625
11107.580078125
10783.8779296875
10475.1611328125
10157.51171875
9847.0205078125
9554.36328125
9268.2158203125
9002.0224609375
8748.548828125
8515.5859375
8319.8720703125
8118.5791015625
7940.78759765625
7770.9375
7611.2421875
7450.8046875
7300.345703125
7165.48291015625
7035.15380859375
6917.80322265625
6810.3720703125
6712.91357421875
6630.57958984375
6544.0185546875
6463.67529296875
6384.18896484375
6309.681640625
6235.50048828125
6164.85546875
6103.07470703125
6043.54052734375
5988.9013671875
5934.99560546875
5883.42919921875
5838.25048828125
5789.8642578125
5744.40234375
5698.32373046875
5654.72607421875
5609.57763671875
5564.2275390625
5521.45654296875
5473.26611328125
5419.3115234375
5359.2431640625
5298.91259765625
5245.23779296875
5186.9873046875
5131.92138671875
5076.1630859375
5021.70751953125
4964.5859375
4873.89501953125
4786.76708984375
4702.90283203125
4624.57958984375
4545.3076171875
