20000.0
20000.0
20000.0
20000.0
20000.0
20000.0
20000.0
20000.0
20000.0
20000.0
20000.0
20000.0
20000.0
20000.0
20000.0
20000.0
20000.0
20000.0
20000.0
20000.0
20000.0
20000.0
20000.0
19999.99609375
20000.0
19999.994140625
19999.9765625
20000.0
19584.537109375
18856.701171875
18168.765625
17651.5859375
17138.306640625
16649.595703125
16188.8623046875
15769.3193359375
15375.865234375
14974.3984375
14587.9677734375
14172.53125
13785.59765625
13418.9921875
13093.767578125
12825.3330078125
12541.0244140625
12277.51953125
12027.720703125
11789.869140625
11540.5322265625
11296.8798828125
11074.3154296875
10852.3037109375
10641.990234375
10428.4814453125
10218.333984375
10032.6064453125
9831.6376953125
9643.1982421875
9463.7373046875
9321.728515625
9179.501953125
9040.53515625
8909.111328125
8776.28125
8650.9521484375
8522.8994140625
8396.5517578125
8286.1953125
8169.4951171875
8056.95263671875
7945.5498046875
7843.74853515625
7742.9072265625
7645.24072265625
7553.61376953125
7462.73046875
7377.3955078125
7293.494140625
7208.0263671875
7130.80908203125
7046.19775390625
6966.0009765625
6885.60595703125
6810.38916015625
6735.0947265625
6661.353515625
6590.689453125
6518.1298828125
6448.681640625
6378.142578125
6309.7998046875
6251.77197265625
6192.56640625
6139.2109375
6087.259765625
6039.287109375
5991.3056640625
5939.3076171875
5886.15283203125
5832.64501953125
5782.3896484375
5731.6337890625
5682.34765625
5639.39599609375
5593.80908203125
5551.3466796875
5508.81982421875
5468.31787109375
5427.54150390625
5387.8125
5350.0859375
5311.7578125
5275.2021484375
5238.07080078125
5201.5166015625
5168.92578125
5133.11083984375
5098.5263671875
5062.13037109375
5025.13427734375
4990.25048828125
4955.3076171875
4921.0380859375
4885.35400390625
4850.07177734375
4813.5595703125
