20000.0
20000.0
20000.0
20000.0
20000.0
20000.0
20000.0
20000.0
20000.0
20000.0
20000.0
20000.0
20000.0
20000.0
20000.0
20000.0
20000.0
20000.0
20000.0
20000.0
20000.0
20000.0
20000.0
20000.0
20000.0078125
20000.0
19999.7890625
20000.0
19999.998046875
20000.0
20000.0
20000.0
20000.0
20000.0
20000.001953125
20000.0
20000.0
20000.0
20000.0
20000.0
20000.0
20000.0
20000.0
20000.0
20000.0
20000.0
20000.0
19293.87890625
18334.662109375
17513.376953125
16684.705078125
15952.7255859375
15338.0341796875
14839.689453125
14459.431640625
14099.6708984375
13794.7783203125
13472.7861328125
13163.2841796875
12861.26953125
12582.2255859375
12333.599609375
12099.296875
11883.6767578125
11673.8427734375
11482.994140625
11314.3681640625
11133.5400390625
10963.2197265625
10793.8193359375
10637.1484375
10482.7763671875
10333.7626953125
10196.01171875
10061.4228515625
9937.72265625
9816.134765625
9700.173828125
9600.1640625
9494.98828125
9397.9482421875
9301.416015625
9211.7275390625
9123.11328125
9038.3876953125
8960.6708984375
8884.25
8813.1435546875
8742.4814453125
8674.306640625
8615.240234375
8553.833984375
8496.369140625
8439.2421875
8386.6064453125
8334.4111328125
8284.21484375
8237.330078125
8190.76708984375
8147.29296875
8103.9423828125
8062.53271484375
8026.3955078125
7987.2919921875
7950.88037109375
7914.6455078125
7880.88037109375
7847.2587890625
7814.83642578125
7784.5849609375
7754.3984375
7726.220703125
7698.21923828125
7671.076171875
7647.42041015625
7621.9873046875
7598.2021484375
7574.47802734375
7552.1767578125
7529.8837890625
7508.27392578125
7488.1064453125
7467.80078125
7448.8095703125
7429.9326171875
