20000.0
20000.0
20000.0
20000.0
20000.0
20000.0
20000.0
20000.0
20000.0
20000.0
20000.0
20000.0
20000.0
20000.0
20000.0
20000.0
20000.0
20000.0
20000.0
20000.0
20000.0
20000.0
20000.0
20000.0
20000.0
20000.0
20000.0
20000.0
20000.0
20000.0
19999.37109375
20000.0
19999.982421875
20000.0
20000.0
20000.0
20000.0
20000.0
20000.0
20000.0
19999.998046875
20000.0
20000.0
20000.0
20000.0
19999.99609375
20000.0
20000.0
20000.0
20000.0
20000.0
20000.0
20000.0
20000.0
20000.0
20000.0
19999.998046875
20000.0
20000.0
20000.0
20000.0
20000.0
20000.0
20000.0
20000.0
20000.0
20000.0
20000.0
20000.0
20000.0
20000.0
19999.7890625
19999.94921875
20000.0
20000.0
20000.0
20000.0
20000.0
19999.98828125
20000.0
20000.0
19999.998046875
19999.998046875
19999.99609375
20000.0
19562.208984375
19084.5625
18642.853515625
18199.62109375
17601.83984375
17066.642578125
16503.34765625
16027.041015625
15568.8359375
15146.666015625
14731.1123046875
14325.875
13928.720703125
13522.3330078125
13144.224609375
12769.7119140625
12406.708984375
12084.2236328125
11730.1337890625
11402.99609375
11090.6806640625
10798.380859375
10485.556640625
10162.33984375
9848.1396484375
9531.86328125
9234.9248046875
8934.666015625
8643.7197265625
8391.2021484375
8134.17724609375
7893.67626953125
7656.07275390625
7434.75146484375
7214.10205078125
7000.34326171875
6800.6376953125
6605.134765625
6424.869140625
6247.21435546875
