20000.0
20000.0
19742.208984375
18590.05078125
17993.591796875
17599.404296875
17472.591796875
17734.873046875
18164.7578125
18642.298828125
18967.55859375
19350.654296875
19770.802734375
20000.0
20000.0
20000.0
20000.0
20000.0
20000.0
20000.0
20000.0
20000.0
20000.0
20000.0
19999.99609375
19999.998046875
19999.595703125
19997.115234375
20000.0
20000.0
20000.0
19133.748046875
18167.0546875
17463.306640625
16905.81640625
16394.427734375
15950.607421875
15573.8525390625
15220.388671875
14917.529296875
14644.9951171875
14407.9248046875
14212.57421875
14008.625
13823.05078125
13644.4208984375
13483.404296875
13317.9990234375
13161.638671875
13024.373046875
12890.8193359375
12766.0244140625
12641.775390625
12523.5615234375
12420.83203125
12311.3369140625
12210.2607421875
12110.8955078125
12019.0712890625
11927.2294921875
11835.830078125
11749.8408203125
11666.1884765625
11588.57421875
11512.580078125
11441.8837890625
11380.333984375
11314.798828125
11254.47265625
11193.3193359375
11137.861328125
11082.1923828125
11028.2021484375
10974.916015625
10918.314453125
10864.33984375
10805.8193359375
10736.087890625
10658.357421875
10536.0908203125
10398.4287109375
10229.7900390625
10059.26171875
9885.349609375
9715.4609375
9558.2080078125
9403.8359375
9259.740234375
9112.76953125
8967.3310546875
8840.1337890625
8720.04296875
8622.701171875
8527.009765625
8437.953125
8348.2353515625
8259.916015625
8176.0791015625
8091.220703125
8010.70849609375
7928.57177734375
7847.43212890625
7775.10400390625
7696.6103515625
7626.7021484375
7555.982421875
7486.46630859375
7414.60595703125
7343.4453125
7275.64892578125
7206.77099609375
7141.14453125
7074.60546875
7009.36669921875
6951.19921875
6887.7958984375
6827.29345703125
6765.66259765625
6706.53125
6646.1337890625
6586.74365234375
6530.1875
6472.63671875
6417.89990234375
6362.294921875
