20000.0
20000.0
20000.0
20000.0
20000.0
20000.0
20000.0
20000.0
20000.0
20000.0
20000.0
20000.0
20000.0
20000.0
20000.0
20000.0
20000.0
20000.0
20000.0
20000.0
20000.0
20000.0
20000.001953125
20000.0
20000.0
20000.0
20000.0
20000.0
19999.998046875
20000.0
20000.0
20000.0
20000.0
20000.0
20000.0
20000.0
20000.0
20000.0
19999.994140625
19434.48828125
18794.634765625
18171.4453125
17635.943359375
17094.201171875
16617.59375
16177.396484375
15770.76953125
15291.392578125
14891.7177734375
14527.724609375
14192.890625
13898.7822265625
13619.7373046875
13350.05078125
13114.3095703125
12865.359375
12640.892578125
12399.8369140625
12158.5791015625
11939.1640625
11727.568359375
11498.9248046875
11281.369140625
11095.744140625
10894.73046875
10705.375
10552.1220703125
10408.544921875
10269.5703125
10106.8984375
9941.56640625
9771.2451171875
9610.734375
9476.6943359375
9351.056640625
9237.2548828125
9117.630859375
8997.7470703125
8893.5751953125
8783.7724609375
8678.9208984375
8571.2802734375
8467.0009765625
8359.1123046875
8245.732421875
8132.59423828125
8013.95458984375
7898.765625
7779.34619140625
7660.3720703125
7554.87890625
7440.408203125
7331.4189453125
7218.4287109375
7108.6220703125
6995.73779296875
6882.82861328125
6781.0078125
6669.81884765625
6556.32373046875
6432.80078125
6302.455078125
6182.02490234375
6058.87841796875
5951.88330078125
5853.9462890625
5771.8818359375
5696.6923828125
5621.2109375
5548.9345703125
5453.439453125
5327.3876953125
5201.18994140625
5084.55517578125
4986.9619140625
4886.56396484375
4794.82470703125
4711.23388671875
4634.71826171875
4559.3955078125
4487.3740234375
4420.09326171875
4352.955078125
4288.47021484375
4223.30859375
