20000.0
20000.0
20000.0
20000.0
20000.0
20000.0
20000.0
20000.0
20000.0
20000.0
20000.0
20000.0
20000.0
20000.0
20000.0
20000.0
20000.0
20000.0
20000.0
20000.0
20000.0
20000.0
20000.0
20000.0
20000.0
20000.0
20000.0
20000.0
20000.0
20000.0
19998.140625
19997.0625
19999.833984375
20000.0
19999.9609375
20000.0
20000.0
20000.0
20000.0
20000.0
20000.0
20000.0
20000.0
20000.0
20000.0
20000.0
20000.0
19999.927734375
20000.0
20000.0
20000.0
20000.0
20000.0
20000.0
20000.0
20000.0
19999.998046875
20000.0
19999.998046875
20000.0
20000.0
20000.0
20000.0
20000.0
20000.0
19571.623046875
18958.12109375
18417.380859375
17948.056640625
17513.2890625
17069.501953125
16652.1640625
16292.7841796875
15961.5244140625
15666.9873046875
15390.3681640625
15134.712890625
14923.7275390625
14703.7041015625
14498.908203125
14293.603515625
14100.8466796875
13904.1015625
13709.5498046875
13525.0458984375
13347.40234375
13180.3525390625
13015.603515625
12856.9521484375
12714.7314453125
12554.0625
12398.4541015625
12233.5185546875
12060.3310546875
11880.1142578125
11702.7138671875
11534.078125
11361.720703125
11197.1591796875
11029.419921875
10864.2080078125
10715.0478515625
10548.5361328125
10386.4326171875
10221.47265625
10066.7998046875
9910.6044921875
9758.2392578125
9633.6142578125
9494.07421875
9354.55859375
9211.55859375
9070.9912109375
8944.63671875
8804.732421875
8671.2900390625
8536.20703125
8407.9140625
8278.3603515625
8154.8291015625
8036.369140625
7916.25927734375
7801.83203125
7685.5537109375
