20000.0
20000.0
20000.0
20000.0
19784.82421875
20000.0
20000.0
20000.0
20000.0
20000.0
20000.0
20000.0
20000.0
20000.0
20000.0
20000.0
20000.0
20000.0
20000.0
20000.0
20000.0
20000.0
20000.0
20000.0
20000.0
19999.994140625
19999.220703125
19288.392578125
18621.697265625
18106.884765625
17612.72265625
17133.919921875
16664.412109375
16237.5654296875
15819.6103515625
15408.537109375
15032.5322265625
14653.53515625
14288.2392578125
13930.970703125
13585.8193359375
13277.3447265625
12925.1923828125
12592.5224609375
12247.55078125
11921.2119140625
11599.33203125
11300.94921875
11028.5947265625
10775.021484375
10527.8251953125
10265.21484375
10015.203125
9803.5654296875
9577.376953125
9369.4169921875
9206.9033203125
9055.240234375
8902.5126953125
8753.4716796875
8613.595703125
8474.34375
8342.3271484375
8206.572265625
8071.79150390625
7950.82177734375
7821.58349609375
7701.39404296875
7582.57177734375
7467.44677734375
7351.93115234375
7242.58642578125
7139.99951171875
7035.86376953125
6937.41650390625
6838.8994140625
6743.28125
6659.09228515625
6567.84716796875
6481.474609375
6394.42431640625
6312.15283203125
6227.73779296875
6146.22412109375
6072.244140625
5996.5205078125
5924.03662109375
5850.57080078125
5778.71044921875
5712.1083984375
5638.24560546875
5568.4609375
5498.36865234375
5432.3154296875
5367.9736328125
5306.2568359375
5246.87353515625
5185.53466796875
5126.654296875
5067.2216796875
5009.71826171875
4959.89404296875
4907.85595703125
4860.1572265625
4811.01611328125
4763.421875
4714.79296875
4667.33056640625
4622.81494140625
4578.4599609375
4536.92041015625
4495.060546875
4452.96435546875
4415.2607421875
4374.62841796875
4336.396484375
4297.84375
4261.271484375
4224.8740234375
4193.6533203125
4161.96826171875
4127.783203125
4094.173828125
4059.41845703125
