20000.0
20000.0
20000.0
20000.0
20000.0
20000.0
20000.0
20000.0
20000.0
20000.0
20000.0
20000.0
20000.0
20000.0
20000.0
20000.0
20000.0
20000.0
20000.0
20000.0
20000.0
20000.0
20000.0
20000.0
20000.0
20000.0
20000.0
20000.0
20000.0
20000.0
20000.0
20000.0
19999.9921875
20000.0
20000.0
20000.0
20000.0
20000.0
20000.0
19999.998046875
19999.998046875
19999.9921875
19999.98046875
20000.0
20000.0
20000.0
20000.0
20000.0
20000.0
20000.0
20000.0
20000.0
20000.0
19207.166015625
18124.8125
17141.57421875
16317.205078125
15600.9677734375
14963.7001953125
14425.6025390625
13898.7294921875
13299.8408203125
12786.4619140625
12289.60546875
11818.9453125
11421.3779296875
11019.3837890625
10669.193359375
10341.9970703125
10046.0947265625
9738.953125
9447.150390625
9176.2734375
8899.345703125
8635.69921875
8386.7431640625
8133.18408203125
7913.0498046875
7672.39404296875
7444.7138671875
7217.822265625
7003.28759765625
6794.6689453125
6603.8232421875
6437.27001953125
6275.2099609375
6125.28515625
5969.6494140625
5800.71142578125
5658.39599609375
5515.16064453125
5394.43115234375
5272.58251953125
5160.033203125
5050.60009765625
4947.23876953125
4852.73388671875
4760.3544921875
4675.3515625
4592.09326171875
4513.0673828125
4445.20166015625
4374.36328125
4309.42236328125
4245.849609375
4187.53369140625
4129.9130859375
4074.848388671875
4023.87890625
3973.635009765625
3927.20068359375
3881.4892578125
3838.1240234375
3800.8916015625
3761.136962890625
3725.595947265625
3691.477783203125
3660.1015625
3629.2138671875
3599.660400390625
3572.282470703125
3545.260498046875
3520.219482421875
3495.464599609375
