20000.0
20000.0
20000.0
20000.0
20000.0
20000.0
20000.0
20000.0
20000.0
20000.0
20000.0
20000.0
20000.0
20000.0
20000.0
20000.0
19999.943359375
20000.0
20000.0
20000.0
20000.0
20000.0
20000.0
20000.0
20000.0
20000.0
20000.0
19441.2265625
18220.958984375
17319.8046875
16511.4765625
15755.9375
15122.1787109375
14392.0390625
13807.5185546875
13271.7666015625
12759.484375
12314.107421875
11929.1455078125
11601.45703125
11306.482421875
11048.9423828125
10833.2958984375
10606.1455078125
10394.9140625
10179.990234375
9967.7197265625
9742.7529296875
9517.9755859375
9305.224609375
9100.4521484375
8911.7080078125
8719.044921875
8536.9921875
8373.96875
8197.9833984375
8031.0625
7863.32861328125
7707.89599609375
7554.75830078125
7408.8095703125
7274.09716796875
7146.38720703125
7029.69775390625
6914.6279296875
6805.03955078125
6713.5146484375
6621.34619140625
6535.4541015625
6451.08251953125
6373.06396484375
6295.625
6222.25634765625
6154.5078125
6089.73291015625
6029.6396484375
5969.1875
5910.27294921875
5858.421875
5802.5830078125
5750.21728515625
5697.98779296875
5649.4580078125
5601.6337890625
5556.056640625
5512.46142578125
5468.740234375
5428.0615234375
5387.73388671875
5349.138671875
5315.5859375
5279.78955078125
5246.310546875
5212.83251953125
5181.60400390625
5149.63671875
5118.37451171875
5088.8896484375
5059.326171875
5031.478515625
5003.513671875
4976.0439453125
4951.8271484375
4925.13525390625
4899.8291015625
4874.0947265625
4849.59375
4824.7744140625
4800.486328125
4777.33447265625
4753.73681640625
4731.22900390625
4708.13330078125
4685.947265625
4666.26123046875
4644.72509765625
4624.03076171875
4602.97705078125
4582.85791015625
4562.513671875
4542.64794921875
4523.7939453125
4504.44775390625
4486.06201171875
4467.88720703125
