20000.0
20000.0
20000.0
20000.0
20000.0
20000.0
20000.0
20000.0
20000.0
20000.0
20000.0
20000.0
20000.0
20000.0
20000.0
20000.0
20000.0
20000.0
20000.0
20000.0
20000.0
20000.0
20000.0
20000.0
20000.0
20000.0
20000.0
20000.0
20000.0
20000.0
20000.0
19999.791015625
20000.0
20000.0
20000.0
20000.0
20000.0
19999.99609375
20000.0
20000.0
20000.0
20000.0
20000.0
20000.0
20000.0
20000.0
20000.0
20000.0
20000.0
20000.0
20000.0
20000.0
20000.0
20000.0
19999.998046875
20000.0
20000.0
19999.9921875
20000.0
19999.970703125
20000.0
20000.0
20000.0
20000.0
20000.0
20000.0
20000.0
20000.0
19724.51171875
19440.75390625
19153.259765625
18870.42578125
18602.93359375
18338.65234375
18085.44140625
17821.9765625
17574.794921875
17364.412109375
17145.142578125
16944.732421875
16743.546875
16544.046875
16341.2412109375
16146.505859375
15965.462890625
15786.302734375
15616.517578125
15445.0888671875
15280.1396484375
15134.373046875
14973.1298828125
14817.1103515625
14656.5341796875
14503.3046875
14348.33984375
14196.15234375
14048.5302734375
13894.0927734375
13742.9091796875
13585.4638671875
13427.275390625
13284.4453125
13127.6650390625
12978.4296875
12827.0908203125
12683.3876953125
12539.15234375
12396.4365234375
12262.494140625
12125.9189453125
11991.4375
11854.134765625
11721.8681640625
11606.931640625
11484.5517578125
11368.396484375
11244.6513671875
11109.51953125
10982.98046875
10868.888671875
10765.96484375
10666.0166015625
10571.5888671875
10479.7158203125
