20000.0
20000.0
20000.0
20000.0
20000.0
20000.0
20000.0
20000.0
20000.0
20000.0
20000.0
20000.0
20000.0
20000.0
20000.0
20000.0
20000.0
20000.0
20000.0
20000.0
20000.0
20000.0
20000.0
20000.0
20000.0
20000.0
20000.0
20000.0
20000.0
20000.0
20000.0
20000.0
20000.0
20000.0
20000.0
20000.01171875
20000.0
20000.0
20000.0
20000.0
20000.0
20000.0
19999.998046875
20000.0
19999.984375
20000.0
20000.0
20000.0
19999.9921875
19999.998046875
20000.0
20000.0
20000.0
20000.01953125
20000.0
20000.0
20000.0
20000.0
20000.01171875
20000.0
20000.0
20000.0
20000.0
20000.0
20000.0
20000.0
19463.61328125
18635.787109375
17869.75390625
17265.50390625
16570.04296875
15929.740234375
15424.140625
14950.138671875
14497.61328125
13987.326171875
13493.6103515625
13052.732421875
12612.3583984375
12216.775390625
11820.359375
11459.7294921875
11095.705078125
10761.9619140625
10473.4453125
10204.0380859375
9970.4560546875
9734.7529296875
9499.8330078125
9291.60546875
9065.8447265625
8844.478515625
8617.142578125
8402.1357421875
8186.20849609375
7976.8798828125
7780.8056640625
7585.54150390625
7402.64013671875
7219.935546875
7042.30908203125
6887.92919921875
6722.50439453125
6568.18701171875
6415.40087890625
6273.1962890625
6133.53564453125
6000.7587890625
5878.212890625
5757.23876953125
5644.9365234375
5532.78564453125
5431.2353515625
5342.3095703125
5249.4228515625
5164.083984375
5084.150390625
5012.1884765625
4939.349609375
4867.216796875
4798.39697265625
4728.9970703125
4664.20166015625
4599.4169921875
