20000.0
20000.0
20000.0
20000.0
20000.0
20000.0
20000.0
20000.0
20000.0
20000.0
20000.0
20000.0
20000.0
20000.0
20000.0
20000.0
20000.0
20000.0
20000.0
20000.0
20000.0
20000.0
20000.0
20000.0
20000.0
20000.0
20000.0
20000.0
20000.0
20000.0
20000.0
20000.0
20000.0
20000.0
20000.0
20000.0
20000.0
20000.0
20000.0
20000.0
20000.0
20000.0
20000.0
20000.0
20000.0
20000.0
20000.0
20000.0
20000.0
20000.0
20000.0
20000.0
20000.0
20000.0
20000.0
20000.0
20000.0
20000.001953125
20000.0
20000.0
20000.0
20000.001953125
20000.0
20000.0
20000.0
19999.85546875
20000.0
20000.0
19999.998046875
20000.0
20000.0
20000.0
20000.0
20000.0
20000.0
20000.0
20000.0
20000.001953125
19999.982421875
20000.0
20000.0
20000.0
20000.0
20000.0
20000.0
20000.0
20000.0
20000.0
20000.0
20000.0
20000.0
20000.0
20000.0
20000.0
19999.185546875
19941.373046875
18898.107421875
17892.31640625
16884.95703125
16029.4482421875
15391.2802734375
14760.3173828125
14190.884765625
13643.390625
13141.2138671875
12654.3359375
12200.662109375
11737.4384765625
11287.40234375
10877.5322265625
10485.7802734375
10127.5830078125
9827.53515625
9519.5068359375
9239.720703125
8968.04296875
8723.0029296875
8484.8662109375
8268.4208984375
8069.595703125
7867.12646484375
7672.21337890625
7478.2216796875
