20000.0
20000.0
20000.0
20000.0
20000.0
20000.0
20000.0
20000.0
20000.0
20000.0
20000.0
20000.0
20000.0
20000.0
20000.0
20000.0
20000.0
20000.0
20000.0
20000.0
20000.0
20000.0
20000.0
20000.0
20000.0
20000.0
20000.0
20000.0
20000.0
20000.0
20000.0
20000.0
20000.0
20000.0
20000.0
20000.0
20000.0
20000.0
19999.357421875
20000.0
19999.708984375
20000.0
20000.0
20000.0
20000.009765625
20000.005859375
20000.0
20000.0
20000.001953125
20000.001953125
20000.001953125
20000.0
20000.001953125
20000.0
19999.9921875
20000.0
20000.0
20000.0
20000.0
20000.0
20000.0
20000.0
20000.0
20000.0
19999.998046875
19999.98828125
20000.0
19919.087890625
19396.76953125
18876.263671875
18383.916015625
17867.755859375
17357.12109375
16883.212890625
16421.580078125
16001.40625
15595.283203125
15216.03125
14895.6787109375
14565.1484375
14265.30859375
13975.8349609375
13713.994140625
13459.6064453125
13183.46484375
12898.9013671875
12671.4501953125
12469.8427734375
12275.8193359375
12086.2314453125
11916.619140625
11731.0029296875
11554.755859375
11377.1259765625
11209.4755859375
11033.1123046875
10842.2685546875
10670.0859375
10508.19921875
10363.5205078125
10210.4482421875
10053.1337890625
9909.78125
9756.5849609375
9618.94140625
9486.5771484375
9362.01953125
9236.1943359375
9112.8369140625
8993.6796875
8873.607421875
8762.2783203125
8649.1884765625
8539.3798828125
8443.4873046875
8341.732421875
8246.8359375
8151.9775390625
8064.5078125
7979.08203125
7897.974609375
7825.0712890625
7753.48681640625
7682.6748046875
7609.90283203125
