20000.0
20000.0
20000.0
20000.0
20000.0
20000.0
20000.0
20000.0
20000.0
20000.0
20000.0
20000.0
20000.0
20000.0
20000.0
20000.0
20000.0
20000.0
20000.0
20000.0
20000.0
20000.0
20000.0
20000.0
20000.0
20000.0
20000.0
20000.0
20000.0
20000.0
19999.9765625
19999.998046875
19999.9453125
19999.984375
19999.998046875
19999.546875
20000.0
19999.998046875
19999.998046875
20000.0
19999.990234375
20000.0
20000.0
20000.0
20000.0
20000.0
20000.0
20000.0
20000.0
20000.0
20000.0
20000.0
20000.0
19999.998046875
20000.0
20000.0
20000.0
20000.0
20000.0
20000.0
20000.0
20000.0
20000.0
19999.998046875
20000.0
20000.0
20000.0
19875.92578125
19189.068359375
18510.68359375
17873.392578125
17320.90625
16807.244140625
16336.712890625
15919.5556640625
15559.0556640625
15260.123046875
14948.2451171875
14658.3271484375
14368.150390625
14093.25390625
13807.0107421875
13519.3408203125
13246.2001953125
12960.0625
12691.4921875
12436.375
12189.8056640625
11971.4755859375
11735.2666015625
11509.9873046875
11265.892578125
11037.4150390625
10815.3203125
10606.6142578125
10413.2412109375
10219.369140625
10036.8671875
9855.14453125
9682.9296875
9534.521484375
9377.9560546875
9238.37109375
9101.1220703125
8972.4892578125
8844.5703125
8721.466796875
8606.8349609375
8493.8154296875
8389.20703125
8285.8798828125
8188.0048828125
8103.22119140625
8013.16015625
7929.08642578125
7845.40673828125
7767.369140625
7689.349609375
7612.369140625
7540.626953125
7468.5341796875
7401.9638671875
7336.26806640625
