20000.0
20000.0
20000.0
20000.0
20000.0
20000.0
20000.0
20000.0
20000.0
20000.0
20000.0
20000.0
20000.0
20000.0
20000.0
19999.998046875
20000.0
20000.0
20000.0
20000.0
20000.0
20000.0
20000.0
20000.0
20000.0
20000.0
20000.0
20000.0
19999.998046875
20000.0
20000.0
19999.96484375
19999.94140625
19999.935546875
20000.0
20000.0
20000.0
20000.0
19605.6796875
19143.943359375
18723.744140625
18388.619140625
18126.51171875
17861.6328125
17592.4921875
17308.28515625
17050.791015625
16810.888671875
16589.17578125
16389.38671875
16192.833984375
16005.6201171875
15815.8447265625
15628.2255859375
15462.642578125
15288.140625
15126.8623046875
14967.66015625
14821.0693359375
14677.91015625
14542.2763671875
14419.1015625
14298.0263671875
14181.71875
14063.0888671875
13947.0908203125
13844.822265625
13729.6572265625
13614.5205078125
13496.578125
13386.3564453125
13278.0869140625
13175.404296875
13079.8466796875
12984.1591796875
12894.099609375
12802.904296875
12709.095703125
12627.5947265625
12540.94140625
12459.962890625
12379.0185546875
12303.111328125
12227.1005859375
12153.5791015625
12084.748046875
12014.7841796875
11949.2685546875
11883.8974609375
11819.494140625
11762.5029296875
11699.9580078125
11640.9501953125
11580.7255859375
11521.7578125
11458.541015625
11388.6875
11315.9345703125
11236.62890625
11157.962890625
11077.109375
10998.10546875
10928.7080078125
10854.3583984375
10783.52734375
10711.6455078125
10643.0419921875
10571.3896484375
10483.5322265625
10394.5830078125
10306.41015625
10230.6025390625
10154.46875
10076.7373046875
10003.6513671875
9920.15625
9839.0947265625
9766.3291015625
9701.826171875
9638.24609375
9576.0576171875
9517.2646484375
9457.71875
9402.439453125
9345.662109375
