20000.0
20000.0
20000.0
20000.0
20000.0
20000.0
20000.0
20000.0
20000.0
20000.0
20000.0
20000.0
20000.0
20000.0
20000.0
20000.0
20000.0
20000.0
20000.0
20000.0
20000.0
20000.0
20000.0
20000.0
20000.0
20000.0
20000.0
20000.0
20000.0
20000.0
19999.966796875
20000.0
20000.0
20000.0
20000.0
20000.0
19999.998046875
20000.0
20000.0
20000.0
20000.0
20000.0
20000.0
19999.998046875
20000.0
20000.001953125
20000.0
20000.0
20000.0
20000.0
20000.0
20000.0
20000.0
19999.998046875
20000.0
20000.0
20000.0
20000.0
20000.0
20000.0
20000.0
20000.0
20000.0
20000.0
19581.513671875
18962.951171875
18383.703125
17872.14453125
17382.548828125
16938.962890625
16507.892578125
16099.57421875
15746.9208984375
15399.1103515625
15031.517578125
14633.73046875
14227.0537109375
13894.0546875
13569.935546875
13293.7529296875
13019.8974609375
12766.166015625
12508.294921875
12239.3740234375
11992.5302734375
11749.9609375
11530.5390625
11317.11328125
11119.7158203125
10954.4208984375
10783.3486328125
10627.103515625
10473.4501953125
10330.3447265625
10187.1103515625
10047.6982421875
9914.673828125
9778.3759765625
9646.3896484375
9508.7802734375
9367.0849609375
9236.7861328125
9093.4912109375
8960.94921875
8826.564453125
8696.2890625
8564.82421875
8433.54296875
8305.216796875
8165.33154296875
8027.75146484375
7892.60888671875
7762.3212890625
7649.3759765625
7529.216796875
7417.404296875
7310.15576171875
7210.99169921875
7111.52587890625
7019.9521484375
6933.94775390625
6846.7919921875
6763.4052734375
6677.88720703125
