20000.0
20000.0
20000.0
20000.0
20000.0
20000.0
20000.0
20000.0
20000.0
20000.0
20000.0
20000.0
20000.0
20000.0
20000.0
20000.0
20000.0
20000.0
20000.0
20000.0
20000.0
20000.0
19999.845703125
19999.994140625
20000.0
20000.0
20000.0
19999.76171875
19999.794921875
19999.998046875
20000.0
20000.0
20000.0
20000.0
20000.0
20000.0
20000.0
20000.0
20000.0
20000.0
20000.0
19999.9609375
20000.0
20000.0
19374.7421875
17957.607421875
16651.984375
15497.87890625
14497.9609375
13614.96484375
12898.771484375
12258.5146484375
11683.044921875
11124.033203125
10586.0986328125
10131.7314453125
9663.1826171875
9242.2373046875
8838.9541015625
8472.3134765625
8113.5361328125
7782.3203125
7483.40185546875
7200.1904296875
6948.904296875
6712.4091796875
6495.16455078125
6311.5537109375
6130.73291015625
5966.72216796875
5803.5009765625
5650.62353515625
5501.33203125
5363.81005859375
5241.36962890625
5116.22900390625
4999.44287109375
4883.2373046875
4772.2939453125
4678.36279296875
4578.9853515625
4482.44091796875
4386.65576171875
4298.626953125
4212.08447265625
4128.8388671875
4051.11767578125
3973.80615234375
3901.530029296875
3829.443115234375
3759.809326171875
3698.903076171875
3633.69677734375
3572.9228515625
3512.738037109375
3456.47119140625
3400.337646484375
3345.887451171875
3294.342041015625
3242.152587890625
3192.54345703125
3142.24462890625
3091.13232421875
3046.048583984375
2997.547119140625
2952.229248046875
2907.0908203125
2864.830078125
2823.5234375
2784.04443359375
2747.132080078125
2710.371337890625
2676.104736328125
2641.935546875
2608.973876953125
2580.86767578125
2552.300048828125
2525.609130859375
2498.325439453125
2472.23779296875
2445.644775390625
2419.50439453125
2394.807373046875
2369.752197265625
2346.07275390625
2322.178955078125
