20000.0
20000.0
20000.0
20000.0
20000.0
20000.0
20000.0
20000.0
20000.0
20000.0
20000.0
20000.0
20000.0
20000.0
20000.0
20000.0
20000.0
20000.0
20000.0
20000.0
20000.0
20000.0
20000.0
20000.0
20000.0
20000.0
20000.0
20000.0
20000.0
20000.0
20000.0
20000.0
20000.0
20000.0
20000.0
20000.0
19999.998046875
20000.0
20000.0
20000.0
20000.0
20000.0
19999.767578125
20000.0
20000.0
20000.0
20000.0
20000.0
20000.0
19999.9140625
20000.0
19999.998046875
20000.0
20000.0
20000.0
20000.0
20000.001953125
20000.0
20000.0
20000.0
20000.0
20000.0
19999.98828125
20000.0
20000.0
20000.0
20000.0
19999.92578125
20000.0
20000.0
19999.998046875
20000.0
20000.0
19999.998046875
20000.0
20000.0
20000.0
20000.0
20000.0
19999.998046875
20000.005859375
19999.998046875
20000.001953125
20000.0
20000.0
20000.0
20000.0
20000.0
20000.0
19476.8515625
18967.966796875
18529.021484375
18073.638671875
17648.28125
17204.041015625
16781.673828125
16370.1640625
15988.4345703125
15645.2509765625
15311.8759765625
15005.8310546875
14704.052734375
14416.4453125
14167.55859375
13904.1240234375
13659.849609375
13418.6630859375
13219.4814453125
13025.0634765625
12832.2744140625
12638.0595703125
12446.0576171875
12269.9609375
12097.0341796875
11931.4677734375
11786.8564453125
11630.767578125
11483.0888671875
11300.578125
11116.6201171875
10955.947265625
10806.4033203125
10670.703125
10535.3330078125
10412.42578125
10292.271484375
