20000.0
20000.0
20000.0
20000.0
20000.0
20000.0
19999.998046875
20000.0
20000.0
20000.0
20000.0
20000.0
20000.0
20000.0
20000.0
20000.0
20000.0
20000.0
20000.0
20000.0
20000.0
20000.0
20000.0
20000.0
20000.0
20000.0
20000.0
20000.0
20000.0
20000.0
20000.0
20000.0
20000.0
20000.0
20000.0
20000.0
20000.0
20000.0
20000.0
20000.0
20000.0
20000.0
20000.0
20000.0
20000.0
20000.0
20000.0
20000.0
20000.0
20000.0
20000.0
20000.0
20000.0
20000.0
20000.0
20000.0
20000.0
20000.0
20000.0
19999.9296875
20000.0
19999.990234375
20000.0
20000.0
19998.71875
19999.998046875
20000.001953125
19999.984375
19999.986328125
20000.0
20000.0
19999.990234375
19999.990234375
19999.388671875
20000.0
19999.943359375
20000.0
20000.0
20000.009765625
19999.986328125
20000.0
20000.0
20000.0
20000.001953125
19826.92578125
19353.55078125
18922.638671875
18512.513671875
18143.859375
17788.6484375
17456.46484375
17172.302734375
16871.91015625
16594.107421875
16319.123046875
16064.40625
15812.4931640625
15562.388671875
15328.3125
15098.1298828125
14883.0810546875
14662.42578125
14440.72265625
14240.0078125
14020.8046875
13813.9375
13607.1767578125
13416.541015625
13228.37890625
13047.3212890625
12878.390625
12711.212890625
12556.865234375
12404.1025390625
12252.5
12119.30859375
11974.3740234375
11851.6728515625
11727.919921875
11611.9189453125
11495.845703125
11383.3466796875
11277.6513671875
11171.1640625
11069.28515625
10964.71484375
