20000.0
20000.0
20000.0
20000.0
20000.0
20000.0
20000.0
20000.0
20000.0
20000.0
20000.0
20000.0
20000.0
20000.0
20000.0
20000.0
20000.0
20000.0
20000.0
20000.0
20000.0
20000.0
20000.0
20000.0
20000.0
20000.0
20000.0
20000.0
20000.0
20000.0
20000.0
20000.0
20000.0
20000.0
20000.0
20000.0
19999.701171875
19999.990234375
20000.0
19999.982421875
19999.998046875
20000.0
20000.0
20000.0
20000.0
19999.998046875
20000.0
20000.0
20000.0
19999.994140625
20000.0
19999.99609375
20000.0
20000.0
20000.0
20000.0
20000.0
20000.0
19999.94140625
20000.0
20000.0
20000.0
20000.0
20000.0
20000.0
20000.0
20000.0
20000.0
20000.0
20000.0
20000.0
20000.0
20000.0
20000.0
20000.0
19680.515625
19329.712890625
18873.6328125
18531.44140625
18201.84375
17913.689453125
17642.255859375
17398.162109375
17160.61328125
16934.78125
16721.04296875
16518.376953125
16312.0205078125
16104.333984375
15897.8564453125
15674.4765625
15420.037109375
15184.599609375
14955.8916015625
14729.1875
14491.685546875
14282.34765625
14098.580078125
13922.556640625
13759.8125
13583.57421875
13389.890625
13211.8505859375
13021.5048828125
12855.5234375
12703.306640625
12554.080078125
12397.251953125
12240.009765625
12089.8896484375
11935.75
11787.111328125
11647.388671875
11505.0009765625
11381.1572265625
11249.31640625
11126.6123046875
11003.5166015625
10887.0087890625
10768.390625
10652.03125
10538.4375
10423.0078125
10314.544921875
10204.630859375
