20000.0
20000.0
20000.0
20000.0
20000.0
20000.0
20000.0
20000.0
20000.0
20000.0
20000.0
20000.0
20000.0
20000.0
20000.0
20000.0
20000.0
20000.0
20000.0
20000.0
20000.0
20000.0
20000.0
20000.0
20000.0
20000.0
20000.0
20000.0
20000.0
20000.0
20000.0
20000.0
20000.0
20000.0
20000.0
20000.0
19999.912109375
20000.0
19999.998046875
19999.9921875
19999.99609375
20000.0
20000.0
20000.0
20000.0
19999.998046875
19999.98828125
20000.01953125
20000.0
20000.0
20000.0
19999.97265625
20000.0
20000.0
20000.0
20000.0
20000.0
20000.0
20000.001953125
19991.421875
19423.3125
18860.693359375
18308.228515625
17840.236328125
17413.439453125
17018.59375
16674.095703125
16282.416015625
15921.9306640625
15563.740234375
15166.8134765625
14796.87890625
14462.5107421875
14162.9345703125
13873.611328125
13606.46484375
13341.2001953125
13087.9755859375
12860.65625
12615.7431640625
12401.435546875
12192.33984375
12017.052734375
11845.56640625
11680.923828125
11527.189453125
11373.064453125
11218.3603515625
11057.1240234375
10900.296875
10730.1826171875
10537.068359375
10377.0517578125
10224.162109375
10082.375
9940.99609375
9804.7275390625
9677.90625
9552.34765625
9432.1201171875
9293.7666015625
9164.2978515625
9055.509765625
8947.140625
8850.1513671875
8754.5966796875
8664.720703125
8566.599609375
8462.8203125
8364.439453125
8267.2607421875
8176.28466796875
8081.072265625
7983.60009765625
7896.6982421875
7803.04638671875
7716.4931640625
7631.31982421875
7552.73876953125
7475.72900390625
7400.1318359375
7327.771484375
7255.0068359375
7187.0029296875
7119.36279296875
