20000.0
20000.0
20000.0
20000.0
20000.0
20000.0
20000.0
20000.0
20000.0
20000.0
20000.0
20000.0
20000.0
20000.0
20000.0
20000.0
20000.0
20000.0
20000.0
20000.0
20000.0
20000.0
20000.0
20000.0
20000.0
20000.0
20000.0
20000.0
19999.7734375
19999.998046875
20000.0
19999.994140625
20000.0
20000.0
19999.998046875
19999.943359375
20000.0
20000.0
20000.0
20000.0
20000.0
20000.0
20000.0
20000.0
20000.0
20000.0
20000.0
20000.0
20000.0
20000.0
20000.0
20000.0
20000.0
20000.0
20000.0
20000.0
20000.0
20000.0
20000.0
20000.0
19999.998046875
20000.0
20000.0
20000.0
20000.0
19999.99609375
20000.0
20000.0
20000.0
19680.4375
18955.271484375
18310.802734375
17749.546875
17255.40625
16817.986328125
16374.7998046875
15948.5185546875
15589.9306640625
15203.96875
14847.986328125
14500.3349609375
14180.83203125
13866.2490234375
13571.3720703125
13294.55078125
13021.6103515625
12774.3896484375
12540.935546875
12329.0576171875
12148.8818359375
11957.388671875
11777.962890625
11599.5712890625
11430.98828125
11261.8701171875
11095.0888671875
10937.912109375
10781.9677734375
10637.1689453125
10493.6669921875
10355.3173828125
10234.0205078125
10105.2294921875
9985.55078125
9866.048828125
9753.7841796875
9640.8193359375
9529.58984375
9421.283203125
9312.2255859375
9209.5537109375
9105.88671875
9004.4892578125
8914.34765625
8813.2890625
8713.048828125
8608.58984375
8508.8369140625
8407.240234375
8312.3798828125
8223.4296875
8132.3818359375
8046.5341796875
7961.44775390625
