14609.287109375
13713.962890625
13059.095703125
12710.3662109375
12656.0380859375
12823.8017578125
13102.4599609375
13811.3447265625
14460.5
15065.90234375
15593.3857421875
16090.3583984375
16554.169921875
17001.87890625
17492.17578125
17737.060546875
14876.9990234375
12614.51953125
11346.193359375
10395.0439453125
9708.763671875
9076.5615234375
8526.09375
8091.48388671875
7779.9072265625
7570.11376953125
7391.5830078125
7237.54736328125
7063.7001953125
6933.92578125
6833.720703125
6732.77734375
6643.30224609375
6558.08837890625
6477.10546875
6402.634765625
6337.92431640625
6277.68212890625
6218.98583984375
6165.88427734375
6114.701171875
6066.61572265625
6025.33984375
5981.9833984375
5941.95849609375
5902.4228515625
5865.28759765625
5826.80615234375
5786.9345703125
5747.46044921875
5706.50634765625
5667.3212890625
5627.70458984375
5589.14453125
5555.34765625
5519.203125
5485.38818359375
5451.3935546875
5419.287109375
5386.869140625
5355.25537109375
5325.416015625
5295.34130859375
5266.99560546875
5238.49755859375
5210.74755859375
5184.72021484375
5153.95947265625
5122.8994140625
5090.4072265625
5059.283203125
5027.62548828125
4996.4248046875
4966.6240234375
4936.27490234375
4907.3359375
4878.15234375
4849.537109375
4824.0576171875
4797.0380859375
4771.455078125
4745.13818359375
4719.71728515625
4693.5400390625
4667.5126953125
4642.50634765625
4616.8701171875
4592.23193359375
4566.91259765625
4541.69140625
4518.96728515625
4493.91259765625
4469.77001953125
4444.9189453125
4420.64990234375
4395.16943359375
4369.279296875
4343.61962890625
4316.84521484375
4291.02880859375
4264.498046875
4238.14111328125
4214.5087890625
4188.56201171875
4163.666015625
4138.24853515625
4113.91552734375
4089.089599609375
4064.612548828125
4041.2548828125
4017.490234375
3994.842529296875
3971.79541015625
3949.08642578125
3928.830078125
3906.5
3884.03662109375
3861.1337890625
3839.721923828125
3818.2978515625
3797.368896484375
3777.465087890625
3757.177734375
3737.765869140625
3717.9208984375
