20000.0
20000.0
20000.0
20000.0
20000.0
20000.0
20000.0
20000.0
20000.0
20000.0
20000.0
20000.0
20000.0
20000.0
20000.0
20000.0
20000.0
20000.0
20000.0
20000.0
20000.0
20000.0
20000.0
20000.0
20000.0
20000.0
19999.97265625
19999.998046875
20000.0
20000.0
20000.0
20000.0
19999.96484375
20000.0
20000.0
20000.0
19999.998046875
20000.0
20000.0
20000.0
19935.91796875
19470.14453125
19066.3828125
18629.548828125
18213.85546875
17813.11328125
17461.400390625
17105.818359375
16758.30859375
16424.0703125
16081.30859375
15757.8173828125
15436.4765625
15128.748046875
14863.5751953125
14584.427734375
14325.7890625
14064.28125
13834.40234375
13622.21875
13428.078125
13253.1513671875
13090.7626953125
12957.2578125
12834.0908203125
12719.05078125
12594.45703125
12415.1240234375
12240.416015625
12066.583984375
11907.2099609375
11738.5107421875
11529.361328125
11303.7626953125
11096.390625
10916.107421875
10758.076171875
10616.2294921875
10496.8408203125
10370.2900390625
10249.96875
10125.8447265625
10007.49609375
9888.6123046875
9762.0732421875
9644.5986328125
9531.388671875
9418.150390625
9303.8076171875
9196.4287109375
9103.7626953125
9005.4287109375
8913.7978515625
8808.078125
8711.076171875
8620.728515625
8538.056640625
8462.2958984375
8388.3203125
8320.453125
8247.0546875
8170.78515625
8103.349609375
8032.73046875
7968.1572265625
7900.82177734375
7833.97412109375
7762.8916015625
7692.30078125
7628.0244140625
7564.7216796875
7504.75634765625
7442.59716796875
7381.673828125
7328.14892578125
7270.32080078125
7215.02197265625
7157.88623046875
7102.50830078125
7044.8994140625
6987.43212890625
6932.19482421875
6875.46923828125
6821.35595703125
6765.861328125
