20000.0
20000.0
20000.0
20000.0
20000.0
20000.0
20000.0
20000.0
20000.0
20000.0
20000.0
20000.0
20000.0
20000.0
20000.0
20000.0
20000.0
20000.0
20000.0
20000.0
20000.0
20000.0
20000.0
20000.0
20000.0
20000.0
20000.0
20000.0
19999.998046875
20000.0
20000.0
20000.0
20000.0
20000.0
20000.0
20000.0
20000.0
20000.0
20000.0
20000.0
20000.00390625
20000.0
20000.0
20000.0
20000.0
20000.0
20000.0
20000.001953125
20000.0
20000.0
20000.0
20000.0
20000.0
20000.0
20000.0
20000.0
20000.0
20000.0
20000.0
20000.0
20000.0
20000.0
20000.0
19999.990234375
20000.0
20000.0
20000.0
19999.998046875
20000.0
20000.0
19999.99609375
19998.087890625
20000.0
19850.3359375
19164.509765625
18415.38671875
17740.07421875
17214.4296875
16678.314453125
16177.99609375
15693.9716796875
15266.951171875
14872.962890625
14533.8828125
14240.8837890625
13975.7431640625
13736.6953125
13494.953125
13251.3017578125
13032.9228515625
12794.939453125
12566.3759765625
12329.314453125
12103.0
11883.8076171875
11665.474609375
11458.052734375
11249.4990234375
11051.447265625
10845.3623046875
10647.3330078125
10477.0634765625
10296.990234375
10130.099609375
9963.970703125
9808.0380859375
9650.130859375
9496.2001953125
9350.9619140625
9203.8720703125
9064.6083984375
8923.4521484375
8782.4111328125
8654.400390625
8518.3115234375
8391.4013671875
8264.59765625
8145.830078125
8028.23828125
7916.6376953125
7813.728515625
7711.14208984375
7615.62060546875
7521.55029296875
