18446.787109375
17371.22265625
16557.078125
16221.6474609375
16183.8154296875
16385.02734375
16670.849609375
17382.841796875
18026.765625
18625.208984375
19144.03515625
19627.78125
20000.0
20000.0
20000.0
20000.0
20000.0
20000.0
19992.521484375
17182.640625
15180.90234375
13984.40625
13136.3154296875
12381.3369140625
11682.9482421875
11116.7978515625
10664.8759765625
10340.8212890625
10062.982421875
9835.3896484375
9670.6162109375
9529.2841796875
9410.99609375
9267.326171875
9132.9853515625
8951.791015625
8775.7392578125
8620.052734375
8475.96875
8351.0625
8233.580078125
8134.9453125
8064.14306640625
7989.97998046875
7921.4228515625
7853.35791015625
7789.67138671875
7725.99755859375
7664.0078125
7605.3857421875
7545.17578125
7487.515625
7430.13427734375
7374.994140625
7326.8271484375
7272.7978515625
7219.00439453125
7163.2255859375
7110.04931640625
7056.10205078125
7004.02392578125
6954.22216796875
6904.59423828125
6857.99853515625
6810.134765625
6763.2998046875
6720.9560546875
6669.9716796875
6620.2412109375
6570.56982421875
6524.04296875
6476.41845703125
6429.20654296875
6383.994140625
6337.99169921875
6294.27880859375
6249.87353515625
6205.89453125
6166.1416015625
6123.21533203125
6081.15478515625
6038.21728515625
5996.23291015625
5952.93994140625
5909.9375
5868.7412109375
5826.62890625
5785.60546875
5742.353515625
5698.31298828125
5657.515625
5611.82470703125
5567.51220703125
5522.47216796875
5479.3095703125
5436.1005859375
5393.46484375
5353.5908203125
5314.3427734375
5278.1298828125
5242.0283203125
5198.31005859375
5157.77783203125
5113.44189453125
5066.7578125
5015.19091796875
4964.13525390625
4912.34765625
4862.00927734375
4814.21337890625
4765.68994140625
4719.73486328125
4673.33984375
4628.17431640625
4588.3525390625
4545.33056640625
4504.67431640625
4463.693359375
4424.69921875
4384.767578125
4345.21630859375
4307.63427734375
4270.8759765625
4234.07373046875
4196.86669921875
