20000.0
20000.0
20000.0
19999.998046875
20000.0
20000.0
20000.0
20000.0
20000.0
20000.0
20000.0
20000.0
20000.0
20000.0
20000.0
20000.0
20000.0
20000.0
20000.0
20000.0
20000.0
19999.9453125
20000.0
20000.0
19999.98046875
19999.998046875
20000.0
20000.0
20000.0
20000.0
20000.0
20000.0
20000.0
19999.99609375
20000.0
19999.99609375
20000.0
19999.99609375
20000.0
20000.0
20000.0
20000.0
20000.0
19558.927734375
18757.578125
18026.5625
17227.0703125
16552.064453125
15840.0703125
15192.244140625
14585.7421875
14031.5
13525.2294921875
13034.98828125
12618.0498046875
12291.3798828125
11975.9248046875
11686.0029296875
11395.1962890625
11125.8173828125
10852.4462890625
10579.658203125
10323.05078125
10067.2958984375
9827.1591796875
9586.01171875
9342.5322265625
9119.021484375
8877.013671875
8648.7861328125
8419.16796875
8204.912109375
7991.16845703125
7775.8037109375
7570.51416015625
7366.51318359375
7171.98388671875
6984.77197265625
6815.43115234375
6666.87158203125
6500.20361328125
6350.3740234375
6208.69873046875
6080.8857421875
5956.27587890625
5843.3818359375
5738.36572265625
5633.91015625
5537.34033203125
5445.83642578125
5358.41845703125
5284.27294921875
5212.166015625
5146.2119140625
5079.9443359375
5017.80615234375
4958.62939453125
4901.7626953125
4850.49609375
4799.9208984375
4753.4453125
4707.4326171875
4665.16064453125
4629.24072265625
4590.93408203125
4554.875
4519.0908203125
4485.02978515625
4451.38134765625
4419.32470703125
4389.974609375
4361.1416015625
4334.5263671875
4308.3173828125
4283.4208984375
4262.1142578125
4239.4208984375
4218.10009765625
4196.95849609375
4177.30517578125
4157.7265625
4138.859375
4121.271484375
4103.77001953125
4087.37060546875
4070.91455078125
