20000.0
20000.0
20000.0
19953.86328125
18920.921875
18295.591796875
18311.185546875
18643.060546875
19063.544921875
19438.595703125
19707.48828125
19992.818359375
20000.0
20000.0
20000.0
20000.0
20000.0
20000.0
20000.0
20000.0
20000.0
20000.0
20000.0
20000.0
20000.0
20000.0
20000.0
20000.0
19999.998046875
20000.0
20000.0
19544.833984375
18572.5234375
17855.28515625
17171.61328125
16629.056640625
16200.0224609375
15858.1015625
15575.2412109375
15302.994140625
15069.255859375
14901.7900390625
14750.9755859375
14616.029296875
14480.7763671875
14326.1357421875
14152.8193359375
13984.8759765625
13832.1845703125
13684.9755859375
13551.98828125
13423.15625
13300.7685546875
13199.95703125
13089.1298828125
12983.7041015625
12877.625
12777.255859375
12676.6552734375
12577.0029296875
12480.353515625
12383.6904296875
12293.509765625
12204.3603515625
12118.5927734375
12042.3544921875
11958.7822265625
11879.064453125
11798.1806640625
11722.05859375
11646.17578125
11572.650390625
11503.2822265625
11433.138671875
11366.072265625
11297.0888671875
11229.0966796875
11164.9462890625
11090.251953125
11017.2841796875
10943.3115234375
10873.7802734375
10804.3330078125
10737.2822265625
10674.2841796875
10610.72265625
10550.76953125
10490.4091796875
10431.28125
10378.908203125
10322.009765625
10267.82421875
10212.462890625
10159.197265625
10104.185546875
10048.6416015625
9994.3017578125
9936.2939453125
9878.80859375
9818.5927734375
9758.6435546875
9704.615234375
9643.9638671875
9585.34765625
9525.296875
9467.6259765625
9407.9609375
9347.5849609375
9283.7431640625
9213.73828125
9143.962890625
9067.595703125
8990.81640625
8923.6220703125
8851.255859375
8792.9267578125
8737.9072265625
8685.44921875
8631.845703125
8578.8837890625
8527.3076171875
8474.853515625
8424.6826171875
8372.5927734375
