20000.0
20000.0
20000.0
20000.0
20000.0
20000.0
20000.0
20000.0
20000.0
20000.0
20000.0
20000.0
20000.0
20000.0
20000.0
20000.0
20000.0
20000.0
20000.0
20000.0
20000.0
20000.0
20000.0
20000.0
20000.0
20000.0
20000.0
19999.935546875
20000.0
20000.0
19999.998046875
20000.0
20000.0
20000.0
20000.01171875
20000.0
20000.0
20000.0
20000.0
20000.0
20000.0
20000.0
20000.0
20000.0
20000.0
20000.0
20000.0
20000.0
20000.0
19999.4375
19999.89453125
19999.978515625
19603.859375
18672.470703125
17929.384765625
17210.357421875
16572.642578125
16020.36328125
15593.751953125
15196.5087890625
14823.5947265625
14484.1982421875
14161.0810546875
13869.76171875
13591.158203125
13329.9130859375
13103.9072265625
12858.970703125
12625.0341796875
12395.8857421875
12185.7392578125
11981.1630859375
11786.9638671875
11608.0224609375
11432.1796875
11270.154296875
11110.7080078125
10958.0673828125
10825.0380859375
10689.060546875
10565.0439453125
10437.4814453125
10315.6064453125
10193.4375
10075.609375
9965.72265625
9856.52734375
9754.7138671875
9653.3740234375
9555.4384765625
9469.650390625
9377.884765625
9291.7431640625
9205.634765625
9124.7060546875
9043.87109375
8965.451171875
8892.484375
8819.2216796875
8750.498046875
8679.9580078125
8611.466796875
8551.35546875
8486.2646484375
8425.3056640625
8364.9873046875
8308.6611328125
8251.7578125
8196.1767578125
8143.9404296875
8090.5751953125
8038.95654296875
7986.88232421875
7936.19189453125
7891.6826171875
7843.7470703125
7798.51708984375
7752.8291015625
7709.435546875
7665.1240234375
7621.32421875
7579.24169921875
7536.125
7494.689453125
7451.9140625
