20000.0
20000.0
19717.34765625
18610.447265625
18214.478515625
18040.7890625
18123.796875
18621.0390625
19159.609375
19710.46875
20000.0
20000.0
20000.0
20000.0
20000.0
20000.0
20000.0
19999.94140625
20000.0
19999.998046875
20000.001953125
20000.0
18723.890625
17129.2109375
16051.0546875
15149.7529296875
14350.4072265625
13701.146484375
13127.845703125
12626.2724609375
12226.001953125
11830.9228515625
11480.6845703125
11137.2431640625
10842.5849609375
10572.060546875
10319.3583984375
10095.7919921875
9881.677734375
9688.9580078125
9507.3330078125
9342.9599609375
9204.8203125
9067.30859375
8952.046875
8858.5966796875
8771.9716796875
8686.751953125
8605.8876953125
8530.40234375
8454.3583984375
8382.125
8308.8291015625
8236.7353515625
8171.8310546875
8100.349609375
8033.66162109375
7971.28857421875
7915.205078125
7860.37060546875
7808.41748046875
7762.95947265625
7715.91357421875
7669.53125
7621.6279296875
7574.3232421875
7532.126953125
7480.87158203125
7429.30029296875
7376.33544921875
7326.27734375
7276.111328125
7228.263671875
7183.4814453125
7138.11474609375
7094.8466796875
7050.8134765625
7007.5654296875
6969.2197265625
6927.681640625
6888.37646484375
6848.6162109375
6810.9599609375
6772.841796875
6734.9560546875
6698.95947265625
6662.6875
6628.44482421875
6593.99462890625
6560.29150390625
6530.40673828125
6497.9072265625
6467.04052734375
6435.77197265625
6406.0986328125
6376.0712890625
6346.6708984375
6318.83837890625
6290.66357421875
6264.02587890625
6237.0244140625
6210.6005859375
6187.1845703125
6161.734375
6137.47314453125
6112.77978515625
6089.25048828125
6065.32861328125
6041.8271484375
6019.51708984375
5996.87109375
5975.4228515625
5953.58154296875
5932.20458984375
5913.24853515625
5892.6708984375
5873.1328125
5853.34521484375
5834.53125
5815.421875
5796.64013671875
5778.74609375
5760.56689453125
5743.24267578125
5725.59375
