20000.0
20000.0
20000.0
20000.0
20000.0
20000.0
20000.0
20000.0
20000.0
20000.0
20000.0
20000.0
20000.0
20000.0
20000.0
20000.0
20000.0
20000.0
20000.0
19995.87890625
19999.783203125
20000.0
19842.259765625
18402.173828125
17295.37109375
16434.580078125
15662.4775390625
15005.0205078125
14406.3837890625
13898.8603515625
13460.6875
12997.2880859375
12588.4658203125
12212.640625
11882.7626953125
11565.642578125
11271.1044921875
11005.4072265625
10777.7431640625
10580.3408203125
10384.21484375
10195.4765625
10033.7900390625
9870.853515625
9721.7578125
9572.759765625
9433.423828125
9293.6572265625
9157.91015625
9030.7783203125
8903.6162109375
8784.2783203125
8663.720703125
8545.9814453125
8443.3583984375
8336.224609375
8216.19921875
8091.55224609375
7988.82958984375
7889.30126953125
7793.19873046875
7703.66064453125
7616.73681640625
7541.2119140625
7469.2724609375
7402.10400390625
7342.56689453125
7277.89013671875
7216.953125
7152.30224609375
7090.26708984375
7021.29150390625
6950.0947265625
6877.07275390625
6810.79248046875
6756.09521484375
6707.52685546875
6660.13134765625
6614.57666015625
6561.66259765625
6513.17431640625
6463.54443359375
6418.91162109375
6375.99755859375
6334.650390625
6295.80029296875
6255.3369140625
6216.06201171875
6175.935546875
6135.9072265625
6099.78466796875
6060.11474609375
6022.89599609375
5986.25634765625
5952.36083984375
5917.53955078125
5882.59130859375
5849.77587890625
5816.25390625
5784.248046875
5751.78076171875
5720.56005859375
5693.02490234375
5663.1943359375
5635.35693359375
5607.7822265625
5582.20556640625
5556.4814453125
5531.015625
5506.5458984375
5480.5888671875
5454.9521484375
5428.25927734375
5401.73583984375
5378.00927734375
5351.998046875
5327.3056640625
5302.13818359375
5278.185546875
5253.70751953125
5229.67138671875
5206.30224609375
5181.69580078125
5157.7734375
5133.3369140625
