20000.0
20000.0
20000.0
20000.0
20000.0
20000.0
20000.0
20000.0
20000.0
20000.0
20000.0
20000.0
20000.0
20000.0
20000.0
20000.0
20000.0
20000.0
20000.0
20000.0
20000.0
20000.0
19999.984375
20000.0
20000.0
19999.99609375
20000.0
20000.0
19999.859375
20000.0
20000.0
20000.0
20000.0
20000.0
20000.0
20000.0
19484.91015625
18926.7578125
18395.01171875
17930.607421875
17480.3828125
17052.306640625
16681.841796875
16291.9853515625
15938.2255859375
15597.982421875
15286.9404296875
14983.2626953125
14711.09375
14469.2353515625
14231.71484375
13998.2529296875
13762.564453125
13537.5478515625
13329.6318359375
13108.2216796875
12908.9287109375
12722.4853515625
12558.0751953125
12400.9736328125
12226.33203125
12053.458984375
11900.9677734375
11760.52734375
11627.67578125
11507.994140625
11402.7412109375
11285.3984375
11174.630859375
11067.3515625
10963.833984375
10811.3798828125
10696.3955078125
10604.5087890625
10525.126953125
10450.8427734375
10371.005859375
10296.69140625
10236.4375
10176.5
10123.7607421875
10072.2353515625
10022.1787109375
9965.1708984375
9908.0205078125
9853.333984375
9793.6279296875
9736.8134765625
9682.0419921875
9632.37890625
9591.4150390625
9548.17578125
9507.625
9466.4228515625
9425.8779296875
9383.35546875
9341.5908203125
9301.953125
9262.8203125
9227.189453125
9191.056640625
9153.720703125
9119.7451171875
9083.0302734375
9048.5908203125
9014.669921875
8982.94140625
8950.5498046875
8918.958984375
8888.29296875
8854.916015625
8821.8994140625
8787.96484375
8754.599609375
8725.0986328125
8692.3232421875
8660.33984375
8627.4833984375
8596.3642578125
8564.79296875
8533.7890625
8504.611328125
8474.9326171875
8440.25
8401.4404296875
