20000.0
20000.0
20000.0
20000.0
20000.0
20000.0
20000.0
20000.0
20000.0
20000.0
20000.0
20000.0
20000.0
20000.0
20000.0
20000.0
20000.0
20000.0
20000.0
20000.0
20000.0
20000.0
20000.0
20000.0
19999.66015625
19999.88671875
20000.0
20000.0
20000.0
20000.0
20000.0
20000.0
20000.0
19999.994140625
20000.0
20000.0
20000.0
20000.0
20000.0
20000.0
20000.0
20000.0
19999.9921875
20000.0
19999.98828125
20000.0
20000.0
19999.638671875
19999.998046875
20000.0
19936.9921875
18547.25390625
17423.72265625
16423.873046875
15489.611328125
14702.3720703125
13850.8212890625
13058.8486328125
12301.5546875
11622.0419921875
10994.4296875
10388.53515625
9819.8681640625
9264.7001953125
8778.9716796875
8330.9453125
7917.99462890625
7561.55322265625
7206.99462890625
6906.869140625
6625.55029296875
6374.86669921875
6142.1689453125
5917.9755859375
5724.7607421875
5542.3359375
5380.45068359375
5227.8134765625
5094.69970703125
4987.55517578125
4879.57470703125
4783.00830078125
4690.3515625
4602.66455078125
4516.0517578125
4435.7529296875
4364.12646484375
4296.05908203125
4235.38818359375
4177.69189453125
4124.5205078125
4079.843994140625
4034.01318359375
3992.698486328125
3952.969970703125
3917.010986328125
3882.26171875
3849.6962890625
3820.047119140625
3791.201171875
3764.839599609375
3739.177490234375
3714.6484375
3693.455322265625
3671.97998046875
3652.26123046875
3632.719970703125
3614.492919921875
3596.37255859375
3578.90576171875
3562.5380859375
3546.062255859375
3530.44580078125
3514.65185546875
3499.1748046875
3485.47314453125
3470.20751953125
3455.6875
3440.989501953125
3426.99853515625
3412.72802734375
3398.635986328125
3385.135009765625
3371.3251953125
3358.060791015625
3344.448486328125
