20000.0
20000.0
20000.0
20000.0
20000.0
20000.0
20000.0
20000.0
20000.0
20000.0
20000.0
20000.0
20000.0
20000.0
20000.0
20000.0
20000.0
20000.0
20000.0
20000.0
20000.0
20000.0
20000.0
20000.0
20000.0
20000.0
20000.0
20000.0
20000.0
19999.99609375
20000.0
20000.0
20000.0
20000.0
20000.0
20000.0
20000.0
20000.0
20000.0
19999.953125
19999.99609375
19438.1640625
18329.03125
17260.814453125
16359.095703125
15551.7822265625
14833.404296875
14168.359375
13609.18359375
13101.375
12506.34375
12042.908203125
11611.455078125
11216.0966796875
10888.611328125
10571.423828125
10195.5478515625
9810.1533203125
9492.623046875
9189.4111328125
8882.8857421875
8592.1259765625
8305.4013671875
8039.435546875
7782.58154296875
7549.4931640625
7356.541015625
7157.37744140625
6961.2939453125
6756.58740234375
6558.53125
6361.14892578125
6171.767578125
5992.42236328125
5812.2578125
5641.78955078125
5477.48681640625
5323.2744140625
5194.46484375
5068.765625
4959.55859375
4852.6357421875
4750.74853515625
4648.1953125
4541.7373046875
4438.69482421875
4339.89013671875
4251.17529296875
4163.75439453125
4080.23828125
4008.014892578125
3932.092529296875
3862.18408203125
3794.786376953125
3733.412109375
3673.5419921875
3617.169189453125
3565.96435546875
3516.28857421875
3470.8896484375
3426.702392578125
3384.735107421875
3348.476806640625
3310.35400390625
3277.2177734375
3245.019287109375
3215.339111328125
3186.03955078125
3157.8447265625
3129.558837890625
3101.1552734375
3074.933837890625
3049.137939453125
3024.568359375
3003.334228515625
2980.912841796875
2960.21142578125
2939.840087890625
2921.01123046875
2902.46923828125
2884.79541015625
2868.41845703125
2852.2294921875
2837.194091796875
2822.277587890625
