20000.0
20000.0
20000.0
20000.0
20000.0
20000.0
20000.0
20000.0
20000.0
20000.0
20000.0
20000.0
20000.0
20000.0
20000.0
20000.0
20000.0
20000.0
20000.0
20000.0
20000.0
20000.0
20000.0
20000.0
20000.0
20000.0
20000.0
20000.0
20000.0
20000.0
20000.0
19999.94921875
20000.0
20000.0
20000.0
20000.0
20000.0
20000.0
19999.99609375
20000.0
20000.0
20000.0
20000.0
20000.0
20000.0
20000.0
20000.0
20000.0
20000.0
20000.0
20000.0
20000.0
20000.0
20000.0
20000.0
19998.505859375
20000.0
20000.0
20000.0
19824.2265625
18830.185546875
17918.625
17132.048828125
16371.216796875
15687.12109375
15007.0439453125
14357.765625
13831.626953125
13250.7255859375
12705.791015625
12173.28125
11693.5849609375
11226.6513671875
10750.8564453125
10345.1396484375
9940.01171875
9562.0927734375
9187.455078125
8846.328125
8551.833984375
8235.8310546875
7944.4169921875
7659.37548828125
7396.5986328125
7145.08935546875
6918.28564453125
6714.61669921875
6520.8466796875
6348.0830078125
6183.435546875
6032.52685546875
5906.52490234375
5775.705078125
5660.35791015625
5545.84765625
5434.42431640625
5327.74658203125
5231.13330078125
5148.2724609375
5069.53955078125
4997.61962890625
4926.66796875
4859.017578125
4800.81884765625
4740.19287109375
4684.98193359375
4628.11279296875
4574.99072265625
4523.33154296875
4474.95751953125
4431.00146484375
4388.30029296875
4349.34716796875
4311.4208984375
4275.5849609375
4244.91748046875
4212.728515625
4183.125
4154.05029296875
4127.25732421875
4100.88671875
4075.756103515625
4052.556640625
4029.654541015625
4008.429443359375
3987.42236328125
