20000.0
20000.0
20000.0
20000.0
20000.0
20000.0
20000.0
20000.0
20000.0
20000.0
20000.0
20000.0
20000.0
20000.0
20000.0
20000.0
20000.0
20000.0
20000.0
19999.892578125
19999.998046875
20000.0
20000.0
20000.0
20000.0
20000.0
20000.0
20000.0
19999.986328125
20000.0
20000.0
20000.0
20000.0
20000.0
19999.998046875
20000.0
20000.0
20000.0
20000.0
20000.0
19514.28515625
18804.84375
18225.99609375
17656.884765625
17155.626953125
16731.392578125
16368.1455078125
15870.3359375
15385.1142578125
15011.662109375
14697.08203125
14389.2109375
14083.9072265625
13770.4931640625
13489.98828125
13206.4775390625
12920.7861328125
12636.982421875
12394.0830078125
12160.7548828125
11938.8564453125
11736.40625
11540.5791015625
11360.4033203125
11185.1103515625
11017.544921875
10873.6123046875
10720.3525390625
10579.2705078125
10438.009765625
10304.568359375
10171.341796875
10041.7607421875
9916.6025390625
9785.9130859375
9658.6279296875
9522.2587890625
9382.6689453125
9260.0048828125
9127.154296875
9002.9970703125
8876.244140625
8751.8017578125
8627.21875
8509.7275390625
8398.1142578125
8284.6904296875
8178.34521484375
8071.9541015625
7968.17138671875
7875.06396484375
7772.392578125
7674.4853515625
7575.880859375
7480.9658203125
7384.24365234375
7290.13916015625
7201.90869140625
7113.9384765625
7031.9248046875
6949.91455078125
6869.1357421875
6796.32568359375
6715.62158203125
6635.48681640625
6550.140625
6468.13232421875
6381.837890625
6295.0947265625
6215.587890625
6137.8154296875
6066.1630859375
5994.537109375
5924.005859375
5860.2490234375
5789.396484375
5720.666015625
5649.96484375
5582.2880859375
5514.33203125
5449.26416015625
5389.56103515625
5330.4130859375
5274.58544921875
5218.11328125
