19846.615234375
18533.623046875
17549.978515625
16874.75
16610.521484375
16540.66015625
16674.0546875
17208.421875
17754.787109375
18292.28125
18770.947265625
19222.54296875
19638.001953125
20000.0
20000.0
20000.0
20000.0
20000.0
20000.0
20000.0
20000.0
20000.0
19510.982421875
17025.3359375
15485.494140625
14519.2529296875
13935.2890625
13606.158203125
13347.3828125
13096.734375
12793.7275390625
12467.197265625
12168.0322265625
11883.7900390625
11626.966796875
11400.4912109375
11208.1650390625
11046.3408203125
10898.1640625
10762.828125
10619.591796875
10486.8515625
10362.2822265625
10223.892578125
10096.421875
9972.2685546875
9857.966796875
9746.2490234375
9639.16796875
9539.123046875
9437.8740234375
9344.1298828125
9248.2412109375
9154.5830078125
9072.5498046875
8985.7177734375
8905.8251953125
8819.30078125
8728.1767578125
8628.599609375
8529.7060546875
8436.111328125
8341.8642578125
8253.0751953125
8184.1142578125
8118.3369140625
8060.13818359375
7996.0732421875
7934.90087890625
7873.06884765625
7814.74560546875
7755.9599609375
7698.49755859375
7643.068359375
7583.392578125
7524.439453125
7464.04345703125
7404.45751953125
7351.2734375
7292.79296875
7236.3505859375
7178.22705078125
7122.2001953125
7064.7578125
7009.69677734375
6957.560546875
6903.62939453125
6851.3525390625
6797.52490234375
6744.1162109375
6696.23876953125
6643.66455078125
6593.22265625
6540.8779296875
6490.09765625
6437.9677734375
6386.4677734375
6336.6083984375
6283.82861328125
6232.470703125
6178.14306640625
6124.04052734375
6076.06982421875
6024.3173828125
5975.45068359375
5926.25537109375
5879.75634765625
5832.69189453125
5786.4384765625
5742.1240234375
5697.52001953125
5655.44873046875
5612.9638671875
5571.35693359375
5534.4462890625
5494.35302734375
5456.24853515625
5417.9775390625
5381.95068359375
5345.19921875
5306.62548828125
5270.14599609375
5233.9990234375
5200.12890625
5166.01611328125
