20000.0
20000.0
20000.0
20000.0
20000.0
20000.0
20000.0
20000.0
20000.0
20000.0
20000.0
20000.0
20000.0
20000.0
20000.0
20000.0
20000.0
20000.0
20000.0
20000.0
20000.0
20000.0
20000.0
19999.7734375
19999.998046875
20000.0
20000.0
20000.001953125
20000.0
20000.0
20000.0
20000.0
19418.216796875
18741.224609375
18103.7890625
17549.107421875
17079.0625
16654.873046875
16284.5927734375
15929.98828125
15601.6064453125
15320.7685546875
15030.7333984375
14767.2568359375
14521.751953125
14294.109375
14072.119140625
13856.7333984375
13656.12890625
13458.2802734375
13273.416015625
13088.9580078125
12911.94140625
12757.765625
12590.556640625
12434.6904296875
12281.197265625
12135.2919921875
11991.771484375
11858.8935546875
11742.3515625
11630.291015625
11526.6298828125
11422.6220703125
11321.6123046875
11232.7998046875
11130.8818359375
11030.794921875
10931.6015625
10840.630859375
10750.9775390625
10664.861328125
10584.7197265625
10503.353515625
10427.4267578125
10352.5966796875
10281.2392578125
10219.4404296875
10153.9306640625
10093.1865234375
10036.0625
9983.8544921875
9933.3408203125
9885.6416015625
9840.884765625
9795.669921875
9753.03125
9711.544921875
9671.55078125
9636.1015625
9597.4208984375
9560.791015625
9523.625
9488.5283203125
9452.9921875
9418.2646484375
9385.4833984375
9352.31640625
9321.2880859375
9290.1064453125
9259.7470703125
9232.95703125
9204.4296875
9177.4443359375
9150.08203125
9123.5126953125
9095.7412109375
9065.923828125
9036.7470703125
9006.6669921875
8978.55078125
8950.603515625
8923.7783203125
8900.220703125
8874.568359375
8849.8564453125
8824.380859375
8796.7314453125
8766.216796875
8735.4404296875
8704.869140625
8672.5283203125
8639.6591796875
8603.8037109375
