20000.0
20000.0
20000.0
20000.0
20000.0
20000.0
20000.0
20000.0
20000.0
20000.0
20000.0
20000.0
20000.0
20000.0
20000.0
20000.0
20000.0
20000.0
19999.94921875
20000.0
20000.0
20000.0
20000.001953125
20000.0
20000.0
20000.0
20000.0
20000.0
20000.0
20000.0
20000.0
20000.0
20000.0
20000.0
20000.0
20000.0
20000.0
20000.0
19999.98046875
20000.0
20000.0
19551.349609375
18574.541015625
17771.12890625
16988.869140625
16221.2978515625
15594.6806640625
15078.5556640625
14532.904296875
13971.990234375
13512.1240234375
13093.0517578125
12722.884765625
12413.9267578125
12083.509765625
11787.578125
11508.51953125
11259.5595703125
11016.505859375
10786.677734375
10577.15234375
10368.451171875
10162.9541015625
9951.8046875
9745.751953125
9565.0498046875
9380.533203125
9199.35546875
9017.06640625
8850.04296875
8683.20703125
8518.0380859375
8356.5537109375
8191.45458984375
8037.474609375
7884.22216796875
7734.3447265625
7600.18212890625
7453.51611328125
7309.88427734375
7161.15966796875
7018.79296875
6874.2861328125
6734.08740234375
6604.05908203125
6476.140625
6359.5302734375
6245.880859375
6138.69189453125
6046.79931640625
5949.80712890625
5857.93798828125
5768.92822265625
5688.5517578125
5609.333984375
5532.59521484375
5460.888671875
5389.6044921875
5322.86376953125
5256.16845703125
5190.962890625
5132.921875
5069.68701171875
5009.5224609375
4948.49267578125
4890.57373046875
4834.79052734375
4783.03271484375
4734.05419921875
4685.36962890625
4640.08154296875
4594.66455078125
4549.984375
4510.314453125
4466.04638671875
4423.01318359375
4378.87646484375
4337.57763671875
4296.2412109375
4255.326171875
4216.09521484375
4176.44091796875
4138.8203125
4100.66845703125
