20000.0
20000.0
20000.0
20000.0
20000.0
20000.0
20000.0
20000.0
20000.0
20000.0
20000.0
20000.0
20000.0
20000.0
20000.0
20000.0
20000.0
19999.984375
20000.0
20000.0
19999.9453125
19999.806640625
20000.0
20000.0
20000.0
20000.0
20000.0
20000.0
20000.0
20000.0
20000.0
20000.0
19999.998046875
20000.0
19999.998046875
20000.0
20000.0
20000.0
20000.0
20000.0
19663.611328125
18953.587890625
18296.328125
17572.326171875
16816.107421875
16217.9775390625
15624.474609375
15070.4052734375
14604.0419921875
14186.173828125
13839.0439453125
13512.78125
13214.9560546875
12969.2724609375
12719.0654296875
12479.7783203125
12240.1181640625
12020.5390625
11797.875
11588.810546875
11398.408203125
11210.6279296875
11036.1513671875
10863.7900390625
10700.208984375
10559.1083984375
10406.51953125
10263.888671875
10108.8583984375
9955.0869140625
9798.634765625
9645.2001953125
9499.306640625
9348.7822265625
9203.2470703125
9047.9248046875
8891.1689453125
8752.5078125
8600.1845703125
8454.4248046875
8305.388671875
8163.37109375
8020.0625
7881.59423828125
7750.2939453125
7616.13818359375
7502.72509765625
7383.52880859375
7258.03662109375
7146.69384765625
7025.72607421875
6910.48095703125
6792.60791015625
6678.70947265625
6556.46923828125
6431.439453125
6311.2021484375
6190.0693359375
6081.6552734375
5979.98828125
5885.03955078125
5807.8173828125
5729.37158203125
5659.33251953125
5591.79443359375
5526.7294921875
5416.58642578125
5305.34375
5204.23046875
5106.83447265625
5018.70751953125
4939.10400390625
4864.2734375
4801.26513671875
4736.755859375
4677.73046875
4619.10791015625
4564.29052734375
4509.90087890625
4458.2587890625
4410.6728515625
4363.8857421875
4320.68408203125
4278.056640625
