20000.0
20000.0
20000.0
20000.0
20000.0
20000.0
20000.0
20000.0
20000.0
20000.0
20000.0
20000.0
20000.0
20000.0
20000.0
20000.0
20000.0
20000.0
20000.0
20000.0
20000.0
20000.0
20000.0
20000.0
19999.71875
20000.0
19642.8828125
18667.5859375
18129.8125
17656.451171875
17143.90625
16668.201171875
16251.166015625
15905.7998046875
15594.2041015625
15281.2265625
14981.873046875
14703.77734375
14451.3916015625
14211.716796875
13995.46875
13815.283203125
13610.8505859375
13398.712890625
13180.1689453125
12974.41796875
12766.7646484375
12567.6484375
12376.5478515625
12179.6572265625
11987.755859375
11789.9892578125
11594.6005859375
11420.537109375
11229.564453125
11046.763671875
10861.6318359375
10686.443359375
10508.408203125
10339.0654296875
10182.7841796875
10026.0224609375
9872.6728515625
9711.3515625
9547.974609375
9403.7607421875
9251.4912109375
9132.50390625
9027.0771484375
8916.9873046875
8800.349609375
8683.5888671875
8571.662109375
8457.578125
8348.7978515625
8239.326171875
8132.8701171875
8039.12841796875
7936.81982421875
7837.97314453125
7732.02685546875
7630.921875
7528.712890625
7429.7890625
7337.2666015625
7245.333984375
7159.72705078125
7074.28369140625
6990.89501953125
6917.123046875
6837.48779296875
6762.232421875
6685.9365234375
6613.3583984375
6540.0693359375
6469.46337890625
6403.8427734375
6337.54931640625
6275.45849609375
6212.865234375
6149.224609375
6091.06982421875
6026.94873046875
5965.9189453125
5904.259765625
5846.9697265625
5790.185546875
5735.1484375
5682.7900390625
5629.587890625
5579.0703125
5528.015625
5478.296875
5434.416015625
5386.72412109375
5341.44091796875
5295.5966796875
5252.1484375
5208.20849609375
5165.15869140625
5123.99609375
5079.2890625
5036.98046875
4994.53759765625
