20000.0
19507.154296875
18583.740234375
18218.08984375
18178.40625
18395.67578125
18707.33984375
19444.029296875
20000.0
20000.0
20000.0
20000.0
20000.0
20000.0
20000.0
20000.0
20000.0
20000.0
18250.923828125
16320.8447265625
15101.009765625
14043.8056640625
13202.6328125
12500.826171875
11913.6005859375
11417.546875
10935.380859375
10501.3984375
10119.0107421875
9794.470703125
9544.8681640625
9299.7529296875
9083.3720703125
8888.3349609375
8752.53125
8626.951171875
8506.84765625
8395.3095703125
8284.138671875
8180.28125
8074.01318359375
7972.84423828125
7889.42431640625
7804.82568359375
7730.36962890625
7660.23486328125
7596.640625
7534.31689453125
7475.21484375
7414.08447265625
7349.943359375
7285.6669921875
7208.8359375
7116.650390625
7036.27392578125
6954.6982421875
6881.6328125
6810.2060546875
6744.0048828125
6678.20947265625
6614.7099609375
6555.09423828125
6495.74658203125
6440.68408203125
6385.185546875
6331.23193359375
6283.83251953125
6233.00390625
6185.4384765625
6137.84375
6093.1025390625
6047.99951171875
6007.220703125
5967.798828125
5927.12109375
5888.23876953125
5848.701171875
5809.791015625
5775.310546875
5738.16455078125
5702.8662109375
5667.349609375
5633.73046875
5599.74072265625
5566.5400390625
5535.07958984375
5503.3056640625
5473.2470703125
5442.64013671875
5412.7021484375
5386.30029296875
5357.78369140625
5330.82861328125
5303.6025390625
5277.9873046875
5251.98486328125
5226.43798828125
5202.14306640625
5177.58642578125
5154.408203125
5131.17041015625
5107.81298828125
5086.552734375
5063.99755859375
5043.21337890625
5022.3017578125
5001.50048828125
4979.71826171875
4958.3916015625
4937.69384765625
4916.56640625
4896.06005859375
4874.58984375
4853.30517578125
4833.9775390625
4806.7255859375
4777.76904296875
4747.2666015625
4718.2578125
4688.966796875
4660.5205078125
4633.71435546875
4606.46728515625
4580.68701171875
4554.12255859375
