20000.0
20000.0
20000.0
19734.119140625
19238.361328125
19485.4609375
20000.0
20000.0
20000.0
20000.0
20000.0
20000.0
20000.0
20000.0
20000.0
19999.998046875
20000.0
19999.943359375
20000.0
18878.248046875
18112.5234375
17520.28515625
16960.154296875
16427.951171875
15988.9287109375
15575.716796875
15226.4833984375
14916.833984375
14643.056640625
14415.767578125
14162.6728515625
13910.78125
13664.0810546875
13446.3486328125
13237.154296875
13040.5830078125
12858.2060546875
12672.9208984375
12495.685546875
12314.16796875
12132.271484375
11960.83203125
11770.41015625
11582.962890625
11385.521484375
11204.1845703125
11028.453125
10872.0263671875
10723.9775390625
10569.556640625
10428.208984375
10301.359375
10185.7958984375
10087.7080078125
9985.263671875
9885.9892578125
9776.0302734375
9666.9599609375
9552.26171875
9383.1044921875
9227.4560546875
9086.54296875
8972.3095703125
8875.73828125
8778.525390625
8690.849609375
8596.6943359375
8509.3212890625
8418.6357421875
8332.1923828125
8244.4912109375
8157.80517578125
8073.64013671875
7984.45751953125
7896.34521484375
7803.8544921875
7709.82470703125
7625.609375
7535.99365234375
7450.552734375
7367.4990234375
7290.90869140625
7215.38427734375
7143.10986328125
7075.5322265625
7008.21533203125
6945.4873046875
6883.2783203125
6823.3876953125
6771.033203125
6714.09716796875
6659.42822265625
6603.8330078125
6551.130859375
6498.39013671875
6447.52685546875
6400.01171875
6352.3251953125
6307.3232421875
6261.2041015625
6215.744140625
6175.501953125
6132.0009765625
6090.98193359375
6049.89404296875
6011.42724609375
5973.0947265625
5936.21240234375
5900.54833984375
5860.4990234375
5818.34130859375
5773.5009765625
5728.82421875
5689.349609375
5647.33935546875
5608.7275390625
5567.52978515625
5528.0458984375
5487.4638671875
5447.4970703125
5409.61767578125
5371.3515625
5335.16650390625
5298.62890625
