20000.0
20000.0
20000.0
20000.0
20000.0
20000.0
20000.0
20000.0
20000.0
20000.0
20000.0
20000.0
20000.0
20000.0
20000.0
20000.0
20000.0
20000.0
20000.0
20000.0
20000.0
20000.0
20000.0
20000.0
20000.0
20000.0
20000.0
20000.0
20000.0
20000.0
20000.0
20000.0
20000.0
20000.0
20000.0
20000.0
20000.0
20000.0
20000.0
19999.935546875
20000.0
20000.0
20000.0
19999.990234375
20000.0
20000.0
20000.0
20000.0
20000.0
19999.837890625
20000.0
20000.0
20000.0
20000.0078125
20000.0
20000.0
20000.0
20000.0
20000.0
20000.0
20000.0
20000.0
19999.953125
20000.01171875
20000.0
20000.00390625
20000.0
19999.8984375
20000.0
20000.0
20000.0
20000.0
20000.0
20000.0
20000.0
20000.0
20000.0
19335.505859375
18481.802734375
17686.53515625
17025.177734375
16444.490234375
15841.287109375
15228.279296875
14684.11328125
14163.013671875
13696.7607421875
13239.8759765625
12803.8525390625
12457.27734375
12112.5361328125
11807.45703125
11505.7412109375
11223.087890625
10948.998046875
10679.0078125
10418.28515625
10151.93359375
9897.0283203125
9639.6103515625
9391.810546875
9170.80078125
8936.50390625
8721.7421875
8505.6318359375
8303.9990234375
8103.419921875
7910.80859375
7732.296875
7555.9892578125
7391.787109375
7225.97021484375
7065.6083984375
6926.2236328125
6777.654296875
6637.34912109375
6497.0234375
6366.55712890625
6236.59228515625
6111.55419921875
5996.439453125
5881.8564453125
5776.0
5672.8154296875
