20000.0
20000.0
19331.607421875
18236.87890625
17987.4453125
18051.349609375
18305.509765625
19043.66015625
19738.80078125
20000.0
20000.0
20000.0
20000.0
20000.0
20000.0
20000.0
20000.0
20000.0
20000.0
19998.388671875
20000.0
20000.0
18686.578125
17702.349609375
16857.943359375
16224.7177734375
15729.642578125
15359.0830078125
15020.8037109375
14707.6318359375
14445.9736328125
14177.4697265625
13932.7705078125
13701.384765625
13489.115234375
13287.33203125
13097.779296875
12922.4375
12735.7138671875
12557.3046875
12378.48828125
12205.705078125
12053.666015625
11899.5576171875
11768.904296875
11644.7578125
11521.69921875
11379.1201171875
11227.216796875
11022.2666015625
10803.537109375
10608.650390625
10424.1318359375
10253.82421875
10111.4228515625
9965.8759765625
9833.0625
9697.5517578125
9567.01953125
9434.099609375
9294.55078125
9153.4990234375
9079.4765625
9004.3779296875
8857.2021484375
8717.5400390625
8604.201171875
8505.744140625
8399.580078125
8297.056640625
8192.791015625
8092.4658203125
7991.93798828125
7893.0244140625
7796.3662109375
7697.83642578125
7606.11181640625
7513.91748046875
7424.31298828125
7345.4794921875
7260.9970703125
7182.5419921875
7105.23779296875
7033.98876953125
6964.02587890625
6897.9814453125
6837.24853515625
6777.1044921875
6721.92041015625
6666.0224609375
6610.88818359375
6562.02197265625
6509.42724609375
6459.89111328125
6410.376953125
6364.55615234375
6317.169921875
6266.26123046875
6213.166015625
6153.7783203125
6096.37939453125
6039.3056640625
5984.509765625
5936.78955078125
5885.9267578125
5838.1474609375
5790.16748046875
5746.0751953125
5702.8798828125
5659.80712890625
5618.82568359375
5577.455078125
5538.41259765625
5498.96630859375
5460.30859375
5423.68603515625
5379.822265625
5338.6298828125
5298.66259765625
5262.02734375
5225.72412109375
5190.4453125
5157.0302734375
5123.24658203125
5091.10986328125
5058.30419921875
