19454.19140625
18152.197265625
17246.5625
16527.080078125
16170.880859375
16213.931640625
16652.248046875
17162.30078125
17694.01171875
18185.01171875
18657.96484375
19095.62890625
19491.42578125
19877.1328125
20000.0
20000.0
20000.0
20000.0
20000.0
19995.52734375
17955.9296875
15986.306640625
14720.140625
13780.458984375
13026.7216796875
12399.337890625
11830.1640625
11333.119140625
10909.025390625
10572.7392578125
10257.3916015625
9962.3740234375
9670.005859375
9411.99609375
9166.46484375
8939.6025390625
8737.59765625
8534.6337890625
8348.583984375
8223.78125
8113.39306640625
8022.09521484375
7927.9677734375
7841.29736328125
7755.873046875
7674.7158203125
7594.083984375
7517.64599609375
7447.55810546875
7378.7216796875
7314.93505859375
7251.49609375
7190.1376953125
7136.15869140625
7078.07470703125
7023.60498046875
6968.29345703125
6918.1591796875
6866.7724609375
6815.64599609375
6766.64892578125
6716.73095703125
6669.3291015625
6621.2939453125
6574.23828125
6532.49072265625
6487.04248046875
6443.93212890625
6400.732421875
6359.83154296875
6318.3232421875
6277.37939453125
6238.2158203125
6198.23974609375
6159.95361328125
6120.8251953125
6080.90087890625
6044.8818359375
6006.30322265625
5970.43896484375
5936.15283203125
5903.94091796875
5870.91748046875
5837.95263671875
5806.08544921875
5773.28173828125
5741.7060546875
5709.3369140625
5677.78369140625
5648.35107421875
5616.1728515625
5585.91796875
5555.67529296875
5527.2294921875
5498.48291015625
5470.24560546875
5443.4189453125
5416.43896484375
5390.90478515625
5364.99755859375
5339.51953125
5316.826171875
5292.09765625
5268.59765625
5244.75927734375
5222.0927734375
5199.0390625
5176.43896484375
5154.9638671875
5133.6015625
5113.62353515625
5093.55615234375
5073.97216796875
5056.6787109375
5037.958984375
5020.2509765625
5002.32275390625
4985.2958984375
4967.5947265625
4950.1787109375
4933.81591796875
4917.41796875
4902.015625
4886.47607421875
