20000.0
19179.712890625
18000.794921875
17345.083984375
16993.326171875
16760.818359375
16758.232421875
17116.794921875
17549.6640625
18011.892578125
18445.181640625
18866.962890625
19261.443359375
19616.36328125
19959.287109375
20000.0
20000.0
20000.0
20000.0
20000.0
20000.0
20000.0
20000.0
20000.0
20000.0
19999.998046875
20000.0
20000.0
20000.0
20000.0
19999.935546875
19001.275390625
17584.2109375
16641.23046875
15937.3935546875
15288.53515625
14734.5908203125
14314.373046875
13990.0771484375
13759.33203125
13575.1611328125
13399.767578125
13250.78125
13067.2001953125
12868.2626953125
12668.4853515625
12489.767578125
12314.66015625
12155.5947265625
12017.509765625
11889.693359375
11777.71875
11671.6611328125
11571.8642578125
11482.2314453125
11383.9423828125
11293.470703125
11204.4150390625
11123.93359375
11042.537109375
10963.94921875
10886.484375
10794.6630859375
10700.1142578125
10603.0830078125
10508.7763671875
10427.5673828125
10340.1904296875
10257.740234375
10174.615234375
10096.2001953125
10015.044921875
9936.8359375
9864.77734375
9792.875
9724.1396484375
9653.3642578125
9582.83984375
9519.6953125
9450.09375
9382.9345703125
9313.4013671875
9246.2880859375
9177.384765625
9108.826171875
9042.8837890625
8971.7001953125
8900.7119140625
8824.9990234375
8735.86328125
8655.009765625
8563.064453125
8473.6328125
8387.28125
8320.7626953125
8252.1181640625
8183.5439453125
8117.78125
8050.29931640625
7985.46826171875
7919.0625
7853.48828125
7794.92041015625
7730.69287109375
7668.7646484375
7604.7314453125
7543.130859375
7480.83447265625
7422.92138671875
7371.40576171875
7318.7421875
7268.01806640625
7215.49560546875
7158.96484375
7105.2841796875
7045.02978515625
6987.111328125
6928.37353515625
6872.6982421875
6816.19580078125
6759.7607421875
6703.6865234375
6648.0693359375
6596.2490234375
6543.52783203125
