25400.0
25400.0
25400.0
25167.748046875
24839.212890625
24839.212890625
24839.830078125
24887.572265625
24894.828125
24897.271484375
24899.296875
24901.23046875
24902.978515625
24905.021484375
24907.39453125
24908.787109375
24909.90625
24910.849609375
24911.62109375
24911.6015625
24910.14453125
24912.8984375
33604.140625
51488.359375
63629.82421875
70497.8359375
75105.2890625
79555.4375
84764.1015625
89483.734375
94612.2734375
99621.625
104062.109375
107847.6015625
111260.90625
114879.9140625
118319.7109375
121722.703125
124918.203125
127895.015625
130637.5703125
129333.1015625
127820.21875
126363.921875
124869.9765625
123610.8046875
122446.9375
121366.609375
120390.7421875
119381.3046875
118422.6953125
117464.2265625
116474.5234375
115532.40625
114671.390625
113932.65625
113225.75
112583.7421875
111968.1171875
111301.6953125
110664.8359375
110045.0
109641.65625
109386.375
109255.984375
109121.1640625
108860.890625
108708.4453125
108645.1015625
108688.6171875
108847.5546875
109182.8515625
109436.078125
109505.2109375
109435.921875
109379.5
109362.8125
109395.8203125
109522.671875
109716.5
109944.734375
110150.4375
110332.65625
110471.3125
110600.5546875
110881.484375
111149.109375
111360.9375
111528.390625
111645.75
111743.171875
111808.8203125
111849.3515625
111861.078125
111860.8515625
111906.1484375
111989.2265625
112079.6015625
112159.6640625
112275.8125
112448.0859375
112593.9453125
112741.5625
112871.2578125
112988.7109375
113097.4609375
113219.6015625
113283.640625
113332.4375
113382.9296875
113427.9921875
113467.703125
113498.9375
113519.828125
113539.8203125
113544.9609375
113532.3203125
113503.0
113449.234375
113372.6640625
113282.8515625
113175.125
113104.859375
113028.90625
