25400.0
25400.0
24607.7578125
24903.9765625
24621.0625
24072.90234375
23272.90625
22806.052734375
22542.6796875
22543.923828125
22638.28125
22862.81640625
23351.607421875
24117.638671875
24524.32421875
24675.25
24732.826171875
24769.037109375
24801.708984375
24828.865234375
24857.353515625
24883.021484375
24907.857421875
24927.22265625
24961.498046875
24995.64453125
25014.146484375
25016.05859375
25034.2578125
25169.216796875
25884.478515625
27924.919921875
33340.08203125
40347.85546875
46491.2421875
51258.5859375
54564.69921875
56771.50390625
58368.86328125
59836.37109375
61152.0390625
62558.83203125
63985.78515625
65259.67578125
66689.0859375
68066.9140625
69851.078125
71669.53125
73539.6328125
75720.2734375
77924.59375
80081.515625
82236.7265625
84351.34375
85952.125
87072.90625
88257.2890625
89474.078125
90839.3515625
92455.9296875
94479.1875
97113.3125
99485.0390625
101980.7578125
104601.0625
107455.9375
109667.921875
109737.71875
110206.9609375
110786.5078125
111315.171875
111740.0234375
112210.640625
112506.25
112672.3125
112775.90625
112830.796875
112878.2578125
112907.640625
112909.03125
112988.234375
113037.8203125
113076.734375
113129.5390625
113190.5703125
113203.375
113203.5625
113186.515625
113136.8125
113050.4296875
112970.0078125
112892.859375
112784.9921875
112734.4140625
112674.4296875
112806.7578125
112945.5703125
112996.6953125
113005.984375
112985.484375
112925.890625
112827.3515625
112708.6953125
112597.359375
112460.0078125
112371.453125
112284.5390625
112210.6875
112139.90625
112092.6796875
112142.4609375
112178.984375
112173.9140625
112138.8046875
112107.8984375
112080.0
112040.28125
111990.484375
111926.1171875
111909.6171875
111877.7578125
111778.4609375
111889.3046875
111994.84375
111987.984375
111907.203125
