25400.0
25400.0
25133.287109375
24501.154296875
24158.072265625
23931.7578125
23912.5859375
23915.134765625
23922.56640625
23932.283203125
23944.818359375
23961.8984375
23986.646484375
24024.8203125
24083.88671875
24894.6015625
30902.70703125
40779.44921875
55689.91015625
72825.7109375
88838.9140625
102783.1953125
114808.046875
125385.2421875
133043.265625
132063.875
130728.3515625
128840.5859375
126849.09375
125031.9140625
123068.2421875
121171.859375
119094.515625
117175.1328125
115346.40625
113667.609375
112195.8984375
110824.7421875
109708.875
108564.46875
107615.34375
106837.5078125
106061.578125
105381.6953125
104712.1015625
104115.953125
103573.6328125
103205.90625
103247.109375
103174.0625
102934.2265625
102689.1171875
102585.2109375
102493.7109375
102310.4609375
102080.2109375
101815.0078125
101622.4609375
101442.1328125
101410.75
101377.5546875
101365.1796875
101337.859375
101280.4296875
101201.4296875
101125.25
101044.9921875
100962.2421875
100868.2109375
100814.125
100808.3359375
100831.5
100855.53125
100872.59375
100876.015625
100860.4921875
100844.8984375
100838.75
100831.90625
100823.6328125
100827.46875
100845.2734375
100867.0234375
100888.8125
100907.34375
100921.8671875
100924.7109375
100926.2421875
100931.859375
100943.59375
100964.265625
100990.1953125
101022.0234375
101054.59375
101087.359375
101125.9921875
101167.7578125
101205.3828125
101235.109375
101260.671875
101286.125
101312.4296875
101343.078125
101375.2265625
101412.0
101449.0
101488.6015625
101527.7578125
101563.296875
101611.4140625
101675.6953125
101751.203125
101829.7734375
101901.984375
101982.0
102057.75
102133.6484375
102203.9140625
102273.6640625
102341.640625
102385.78125
102434.2578125
102481.359375
102519.6875
