25400.0
25400.0
25400.0
25335.751953125
25213.140625
25213.140625
25213.140625
25213.140625
25213.140625
25213.140625
25213.140625
25213.140625
25213.140625
25213.140625
25213.140625
25213.140625
25213.140625
25213.140625
25213.140625
25213.140625
25213.140625
25213.140625
29858.111328125
47980.6796875
64674.703125
79949.9453125
92347.5390625
103094.4140625
112209.84375
119744.4609375
127187.2890625
133138.9375
138239.5
141833.109375
144470.828125
146567.765625
148244.234375
148416.390625
144714.96875
141310.671875
138137.203125
135536.671875
132586.515625
129889.7734375
127404.2734375
125261.953125
123198.328125
121107.1875
119193.6875
118002.3359375
117137.1484375
116052.203125
114814.5546875
113881.8359375
113061.7578125
112260.625
111551.7734375
111098.7578125
110876.9140625
110757.9921875
110628.1796875
110473.671875
110342.203125
110250.3203125
110191.8671875
110156.4765625
110134.4921875
110133.9296875
110199.71875
110298.484375
110385.109375
110454.09375
110527.34375
110617.34375
110704.1328125
110790.0078125
110867.5390625
110927.8125
110978.40625
110951.328125
110922.203125
110895.8203125
110862.90625
110818.8359375
110752.625
110645.90625
110512.234375
110351.765625
110175.78125
110006.6875
109814.265625
109622.3984375
109419.7734375
109220.8515625
109012.9140625
108803.2109375
108599.625
108388.5859375
108184.1484375
107973.375
107765.890625
107569.25
107355.4609375
107152.1953125
106947.28125
106755.7578125
106566.8828125
106383.515625
106211.1953125
106037.8671875
105873.25
105704.2890625
105545.9140625
105409.390625
105266.1875
105135.0625
105007.375
104890.0859375
104775.7109375
104664.6640625
104579.5859375
104500.4921875
104428.3125
104360.953125
