25400.0
25400.0
25400.0
25400.0
25400.0
25400.0
25400.0
25400.0
25400.0
25400.0
25400.0
25400.0
25400.0
25400.0
25400.0
25400.0
25400.0
25400.0
25400.0
25400.0
25400.0
25400.0
25400.0
25400.0
25400.0
25400.0
25400.0
25400.0
28423.921875
45750.97265625
62035.0
75431.4609375
85274.1953125
93649.625
101625.0
108698.71875
114709.7265625
120195.9609375
124448.234375
128041.078125
131126.609375
133670.515625
135995.015625
137842.015625
139456.5625
140773.203125
142018.078125
143101.71875
144017.59375
144787.359375
145437.671875
146097.953125
146702.3125
147209.796875
150134.40625
151874.921875
151060.0
146691.34375
142486.84375
138948.8125
137205.09375
134855.015625
132531.046875
130434.7421875
128803.0859375
127571.640625
126377.859375
125396.4609375
124556.1015625
123858.6015625
123234.8671875
122669.8984375
122213.03125
121838.59375
121615.9140625
121545.5859375
121460.640625
121379.7109375
121246.6015625
121089.671875
120898.15625
120684.6484375
120457.4140625
120198.234375
119899.5625
119558.0234375
119225.734375
118882.7109375
118538.7890625
118237.7265625
117927.859375
117645.9296875
117370.375
117110.71875
116851.921875
116605.984375
116381.65625
116164.640625
115969.484375
115785.546875
115622.421875
115502.09375
115385.0625
115283.3828125
115189.875
115108.7265625
115037.4375
115009.3125
115056.953125
115095.7421875
115062.6484375
115050.8046875
115056.46875
115081.4140625
115196.0234375
115301.1640625
115397.3203125
115478.0390625
115550.9140625
115613.53125
115664.5625
115709.15625
115744.421875
115773.484375
