25400.0
25400.0
25400.0
25255.82421875
25045.2109375
24945.291015625
24945.291015625
24945.291015625
24945.291015625
24949.109375
25000.625
25009.177734375
25011.931640625
25013.80078125
25015.44921875
25016.99609375
25019.73046875
25021.21875
25022.431640625
25023.451171875
25024.513671875
25025.46875
25026.427734375
25027.32421875
25028.166015625
25029.01171875
25029.7578125
25030.509765625
25031.158203125
25031.173828125
25031.07421875
25029.763671875
25048.810546875
32020.791015625
44153.109375
53706.6484375
61322.328125
68933.3515625
74540.6328125
79491.4765625
83446.890625
87069.6796875
90283.5859375
92897.4921875
95561.5703125
97773.71875
99972.875
102005.6953125
103841.921875
105532.90625
107044.8984375
108435.9453125
109660.3828125
110509.2890625
111274.4921875
112001.7734375
112993.53125
113882.9609375
114689.4140625
115340.78125
116174.4296875
117148.921875
118284.2578125
120248.4609375
123549.84375
127101.2421875
130907.796875
134776.90625
139488.578125
143658.234375
147863.265625
151915.5625
152637.640625
150084.265625
147837.984375
145665.375
143717.265625
141805.265625
139894.546875
138300.5
136938.9375
136125.0
135314.984375
134380.828125
133628.359375
132989.4375
132378.25
131797.796875
131316.640625
130956.703125
130678.9296875
130497.0
130362.90625
130288.875
130275.1640625
130351.6171875
130492.4296875
130883.859375
131258.640625
131633.25
131951.734375
132195.421875
132391.65625
132540.625
132627.46875
132630.015625
132507.359375
132310.28125
132037.53125
131721.953125
131392.828125
131016.0546875
130616.078125
130130.6796875
129585.4609375
129054.4765625
128410.9609375
127770.546875
127098.515625
126453.7109375
125793.375
125114.171875
124455.4921875
123784.765625
123196.7578125
122636.75
