25400.0
25400.0
25400.0
25148.5625
25075.58984375
25075.58984375
25075.58984375
25075.58984375
25075.58984375
25098.255859375
25117.41796875
25121.9453125
25124.154296875
25125.46875
25126.53515625
25127.56640625
25128.513671875
25129.369140625
25130.185546875
25131.005859375
25131.4609375
25131.529296875
25130.314453125
25147.923828125
31244.693359375
40691.0
49538.50390625
59460.5078125
69996.1171875
79502.2109375
86597.484375
91637.765625
95903.140625
101473.8359375
108435.4140625
114307.359375
119529.203125
124845.828125
129865.34375
134762.5625
139867.609375
144151.515625
148174.296875
151334.640625
153871.84375
155883.796875
154374.5625
149951.09375
146196.546875
142340.609375
139099.890625
136255.4375
133723.046875
131908.0
129755.6484375
127732.921875
126428.15625
125812.859375
124922.7421875
123963.0234375
122927.5546875
122130.3984375
121587.0078125
121025.5625
120468.3046875
120048.9765625
119688.046875
119402.03125
119167.0703125
118992.171875
118801.421875
118656.140625
118566.4765625
118533.53125
118544.515625
118590.0078125
118659.0390625
118731.078125
118718.265625
118693.7578125
118666.7265625
118644.765625
118646.6171875
118631.9140625
118592.234375
118536.3359375
118490.90625
118405.2109375
118271.671875
118149.8203125
118035.34375
117942.75
117837.7421875
117723.2890625
117584.734375
117446.171875
117377.2734375
117193.265625
116990.3515625
116753.6875
116494.3359375
116255.4296875
116040.2109375
115827.5
115722.546875
115588.7265625
115419.5234375
115226.3515625
115026.375
114818.8046875
114620.8046875
114423.28125
114234.2109375
114070.5859375
113898.53125
113739.03125
113580.59375
113431.59375
113283.265625
113136.703125
112996.078125
112846.8984375
112699.359375
112538.1484375
