25400.0
25400.0
25400.0
25400.0
25332.09765625
25332.09765625
25332.09765625
25332.09765625
25332.09765625
25332.09765625
25330.5546875
25324.755859375
25321.396484375
25319.345703125
25318.15234375
25317.42578125
25316.99609375
25316.759765625
25316.611328125
25316.541015625
25316.41015625
25316.1875
25315.375
25990.576171875
41602.59375
59391.453125
75762.7265625
89106.7109375
98130.4296875
103144.4765625
107397.0390625
111261.6015625
113184.3984375
113581.671875
113667.765625
113512.171875
113180.9765625
112706.8359375
112146.90625
111463.46875
110778.4296875
110191.125
109645.0859375
109141.109375
108655.6015625
108194.7265625
107726.7421875
107266.8125
106823.109375
106368.4921875
105932.375
105482.5
105037.640625
104648.3046875
104267.265625
103994.984375
103786.6171875
103616.4375
103474.9453125
103343.5
103218.9453125
103086.0859375
102965.0234375
102842.6796875
102736.0
102668.703125
102614.1015625
102577.28125
102552.3515625
102659.2109375
102987.0859375
103286.265625
103558.6640625
103829.640625
104062.3359375
104271.859375
104408.84375
104555.375
104724.703125
104872.7265625
105013.7109375
105238.4765625
105338.9453125
105384.34375
105425.4921875
105492.390625
105578.546875
105638.5078125
105656.671875
105691.796875
105824.5234375
105949.5859375
106052.7265625
106126.5390625
106176.4375
106204.1640625
106261.53125
106302.3671875
106261.3359375
106181.8671875
106086.46875
105993.984375
105905.1875
105824.109375
105736.640625
105657.4921875
105740.0
105906.6328125
106017.125
106046.171875
106009.53125
105928.7109375
105852.234375
105811.40625
105827.8359375
105873.5234375
105917.5859375
105978.3203125
106061.1015625
106150.8359375
106237.015625
106319.8984375
106388.8203125
106446.0390625
