25400.0
25400.0
25400.0
25400.0
25399.978515625
25399.927734375
25399.865234375
25399.72265625
25399.599609375
25399.49609375
25399.41796875
25399.35546875
25399.310546875
25399.27734375
25399.251953125
25399.234375
25399.220703125
25399.2109375
25399.205078125
25399.201171875
25399.197265625
25399.1953125
25399.193359375
25399.19140625
25399.19140625
25399.19140625
25399.19140625
25399.19140625
25399.19140625
25399.19140625
25399.19140625
25399.19140625
25399.1875
25399.14453125
25399.091796875
25399.033203125
28693.015625
36641.55078125
41390.765625
43996.453125
45987.08203125
47919.9765625
50001.09375
52935.17578125
55844.6171875
59115.7421875
62605.14453125
66696.28125
70403.1640625
73392.2578125
76244.1015625
78405.4453125
80287.546875
82871.5390625
85442.2265625
89421.234375
92645.6171875
95816.3359375
98768.7890625
101824.1328125
105198.8984375
108612.390625
112205.953125
115693.546875
119586.1953125
123292.890625
126464.8828125
129792.3515625
132825.140625
135653.796875
138380.640625
141061.75
143530.671875
145698.734375
147669.984375
149379.515625
151158.859375
152927.875
154523.234375
156712.375
159116.265625
161549.9375
164788.265625
170345.8125
173098.203125
173577.9375
168921.921875
165354.328125
162770.0
160455.453125
158693.453125
156822.703125
155014.578125
153068.015625
151479.0625
150192.40625
149028.078125
148075.984375
147448.9375
146993.875
146737.125
146543.140625
146330.40625
146045.984375
145825.25
145611.671875
145406.140625
145147.765625
144862.40625
144590.265625
144314.828125
144041.546875
143935.328125
143814.40625
143653.71875
143391.5
143054.484375
142637.515625
142186.84375
141618.390625
140925.234375
140231.796875
139521.125
138835.375
138119.34375
