25400.0
25400.0
25400.0
25400.0
25400.0
25400.0
25400.0
25400.0
25400.0
25400.0
25400.0
25400.0
25400.0
25400.0
25400.0
25400.0
25400.0
25400.0
25400.0
25400.0
25400.0
25400.0
25400.0
25400.0
25400.0
29807.826171875
42533.83984375
52913.75390625
66806.6796875
79218.5390625
89218.0546875
96364.484375
102776.953125
106834.7734375
110711.0390625
114613.3203125
118197.078125
121567.6875
124735.109375
127427.078125
129547.4921875
131381.859375
132964.8125
134308.6875
135655.203125
133184.859375
130960.3515625
129096.625
127323.109375
125623.5078125
124042.9375
122493.3046875
121089.21875
119706.859375
118349.125
117072.671875
115855.9296875
114692.46875
113531.4765625
112462.625
111426.6171875
110534.984375
109740.5703125
108985.0390625
108310.4765625
107635.828125
107261.46875
106880.171875
106456.046875
106102.703125
105861.8984375
105618.09375
105468.40625
105731.2890625
106091.4921875
106297.5703125
106322.3984375
106223.90625
106272.4921875
106488.2578125
106836.3359375
107191.796875
107534.125
107770.046875
107838.4609375
107873.5
107893.7265625
107954.09375
108059.7265625
108162.7578125
108247.796875
108314.0546875
108396.671875
108480.78125
108573.3515625
108668.609375
108806.875
108998.7109375
109204.3046875
109426.0390625
109645.796875
109874.9765625
110101.546875
110320.15625
110556.4140625
110782.5546875
111024.890625
111277.8671875
111538.4140625
111815.84375
112127.1484375
112405.15625
112697.3984375
113024.15625
113388.9375
113731.578125
114153.390625
114517.4609375
114763.046875
114881.125
114886.0703125
114792.125
114574.9296875
114349.7734375
114146.4453125
113942.71875
