25400.0
25400.0
25400.0
25400.0
25400.0
25400.0
25400.0
25400.0
25400.0
25400.0
25400.0
25400.0
25400.0
25400.0
25400.0
25400.0
25400.0
27493.697265625
44081.1875
62033.73828125
78624.265625
91688.671875
102251.8515625
111013.390625
117809.78125
123051.53125
127776.40625
131592.21875
134803.640625
137677.625
140071.609375
142420.1875
143700.25
143866.46875
138575.078125
133777.390625
129279.5078125
125751.9609375
123063.0859375
121033.4765625
119483.171875
118092.6015625
117231.3046875
117540.4375
118136.625
118718.6015625
119484.5
120255.8984375
121032.328125
121820.5625
122589.0703125
123461.859375
124407.359375
125187.9375
125778.2890625
126303.7265625
126852.1484375
127569.9609375
128206.6875
128405.2265625
128213.7734375
127760.359375
127165.8203125
126458.046875
125588.3046875
124640.6171875
123823.3046875
123181.2265625
123155.0703125
122995.234375
122680.8984375
122268.734375
121766.5390625
121209.21875
120609.4765625
120010.71875
119366.8359375
118693.6875
118062.21875
117344.2890625
116640.59375
115914.9765625
115221.8125
114518.8671875
113827.390625
113205.640625
112555.890625
111933.7890625
111309.6328125
110710.3671875
110196.4453125
109657.7578125
109163.0078125
108682.2890625
108243.875
107817.265625
107412.234375
107042.3828125
106682.0
106354.0
106033.90625
105732.1171875
105475.0
105208.7421875
104964.875
104726.765625
104505.15625
104289.2265625
104086.515625
103901.359375
103721.171875
103554.8515625
103391.21875
103234.4375
103097.0390625
102951.375
102816.9375
102685.6171875
102566.421875
102451.0
102342.7265625
102245.0625
102151.0546875
102066.21875
101984.5078125
