25400.0
25400.0
25400.0
25397.53125
25107.427734375
24864.357421875
24787.759765625
24787.759765625
24837.365234375
24864.39453125
24869.578125
24871.37890625
24872.7421875
24874.033203125
24875.396484375
24876.71875
24878.078125
24879.408203125
24880.58984375
24881.814453125
24883.28125
24885.37109375
24886.61328125
24887.671875
24888.609375
24889.533203125
24890.443359375
24891.2890625
24892.150390625
24893.001953125
24893.755859375
24894.525390625
24895.28125
24896.03125
24896.78515625
24897.505859375
24898.212890625
24898.89453125
24899.58203125
24900.244140625
24900.892578125
24901.560546875
24902.154296875
24902.771484375
24903.31640625
24903.921875
24904.458984375
24905.0078125
24905.619140625
24905.81640625
24905.958984375
24906.5625
24909.8359375
24928.138671875
26666.310546875
32811.734375
39588.4609375
45342.22265625
50112.7890625
54310.7890625
57856.04296875
60882.984375
64111.875
66861.2734375
69229.9375
71407.359375
73255.203125
75262.9609375
76956.2265625
78646.828125
80388.8984375
82649.6015625
85155.7109375
87801.484375
90146.9921875
92697.53125
95524.6875
98410.84375
101928.1875
106255.875
110603.5546875
115516.5078125
121108.765625
126659.4375
131916.453125
136833.453125
141960.640625
147273.453125
152457.328125
156817.90625
160829.140625
165563.109375
169995.421875
174277.640625
178172.609375
182187.1875
186042.1875
185895.0
183382.484375
181009.65625
178529.3125
176037.546875
174141.4375
172207.265625
170271.859375
168260.25
166344.984375
164363.5
162414.046875
160809.328125
158972.65625
157048.9375
155209.0
153451.046875
151777.6875
149891.015625
148432.203125
147329.28125
146175.578125
144882.296875
143321.484375
142132.625
141228.265625
140487.046875
139726.203125
