25400.0
25400.0
25400.0
25352.66796875
25022.1015625
24849.306640625
24849.400390625
24849.306640625
24883.7578125
24901.337890625
24903.951171875
24905.0703125
24906.060546875
24907.025390625
24908.0
24908.91796875
24909.8515625
24910.75390625
24911.541015625
24912.37109375
24913.8984375
24914.712890625
24915.3671875
24916.03125
24916.642578125
24917.23828125
24917.830078125
24918.37890625
24918.935546875
24919.490234375
24919.98046875
24920.490234375
24920.98046875
24921.513671875
24921.96484375
24922.439453125
24922.9296875
24923.341796875
24923.81640625
24924.240234375
24924.72265625
24925.0546875
24924.9375
24924.9921875
24924.3125
24924.828125
24936.53125
28117.974609375
38031.84765625
46701.00390625
53242.1953125
58152.51953125
62534.03515625
67026.1015625
70400.7109375
73637.4765625
76354.796875
78819.9453125
81087.171875
83329.6640625
85267.828125
87038.4296875
88750.046875
90310.6484375
91827.9453125
93258.2421875
94494.2734375
95626.625
96411.28125
97044.09375
97601.8828125
98178.4921875
98748.015625
99278.8046875
99804.28125
100343.9765625
100978.9296875
101579.3671875
102098.2421875
102647.5859375
103156.6953125
103659.984375
104127.953125
104589.59375
105029.609375
105435.2890625
105836.359375
106210.234375
106582.3515625
106940.078125
107252.5234375
107583.0859375
107905.484375
108265.5234375
108588.1015625
108906.203125
109243.84375
109572.234375
109902.8125
110236.875
110609.2734375
111019.078125
111421.65625
111913.84375
112421.0390625
113041.34375
113758.3984375
114733.4140625
115930.1171875
117399.3671875
119209.78125
120963.1015625
123171.4453125
125147.8671875
126622.265625
127929.78125
128677.90625
129677.96875
131801.609375
135327.125
140259.46875
146515.6875
147489.78125
145868.734375
144677.0625
