25400.0
25400.0
25400.0
25400.0
25400.0
25400.0
25400.0
25400.0
25400.0
25400.0
25400.0
25400.0
25400.0
25400.0
25400.0
25400.0
25400.0
34966.77734375
58090.921875
81331.5
99842.71875
111806.703125
118254.40625
123794.0625
129015.1640625
133284.078125
136520.765625
138729.984375
140676.34375
141923.21875
138202.0
133047.25
128785.5078125
125065.21875
122179.84375
119411.25
117260.671875
115753.9453125
114252.3671875
113092.671875
112014.4453125
111173.7109375
110597.6875
110149.2109375
110137.4375
110301.765625
110575.1953125
110884.1640625
111218.6875
111580.0390625
111994.015625
112433.96875
112919.484375
113457.96875
114048.734375
114758.2265625
115405.078125
115962.7578125
116499.0625
116968.2890625
117297.1328125
117596.4609375
117846.5859375
118058.34375
118245.96875
118392.2265625
118481.8203125
118523.9921875
118531.4140625
118503.0625
118435.5390625
118315.8203125
118126.21875
117988.0
117768.515625
117510.1640625
117285.84375
117025.71875
116755.6171875
116423.8046875
116096.796875
115761.953125
115433.625
115112.4609375
114803.28125
114489.8515625
114144.7890625
113798.6796875
113439.8359375
113069.90625
112713.140625
112331.765625
111973.90625
111616.6640625
111280.7890625
110943.6875
110616.296875
110307.015625
109995.2265625
109715.8984375
109432.2265625
109154.5859375
108909.3515625
108640.234375
108410.3046875
108175.4375
107931.671875
107673.078125
107426.515625
107220.453125
107024.3359375
106843.640625
106663.7109375
106490.765625
106339.7265625
106177.640625
106024.9921875
105871.453125
105725.8828125
105578.9140625
105435.1015625
105298.4921875
105159.34375
105025.7734375
104888.671875
