25400.0
25400.0
25400.0
25400.0
25292.015625
25292.01953125
25292.01953125
25292.01953125
25292.01953125
25292.01953125
25292.01953125
25292.01953125
25292.01953125
25292.01953125
25292.01953125
25292.01953125
27378.140625
39465.10546875
52362.109375
70689.734375
87284.6796875
96638.59375
104377.7421875
111687.8515625
117347.5546875
122030.6328125
125705.3984375
128958.21875
129928.9375
127190.265625
124607.828125
122341.109375
120014.46875
117995.390625
116129.625
114439.296875
112829.2578125
111451.640625
110225.53125
109088.2578125
108214.3046875
107506.53125
106762.3046875
106112.5546875
105567.8359375
105227.15625
105055.65625
105043.921875
104930.3046875
104926.09375
105225.3828125
105438.0078125
105591.984375
105745.484375
106295.8046875
106798.640625
107132.0703125
107384.5
107698.6796875
108018.9375
108233.2734375
108320.015625
108371.3984375
108422.78125
108514.53125
108546.375
108521.9765625
108458.6328125
108352.3359375
108220.4453125
108072.6015625
107959.328125
107844.265625
107717.53125
107591.03125
107448.9609375
107279.9140625
107168.5234375
107092.671875
107022.3203125
106976.59375
106964.546875
106970.4140625
107060.078125
107183.3984375
107322.921875
107510.7421875
107767.1484375
108010.8984375
108159.15625
108181.78125
108068.7578125
107967.140625
107900.96875
108439.765625
108875.3515625
109173.8984375
109341.5859375
109429.421875
109533.109375
109703.3203125
109899.4609375
110014.9765625
110123.421875
110187.1328125
110212.5703125
110216.9609375
110207.96875
110189.125
110159.2734375
110117.2109375
110062.5546875
110003.5234375
109936.7578125
109881.1640625
109825.8828125
109749.2265625
109653.6328125
109530.5546875
109385.171875
109237.3125
109102.2578125
108976.8203125
108850.25
108732.671875
108614.609375
