25400.0
25400.0
25397.111328125
24870.728515625
24578.71875
24534.078125
24264.59765625
24193.337890625
24174.322265625
24170.294921875
24170.537109375
24172.4921875
24175.021484375
24177.935546875
24180.9140625
24184.01953125
24188.068359375
24193.580078125
24200.79296875
24208.853515625
24218.27734375
24228.66796875
24241.552734375
24258.751953125
24278.138671875
24302.865234375
24333.3203125
24374.08984375
24629.359375
24901.15234375
25067.814453125
25135.603515625
25155.0234375
25559.4140625
26604.78515625
28436.474609375
32757.974609375
38716.45703125
45470.51953125
53368.3828125
61880.609375
69937.65625
76876.78125
82919.0234375
88900.2734375
94888.6328125
98047.9296875
100173.0546875
101810.2421875
103124.578125
104133.828125
105000.2421875
105703.1015625
106280.5
106707.2734375
107014.9296875
107267.2578125
107464.296875
107632.125
107732.703125
107783.7890625
107795.7421875
107745.5859375
107618.9765625
107438.8203125
107237.5859375
106982.2890625
106799.6015625
106628.453125
106467.9765625
106321.4453125
106266.125
106209.28125
106105.6640625
105960.671875
105772.828125
105561.484375
105357.09375
105139.3671875
104931.8671875
104709.2109375
104488.8515625
104258.6875
104026.609375
103798.4609375
103554.7734375
103324.421875
103091.734375
102866.9140625
102668.2109375
102458.0234375
102263.171875
102067.8046875
101901.1171875
101743.0859375
101594.828125
101458.390625
101340.578125
101241.4921875
101153.609375
101085.453125
101028.28125
100952.2109375
100857.875
100731.609375
100590.140625
100426.3125
100267.578125
100114.203125
99954.03125
99787.96875
99603.53125
99408.40625
99227.453125
99041.3515625
98926.7421875
99045.7265625
99430.0703125
99765.4375
100044.1640625
100484.234375
100949.140625
101357.4453125
101735.8046875
