25400.0
25400.0
25400.0
25074.408203125
24865.947265625
24760.447265625
24760.7421875
24869.109375
24888.39453125
24893.2578125
24895.826171875
24898.1796875
24900.498046875
24902.669921875
24904.8359375
24906.82421875
24908.78515625
24910.62890625
24913.4140625
24915.470703125
24917.029296875
24918.4609375
24919.7421875
24921.0390625
24922.376953125
24923.451171875
24924.134765625
24924.197265625
24922.00390625
24951.30078125
30700.265625
44944.6796875
57165.3984375
69695.0546875
77888.3125
82958.3359375
86245.484375
88645.6796875
90736.890625
92715.1328125
94578.015625
96610.921875
98407.171875
100250.390625
102087.171875
103845.9921875
105531.3828125
107203.953125
108703.859375
110359.3671875
111924.5078125
113270.4609375
114509.0859375
115643.4609375
116613.015625
117695.75
118643.65625
119374.859375
119747.6015625
120219.578125
120838.9140625
121624.109375
122342.5234375
122923.5546875
123487.7421875
124450.828125
125559.9375
128275.640625
128888.0546875
129485.703125
130220.1015625
129102.4921875
126875.609375
125346.3125
123828.75
122678.828125
121612.8984375
120504.5078125
119457.5390625
118299.265625
117190.65625
116308.3515625
115547.671875
114779.4140625
114159.6953125
113569.546875
112933.6171875
112382.3515625
111895.890625
111433.421875
111028.578125
110629.484375
110318.375
110051.1484375
109812.1640625
109551.453125
109262.640625
108982.28125
108719.3359375
108501.0546875
108303.453125
108104.3125
107932.25
107757.5703125
107608.28125
107476.09375
107370.6953125
107285.1015625
107245.1171875
107262.1171875
107299.8125
107463.609375
107610.9453125
107772.390625
107932.515625
108117.3125
108294.9765625
108467.1015625
108623.8828125
108778.671875
108974.0625
109151.7421875
109304.7421875
109435.015625
109557.3046875
