25400.0
25400.0
25400.0
25400.0
25400.0
25400.0
25400.0
25400.0
25400.0
25400.0
25400.0
25400.0
25400.0
25400.0
25400.0
25400.0
25400.0
25400.0
25400.0
25400.0
25400.0
25400.0
25400.0
25400.0
29489.50390625
47518.00390625
59341.328125
68059.0078125
74269.6640625
78561.390625
82705.015625
86408.9609375
89617.46875
92360.953125
94927.3359375
97320.3203125
99432.75
101540.2109375
103326.0390625
105308.5
107218.890625
108917.984375
110869.2421875
112771.4375
114809.265625
116893.625
119275.0625
121956.4140625
124788.3046875
127635.6171875
130343.7265625
133392.953125
136693.78125
139802.984375
143296.046875
146809.609375
150622.03125
155983.578125
162037.421875
166169.96875
169277.578125
178207.90625
177013.234375
173159.640625
171449.4375
170739.640625
170212.140625
169601.921875
168777.703125
167775.578125
166442.546875
164778.46875
163105.03125
161299.40625
159389.734375
157272.09375
155241.09375
153472.125
151537.609375
149654.015625
147716.171875
145857.515625
143966.203125
142108.53125
140341.09375
138497.21875
136735.265625
134980.625
133298.640625
131845.484375
130316.578125
128911.625
127546.21875
126283.9296875
125041.0
123852.4765625
122756.46875
121678.3359375
120699.6015625
119771.59375
118909.28125
118233.1796875
117547.1796875
116930.9609375
116415.765625
115942.4453125
115470.921875
115013.421875
114584.3984375
114153.6015625
113748.7265625
113342.875
112947.90625
112598.1328125
112221.7109375
111863.3671875
111544.9453125
111246.1953125
110941.7734375
110644.4921875
110366.53125
110085.203125
109821.9453125
109544.2265625
