25400.0
25400.0
25400.0
25400.0
25321.59375
25314.77734375
25314.775390625
25314.775390625
25314.775390625
25314.775390625
25314.775390625
25314.775390625
25314.775390625
25314.775390625
25314.775390625
25314.775390625
25314.775390625
25314.775390625
25314.775390625
25314.775390625
25314.775390625
25314.775390625
25314.775390625
25314.775390625
25314.775390625
25314.775390625
25314.775390625
33389.40625
49930.5859375
62716.34765625
70598.3125
74278.0390625
77788.734375
81000.2890625
84446.5546875
87634.984375
90771.1953125
93722.4921875
96202.3984375
98569.1875
100722.890625
102836.875
104868.328125
106573.9921875
108339.8984375
109993.9609375
111998.046875
113953.28125
115906.59375
117632.671875
119413.3828125
121348.484375
123389.3203125
125529.2265625
127708.2890625
129719.0390625
131860.765625
134021.28125
136387.6875
139798.265625
144164.78125
147123.59375
149927.609375
146801.90625
144022.203125
142080.515625
140562.8125
138863.875
137023.359375
135526.640625
134379.484375
133942.578125
134165.703125
134256.25
134313.65625
134384.625
134513.296875
134704.75
134929.34375
134982.984375
135032.703125
135128.765625
135250.0
135219.40625
134982.59375
134554.9375
134007.28125
133377.03125
132673.09375
131968.59375
131432.375
131060.9609375
130560.828125
130006.34375
129373.046875
128713.2421875
128006.2890625
127292.953125
126553.9296875
125772.8671875
125016.8046875
124239.171875
123474.8515625
122806.078125
122091.8203125
121428.1171875
120778.9609375
120167.484375
119551.2890625
118949.5
118379.140625
117805.9296875
117267.7890625
116726.421875
116195.796875
115726.40625
115263.5546875
114831.703125
114399.7734375
113997.875
113600.3515625
113216.8828125
112842.2265625
112465.8984375
112115.0390625
111767.46875
