25400.0
25400.0
23978.4296875
22416.474609375
21919.82421875
21415.91796875
21683.798828125
22189.626953125
22764.98046875
23315.0234375
23858.0703125
24145.58203125
24151.064453125
24158.75
24168.19140625
24181.09375
24198.068359375
24218.544921875
24250.435546875
24297.673828125
25592.5390625
28483.689453125
34969.71875
43782.23046875
48667.08984375
55187.11328125
61461.96875
66737.6953125
71488.7421875
75456.234375
79160.25
82227.4296875
84981.8671875
87297.5625
89384.2421875
91173.484375
92666.96875
94190.09375
95488.6015625
96650.96875
97745.8046875
98563.71875
99334.796875
99943.7421875
100446.015625
100843.5234375
101216.3671875
101520.578125
101914.359375
102374.6171875
102728.0078125
103023.625
103263.3828125
103449.015625
103619.5
103751.609375
103869.828125
103937.8203125
103969.3359375
103989.1953125
103955.6015625
103927.375
103905.609375
103879.8515625
103852.34375
103824.1015625
103776.71875
103721.59375
103651.1484375
103564.265625
103477.90625
103394.828125
103320.796875
103245.7734375
103174.203125
103097.71875
103014.4296875
102935.3828125
102844.2265625
102753.984375
102630.0390625
102488.8828125
102323.8203125
102157.09375
101998.90625
101837.328125
101684.203125
101535.5078125
101402.8203125
101290.7265625
101173.1328125
101063.25
100953.75
100852.625
100750.0390625
100697.375
100666.1015625
100633.5
100592.6171875
100541.3515625
100481.0546875
100421.140625
100370.484375
100316.5546875
100251.5078125
100181.7265625
100104.203125
100024.8125
99946.6015625
99865.4453125
99787.9453125
99708.5234375
99631.59375
99564.6953125
99491.9765625
99426.390625
99363.21875
99304.421875
99246.0078125
99189.4765625
99136.2265625
99082.359375
99031.4453125
98979.7890625
