25400.0
25400.0
25400.0
25210.357421875
24921.56640625
24921.56640625
24921.56640625
24921.56640625
24973.865234375
24989.185546875
24993.341796875
24996.076171875
24999.14453125
25001.923828125
25003.765625
25005.412109375
25007.01953125
25008.552734375
25009.65625
25008.208984375
27021.939453125
39273.45703125
46057.97265625
49412.1640625
52057.2109375
54679.85546875
57600.3828125
61209.1328125
65030.12109375
67821.953125
71114.5625
74677.5625
79338.9765625
82977.5078125
86258.125
89322.375
92689.671875
96130.9765625
99938.9296875
103926.375
107501.8515625
110927.03125
114241.5625
117176.0390625
120417.9453125
124121.7421875
128606.3125
133353.53125
134097.34375
132941.640625
131957.421875
130890.140625
129686.6953125
128424.671875
127291.859375
126292.9765625
125197.6640625
124242.3984375
123767.1015625
123116.0859375
122368.65625
121888.1328125
121548.40625
120925.328125
120395.6875
120001.65625
119673.9375
119439.6015625
119233.8203125
119093.1875
119051.1796875
119001.59375
118950.3046875
118941.3125
119001.046875
119087.96875
119200.3828125
119265.9296875
119297.8828125
119319.0078125
119347.8359375
119384.7890625
119403.796875
119418.765625
119422.34375
119501.625
119553.6171875
119557.34375
119537.625
119491.8203125
119446.9375
119398.625
119307.359375
119305.421875
119450.171875
119564.0859375
119764.28125
119938.640625
120083.2578125
120176.5546875
120221.15625
120230.7890625
120321.03125
120337.8515625
120290.15625
120176.3515625
120016.203125
119827.3828125
119602.5859375
119326.15625
119018.609375
118690.03125
118375.390625
118048.90625
117700.53125
117346.6953125
116955.703125
116572.6640625
116173.1171875
115784.4765625
115382.1015625
114990.7265625
114638.34375
114296.125
113979.0234375
113661.3125
