25400.0
25400.0
25400.0
25278.384765625
25117.02734375
25083.4296875
25083.427734375
25083.427734375
25083.427734375
25083.427734375
25083.427734375
25083.427734375
25083.427734375
25083.427734375
25083.427734375
25083.427734375
25107.80078125
25112.9765625
25114.138671875
25114.787109375
25115.248046875
25115.708984375
25116.056640625
25116.48046875
25116.73828125
25116.9296875
25116.8671875
25116.31640625
25114.564453125
25114.2421875
27481.396484375
42380.70703125
57050.5859375
69608.5390625
79643.9375
88706.5625
96020.65625
101149.1171875
105161.2734375
108187.0859375
110465.8203125
112422.921875
114374.8203125
116752.046875
119256.9453125
121539.8046875
123387.078125
124854.875
126216.09375
127414.765625
128532.03125
129491.8203125
130450.703125
131429.796875
132221.515625
132981.609375
133856.75
134813.421875
135667.8125
137239.9375
136630.59375
133653.46875
131060.5390625
128959.703125
127030.0078125
125276.046875
123850.515625
122316.671875
120735.8203125
119292.6171875
118207.8671875
117526.015625
116764.8828125
115865.15625
114857.90625
114011.2421875
113188.9296875
112459.34375
111842.203125
111244.65625
110803.5703125
110403.859375
110060.6484375
109701.3984375
109327.9296875
108966.3515625
108617.9140625
108333.140625
108108.015625
107951.171875
107839.0
107751.1640625
107794.7109375
107934.546875
108090.15625
108244.859375
108409.7265625
108577.78125
108756.8046875
108937.5390625
109136.3984375
109349.9375
109584.7265625
109879.0703125
110192.6875
110535.4375
110868.8203125
111202.359375
111529.4453125
111729.078125
111929.0859375
112167.171875
112424.1796875
112662.7890625
112847.0859375
113000.8359375
113109.1640625
113183.21875
113219.6875
113218.859375
113203.84375
113189.9765625
113188.6875
113194.5703125
113205.765625
