25400.0
25400.0
25175.912109375
24546.638671875
24666.30859375
23567.7265625
23323.255859375
23523.712890625
23514.4921875
23518.705078125
23527.888671875
23541.203125
23559.859375
23588.720703125
23634.703125
23704.041015625
23814.099609375
24207.349609375
24671.466796875
24890.29296875
24973.009765625
24985.267578125
25478.291015625
27240.330078125
31992.666015625
39575.8203125
48903.171875
57029.18359375
64228.3515625
69622.734375
75278.0625
79868.625
83800.3203125
87174.9375
90096.0703125
92576.265625
94657.828125
96530.1171875
98120.4453125
99764.5
101159.28125
102216.1796875
103177.203125
103871.7109375
104455.6015625
104936.7734375
105325.03125
105612.96875
105804.0859375
105904.046875
105938.4140625
105892.65625
105781.5234375
105669.3125
105537.0546875
105403.984375
105501.96875
105560.1953125
105592.609375
105602.5078125
105597.4375
105577.9296875
105546.171875
105502.0546875
105446.75
105354.203125
105223.53125
105080.34375
104922.5234375
104764.9765625
104600.09375
104431.71875
104266.40625
104093.1484375
103925.359375
103741.296875
103545.03125
103347.2421875
103171.9921875
103022.4453125
102866.9375
102708.25
102539.921875
102372.765625
102211.2890625
102047.2265625
101911.5234375
101787.0625
101670.65625
101578.7421875
101484.7109375
101401.703125
101396.1796875
101433.484375
101476.640625
101509.96875
101526.84375
101528.9765625
101518.8203125
101494.703125
101463.609375
101430.796875
101390.6015625
101349.390625
101302.5859375
101255.71875
101205.9140625
101155.28125
101106.3515625
101055.359375
101005.7421875
100954.390625
100904.171875
100858.125
100809.5703125
100766.6015625
100723.90625
100682.5078125
100641.125
100596.2109375
100556.015625
100514.2109375
100475.4140625
100433.7578125
