25400.0
25400.0
25400.0
25400.0
25400.0
25400.0
25400.0
25400.0
25400.0
25400.0
25400.0
25400.0
25400.0
25400.0
25400.0
25400.0
25400.0
25400.0
25400.0
25400.0
25400.0
25400.0
25400.0
25400.0
25400.0
25400.0
25400.0
25400.0
25400.0
25400.0
25400.0
25400.0
34508.73828125
47510.453125
55984.1171875
61667.328125
66728.484375
70811.8671875
74389.21875
78349.0703125
81948.703125
84967.8203125
88084.2109375
91141.796875
94154.1484375
96886.546875
99541.546875
102179.46875
104790.9375
107415.609375
109780.7421875
112019.734375
114098.859375
115913.6484375
117928.859375
120015.09375
122190.796875
124317.1171875
126509.59375
128845.3671875
131137.09375
133456.171875
135570.984375
137571.265625
139674.96875
141604.921875
143665.296875
145459.140625
147078.21875
148542.75
153167.125
155405.6875
156736.578125
158065.171875
154860.203125
151469.28125
148418.5625
146688.3125
144646.078125
142511.140625
140328.75
138601.28125
137171.046875
135909.203125
134943.546875
134529.375
134263.625
134110.71875
134061.046875
134080.140625
134180.953125
134438.0
134837.515625
135188.546875
135538.234375
135869.796875
136146.796875
136484.84375
136792.109375
137064.734375
137278.78125
137374.078125
137451.125
137489.59375
137482.140625
137417.8125
137406.109375
137475.8125
137444.78125
137328.984375
137164.046875
136950.890625
136698.234375
136439.921875
136120.984375
135797.375
135422.40625
134923.21875
134402.03125
133898.078125
133420.34375
132916.890625
132409.703125
131867.828125
