25400.0
25400.0
25217.423828125
24615.8203125
24652.80859375
24124.828125
23879.23046875
23840.3828125
23834.8984375
23835.59375
23837.732421875
23840.990234375
23845.599609375
23851.099609375
23857.0859375
23864.26953125
23873.076171875
23882.841796875
23896.587890625
23914.615234375
23940.16015625
23968.58203125
24009.427734375
24072.19921875
24167.8515625
24293.677734375
24628.09375
24898.849609375
25027.193359375
25074.75
25083.94921875
25427.056640625
26539.625
28529.03515625
33141.109375
39370.10546875
46499.65625
55039.1015625
64438.69140625
73412.0546875
80912.3203125
87126.71875
93474.2421875
99085.703125
104995.921875
110472.671875
115095.8984375
118120.2109375
118631.1640625
119129.9765625
119408.234375
119487.4375
119408.90625
119218.8671875
118850.7421875
118487.0625
118104.5078125
117730.15625
117325.3359375
116905.265625
116469.25
115984.53125
115501.96875
115006.421875
114531.4765625
114093.1015625
113552.7109375
112994.8984375
112398.171875
111837.25
111349.296875
110898.6015625
110482.5625
110060.9921875
109720.125
109375.6953125
109012.9765625
108669.5546875
108279.3046875
107903.9140625
107527.765625
107205.03125
106873.65625
106536.8671875
106212.8359375
105881.875
105572.9140625
105267.4453125
104975.25
104718.859375
104442.3046875
104182.8046875
103923.046875
103668.96875
103401.78125
103142.6484375
102898.328125
102656.765625
102436.71875
102213.71875
101994.8984375
101800.65625
101590.8046875
101392.671875
101203.8203125
101033.265625
100874.7109375
100730.8515625
100603.0078125
100480.0859375
100366.828125
100254.9375
100164.21875
100101.8125
100053.9765625
100047.7109375
100024.7421875
99996.40625
99961.5625
99922.0078125
99879.15625
99833.8671875
99786.53125
99734.734375
