25400.0
25400.0
25400.0
25400.0
25400.0
25400.0
25400.0
25400.0
25400.0
25400.0
25400.0
25400.0
25400.0
25400.0
25400.0
25400.0
25400.0
25400.0
25400.0
25400.0
25400.0
25400.0
25400.0
25400.0
25400.0
25400.0
25400.0
25400.0
25400.0
27147.537109375
42286.6796875
57741.86328125
69407.3125
78197.1953125
86021.2734375
92919.5703125
98529.234375
103298.8515625
107786.9453125
111168.9375
114266.125
117011.0625
119244.734375
121483.9765625
123410.9140625
124614.671875
125373.3515625
125959.671875
126738.3984375
127556.8828125
128416.125
129348.9296875
130368.3203125
131143.4375
131844.296875
132530.203125
133095.015625
133613.484375
134224.328125
135413.703125
137559.46875
137866.703125
138170.46875
138439.796875
139420.53125
139822.015625
139283.71875
136467.90625
134257.15625
131953.625
129795.2734375
128100.234375
126738.796875
125525.9921875
124343.6875
123362.4609375
122445.2890625
121600.5703125
120894.8046875
120194.203125
119579.1328125
118996.7578125
118490.8515625
118040.5
117646.7890625
117309.734375
117035.2109375
116834.484375
116655.5859375
116622.9140625
116777.6484375
117009.4140625
117238.5078125
117574.4453125
117902.671875
118221.2734375
118525.453125
118670.2578125
118823.65625
119039.015625
119325.9296875
119627.234375
119928.9296875
120284.6171875
120647.0
120994.0078125
121262.84375
121649.140625
122022.34375
122324.84375
122576.9609375
122874.2734375
123128.578125
123303.328125
123433.0078125
123692.453125
123958.578125
124167.3046875
124295.8671875
124352.7421875
124264.4609375
124096.4296875
123865.7890625
123609.5
123317.5625
