25400.0
25400.0
25400.0
25400.0
25400.0
25400.0
25400.0
25400.0
25400.0
25400.0
25400.0
25400.0
25400.0
25400.0
25400.0
25400.0
25400.0
25400.0
25400.0
28630.478515625
43643.2578125
59903.3828125
74408.0703125
85536.859375
95675.3125
103122.59375
109144.546875
113767.15625
117728.3828125
121131.578125
123392.328125
125478.5
127303.890625
129001.7734375
130909.90625
132421.328125
134727.9375
137797.390625
137956.5
135894.953125
133626.21875
131074.25
128791.8515625
126739.890625
124891.3359375
123296.671875
122671.5625
122173.953125
121800.046875
121464.7265625
121280.984375
121240.7265625
121636.1875
122063.3203125
122495.5859375
122993.9765625
123476.765625
123968.9296875
124372.3515625
124766.3046875
125178.8046875
125837.9140625
126438.3046875
126879.625
127160.0625
127241.9453125
127158.6328125
126846.34375
126433.78125
125891.8515625
125289.4453125
124612.9375
123892.796875
123489.75
123235.203125
122974.7265625
122649.015625
122286.59375
121951.1328125
121557.21875
121171.78125
120731.3046875
120263.78125
119740.9375
119196.375
118654.3828125
118083.078125
117510.1796875
116896.421875
116281.8515625
115726.390625
115108.3984375
114549.2890625
113994.2265625
113463.3515625
112923.75
112396.703125
111900.7578125
111406.0625
110945.8515625
110489.171875
110051.2890625
109658.34375
109229.6484375
108831.2109375
108438.421875
108075.359375
107714.953125
107370.3671875
107052.2734375
106738.5859375
106444.4296875
106153.8359375
105875.265625
105633.546875
105377.9609375
105141.5
104909.2421875
104694.5546875
104483.125
104280.8515625
104094.296875
103910.921875
103742.1171875
103575.515625
