25400.0
25400.0
25400.0
25024.62109375
24635.123046875
24496.681640625
24337.92578125
24304.12109375
24297.380859375
24296.83984375
24297.849609375
24299.509765625
24301.390625
24303.41796875
24305.4609375
24307.587890625
24309.64453125
24311.474609375
24313.4765625
24315.412109375
24317.396484375
24319.306640625
24321.93359375
24324.974609375
24328.6796875
24332.375
24335.90625
24339.73828125
24343.890625
24348.16796875
24353.455078125
24359.228515625
24366.08984375
24373.783203125
24383.19140625
24394.5703125
24408.123046875
24424.638671875
24440.861328125
24460.216796875
24483.52734375
24509.04296875
24544.6484375
24595.404296875
24811.970703125
26007.1953125
27954.390625
31358.943359375
36489.734375
42289.8046875
48649.4375
54111.74609375
57925.31640625
60785.91015625
64216.859375
67079.984375
69872.03125
72382.3203125
74746.578125
77196.953125
79313.078125
81673.390625
84102.78125
86453.3828125
88688.0703125
90640.203125
92728.40625
94625.21875
96387.125
98036.953125
99669.1171875
101232.3203125
102748.234375
104539.8671875
106547.2421875
108626.5546875
110619.0546875
112403.5078125
114320.203125
116120.78125
117925.5234375
119654.953125
121403.9609375
123153.9921875
124902.125
126872.75
129053.859375
131662.46875
134073.625
136091.734375
137910.34375
137200.6875
136721.546875
136332.1875
135905.140625
135406.484375
134866.1875
134294.65625
133698.375
133039.109375
132346.09375
131725.0
131066.3359375
130426.28125
129748.609375
129080.78125
128456.7421875
127826.7734375
127203.4453125
126546.9609375
125936.234375
125345.1875
124733.078125
124185.734375
123602.234375
123093.0546875
122636.4375
122291.6171875
121913.859375
121534.3828125
121289.5859375
121359.4921875
121439.453125
121462.1484375
