25400.0
25400.0
25399.9140625
24699.890625
24676.23828125
24562.80859375
24445.26953125
24399.708984375
24393.041015625
24394.220703125
24397.396484375
24401.28515625
24405.37109375
24409.376953125
24413.650390625
24419.689453125
24427.751953125
24436.2578125
24444.201171875
24453.97265625
24465.447265625
24488.890625
25131.00390625
31638.505859375
43515.2578125
54821.7734375
64255.03515625
71979.5234375
80074.03125
87437.453125
93534.5078125
99230.890625
103852.5859375
107872.609375
111315.859375
114485.09375
115810.953125
115255.2265625
114742.453125
114208.5234375
113678.8984375
113172.4140625
112726.2890625
112218.5546875
111746.1171875
111257.1875
110784.1484375
110302.25
109838.171875
109406.9609375
109007.296875
108601.1640625
108236.890625
107924.09375
107683.0078125
107433.7734375
107202.5859375
106977.1484375
106784.6640625
106588.0859375
106431.0859375
106326.203125
106187.6171875
106057.2890625
105927.0625
105799.65625
105681.7578125
105529.15625
105395.375
105445.4375
105620.4609375
105760.90625
105884.3984375
106043.90625
106322.3125
106468.0
106568.0703125
106664.8125
106692.40625
106686.2421875
106640.875
106558.203125
106461.046875
106363.484375
106437.7109375
106548.0859375
106628.0234375
106638.4921875
106658.5859375
106625.578125
106550.171875
106428.9296875
106353.6328125
106324.8984375
106311.6171875
106272.0859375
106208.671875
106104.8125
105965.2734375
105811.46875
105642.2578125
105474.15625
105334.0234375
105195.78125
105083.2578125
104994.875
104964.125
105031.90625
105130.6015625
105215.0
105304.0390625
105389.96875
105474.96875
105554.3203125
105622.0625
105698.296875
105775.1953125
105865.078125
105963.2890625
106073.7734375
106190.6796875
106305.6015625
106423.0859375
106544.09375
106675.140625
