25400.0
25400.0
25400.0
25400.0
25400.0
25400.0
25400.0
25400.0
25400.0
25400.0
25400.0
25400.0
25400.0
25400.0
25400.0
25400.0
25400.0
25400.0
25400.0
25400.0
25400.0
25400.0
25400.0
25400.0
25400.0
25400.0
25400.0
25400.0
25400.0
25400.0
25400.0
25400.0
25400.0
25400.0
25400.0
25400.0
25400.0
25400.0
25400.0
25400.0
25400.0
25400.0
25400.0
25400.0
25400.0
25400.0
25400.0
25400.0
25400.0
25400.0
25400.0
25400.0
25400.0
25400.0
25400.0
25400.0
25400.0
25400.0
25400.0
25400.0
25400.0
26789.1015625
34081.41796875
42121.4609375
48027.9296875
52312.0859375
56886.99609375
61725.1953125
67327.6484375
73202.4609375
78982.7734375
84890.59375
90760.640625
96718.53125
102409.5390625
108890.8203125
115676.40625
121445.6484375
127649.0234375
133484.34375
139231.703125
144525.921875
149821.484375
154869.078125
159518.75
163756.671875
168430.546875
173110.609375
177300.21875
180747.265625
184269.84375
187474.625
190593.203125
193784.859375
196882.59375
199768.671875
202245.578125
204767.109375
207113.53125
209179.703125
211232.828125
212913.078125
214503.234375
215888.703125
217279.453125
223662.1875
225450.78125
226266.828125
229071.34375
237419.84375
232320.46875
226783.765625
222835.640625
219789.84375
216954.265625
214411.796875
211805.34375
209633.28125
207489.484375
205054.390625
202584.546875
199948.84375
197336.390625
194574.703125
