25400.0
25400.0
25400.0
25400.0
25400.0
25400.0
25400.0
25400.0
25400.0
25400.0
25400.0
25400.0
25400.0
25400.0
25400.0
25400.0
25400.0
25400.0
25400.0
25400.0
25400.0
25400.0
25400.0
25400.0
25400.0
25400.0
25400.0
25400.0
25400.0
25400.0
25400.0
25400.0
25400.0
25400.0
25400.0
25400.0
25400.0
25400.0
25400.0
29467.9296875
38526.30859375
43873.3984375
46707.73828125
49151.3046875
51679.16015625
54283.046875
56818.203125
59652.29296875
62220.94140625
64615.6328125
67124.484375
69503.6640625
71807.5078125
74368.8515625
76837.5625
79451.59375
81908.0859375
84410.8359375
86831.4765625
89457.3359375
92465.8359375
95442.921875
98584.59375
100965.6015625
103852.484375
107413.0703125
110438.6796875
114042.734375
117758.015625
121136.421875
124197.6484375
127405.171875
130637.953125
133893.390625
136887.40625
140137.015625
143725.4375
147339.25
150617.453125
153951.328125
156871.21875
159684.171875
162177.046875
164603.3125
166753.5
168622.921875
170246.640625
171532.484375
172642.859375
173619.875
175245.9375
178966.5625
180113.921875
181042.765625
184624.4375
192312.4375
201371.171875
211425.46875
209360.203125
205774.9375
203267.8125
201073.84375
199159.5
197025.3125
195078.109375
192978.21875
190984.90625
188899.34375
187027.328125
185130.90625
182971.0625
180747.328125
178357.875
175955.921875
173984.953125
171755.6875
169543.953125
167252.90625
165071.53125
163035.109375
160961.625
158968.453125
156989.921875
155144.03125
153252.953125
