25400.0
25400.0
24576.669921875
24652.87890625
24205.673828125
23681.046875
23464.96484375
23412.11328125
23413.974609375
23430.267578125
23453.484375
23490.896484375
23557.744140625
23653.73828125
23840.771484375
24103.19921875
24521.232421875
24857.8984375
24980.091796875
25048.046875
25077.396484375
25081.5546875
25074.57421875
25423.384765625
27150.88671875
32632.306640625
41903.71484375
49622.65234375
55038.78125
58205.53125
60522.52734375
62372.5390625
64051.52734375
65918.546875
68098.1640625
70659.9296875
73546.0390625
76457.0625
79370.046875
82264.265625
84839.8125
86778.1171875
88006.5
89453.421875
91607.171875
93639.1015625
96383.0078125
98815.71875
100915.3203125
102793.171875
104609.1953125
106250.9921875
107888.359375
109569.7578125
109761.0390625
109282.703125
108920.265625
108614.8359375
108311.84375
108025.8515625
107804.828125
107509.1953125
107142.7109375
106750.2265625
106427.7265625
106127.671875
105851.8671875
105537.5859375
105227.90625
104909.0625
104643.4609375
104407.875
104204.625
104026.9140625
103845.734375
103686.046875
103565.28125
103482.6171875
103445.2890625
103434.1875
103432.8671875
103442.203125
103471.4140625
103499.5234375
103519.75
103537.09375
103555.6484375
103614.1640625
103661.140625
103696.28125
103724.875
103768.015625
103839.8984375
103946.296875
104270.921875
104606.2265625
104854.75
105026.4375
105186.4921875
105336.921875
105525.2265625
105763.8828125
105972.703125
106109.2265625
106316.015625
106534.3828125
106650.0625
106691.421875
106691.359375
106687.21875
106687.8828125
106706.890625
106821.8203125
106999.828125
107176.8828125
107367.890625
107532.4765625
107687.6484375
107854.921875
108040.171875
108192.5078125
108305.9375
108398.859375
108481.546875
108559.1953125
