25400.0
25400.0
24616.052734375
25269.681640625
25006.962890625
24024.51953125
23110.806640625
22877.748046875
23036.115234375
23752.615234375
24537.79296875
24879.51953125
24978.982421875
24977.205078125
24973.451171875
24982.59375
24999.21484375
25019.3671875
25037.869140625
25058.60546875
25077.36328125
25095.3359375
25111.029296875
25136.78515625
25167.97265625
25372.990234375
26083.77734375
28348.6328125
33210.6796875
40508.6796875
48678.5703125
58767.8046875
68596.1640625
74104.78125
78064.875
81681.078125
84445.3671875
86628.375
88575.1171875
90107.9375
91277.2109375
92276.3515625
93066.359375
93800.671875
94415.8046875
94907.171875
95230.7265625
95430.8203125
95541.71875
95601.0390625
95614.5078125
95631.171875
95673.1328125
95722.8046875
95840.9375
95954.1328125
96003.8984375
96014.640625
96002.3046875
95991.7109375
95944.8203125
95870.4453125
95793.0859375
95727.40625
95675.5078125
95626.4296875
95603.421875
95591.4296875
95582.8203125
95598.109375
95777.609375
96026.3671875
96257.4453125
96483.46875
96851.46875
97415.109375
97938.5546875
98392.9140625
98851.0859375
99327.1640625
99733.1640625
100094.6953125
100396.6875
100665.1796875
100947.1640625
101193.09375
101398.703125
101597.921875
102110.8984375
102549.390625
102905.2109375
103257.7734375
103559.5546875
103836.3125
104110.6796875
104300.953125
104451.703125
104621.0625
104801.2890625
104967.125
105125.1796875
105283.8671875
105418.2734375
105543.75
105647.21875
105745.0625
105825.46875
105896.359375
105954.9140625
106000.421875
106039.3046875
106072.3046875
106101.5
106124.71875
106141.4921875
106161.0390625
106192.46875
106224.609375
106250.2734375
106269.7421875
106281.390625
106287.9140625
106288.4375
106284.046875
106273.6796875
