25400.0
25400.0
25400.0
25400.0
25306.77734375
25306.77734375
25306.77734375
25306.77734375
25306.77734375
25306.77734375
25306.77734375
25306.77734375
25306.77734375
25306.77734375
25306.77734375
25306.77734375
25306.77734375
25306.77734375
25306.77734375
25306.77734375
25306.77734375
25306.77734375
25306.77734375
25306.77734375
25306.77734375
25306.77734375
25306.77734375
25306.77734375
25306.77734375
25306.77734375
29984.662109375
47544.97265625
64355.55859375
77730.9453125
87556.0625
96816.6953125
106337.4609375
114977.5078125
121995.484375
127513.015625
131346.125
133970.53125
136192.109375
137571.59375
138732.703125
140421.921875
141899.0
142448.984375
140327.0
138337.125
136450.640625
134526.109375
132649.0625
131004.59375
129252.0625
127625.953125
126031.2890625
124545.640625
123102.375
121840.3203125
120566.734375
119245.0390625
118045.6171875
116909.3046875
115845.5234375
114939.4921875
113996.078125
113136.8828125
112299.125
111556.015625
110864.5546875
110180.1015625
109497.0078125
108843.96875
108267.0625
107714.046875
107319.40625
106998.046875
106743.484375
106545.8359375
106279.421875
106092.09375
106014.1328125
105913.5859375
105798.3515625
105743.46875
105680.796875
105567.1875
105449.203125
105351.2734375
105255.9609375
105255.109375
105287.6640625
105306.5390625
105331.4296875
105353.1953125
105351.2265625
105317.3515625
105262.8125
105183.7578125
105114.515625
105080.8515625
105088.1796875
105133.6328125
105204.546875
105281.6640625
105361.8046875
105437.546875
105505.0859375
105575.9609375
105660.75
105763.9765625
105875.28125
105977.7109375
106095.25
106200.0390625
106279.2109375
106372.296875
106484.7734375
106605.9140625
106725.6328125
106849.34375
106968.0859375
107085.8515625
