25400.0
25400.0
25400.0
25036.025390625
24827.86328125
24821.208984375
24821.208984375
24821.208984375
24857.611328125
24869.76171875
24872.599609375
24874.34375
24875.857421875
24877.216796875
24878.482421875
24880.3046875
24881.94140625
24881.75
24881.201171875
24888.9921875
33863.8046875
53295.94921875
73876.203125
91786.8515625
106553.109375
120319.890625
132689.859375
137350.015625
136915.21875
135534.890625
133633.015625
131192.515625
128744.09375
126215.453125
123905.078125
122008.03125
120278.0546875
118627.6640625
116981.65625
115524.4453125
114139.3984375
112896.015625
111911.1171875
110870.2109375
109821.1640625
108877.78125
108051.5390625
107281.4609375
106598.671875
106012.6796875
105425.0625
104928.2421875
104607.5390625
104344.6171875
104197.703125
104034.1015625
103870.1328125
103665.3828125
103490.2578125
103583.0234375
103601.1640625
103505.9453125
103303.984375
103207.0390625
103201.421875
103250.3046875
103253.0703125
103201.3828125
103140.4140625
103122.65625
103171.6796875
103260.890625
103368.859375
103476.6875
103566.65625
103630.6328125
103680.1953125
103712.4375
103729.1953125
103755.515625
103807.265625
103898.359375
104008.9921875
104151.984375
104348.5390625
104532.6484375
104677.2421875
104802.359375
104939.484375
105081.3828125
105216.65625
105370.8359375
105501.203125
105618.1484375
105719.109375
105814.828125
105905.8515625
105991.8046875
106077.5390625
106157.515625
106237.078125
106313.0
106373.59375
106410.3203125
106434.8203125
106449.78125
106456.9453125
106457.8046875
106450.9921875
106441.1484375
106429.765625
106420.6015625
106411.1640625
106401.8046875
106397.5546875
106406.3203125
106451.40625
106493.046875
106521.9296875
106543.0234375
106558.2890625
106569.59375
106667.3984375
106825.09375
106960.7265625
