25400.0
25400.0
25273.7109375
24585.939453125
24480.669921875
24344.1953125
24332.349609375
24334.517578125
24338.748046875
24343.13671875
24347.619140625
24352.0234375
24358.361328125
24366.318359375
24374.53515625
24385.205078125
24399.349609375
24416.943359375
24446.173828125
24487.482421875
25015.89453125
29427.376953125
38827.83203125
50244.73046875
58163.8125
65392.62890625
71524.6171875
76833.671875
82564.9140625
87493.8203125
92434.0078125
96537.3515625
100282.7109375
104194.90625
108797.9140625
113351.5234375
117504.515625
121572.59375
125766.9140625
130914.0546875
135526.390625
134449.515625
133525.453125
132405.078125
131102.15625
129695.2890625
128273.34375
126846.3046875
125520.3828125
124167.671875
122995.2578125
121814.0078125
120889.6015625
120105.203125
119845.640625
119790.6640625
119718.5859375
119799.0078125
119501.90625
118878.046875
118013.4765625
117066.75
116508.7734375
115937.671875
115334.171875
114762.28125
114095.59375
113422.3828125
112737.953125
112198.921875
111740.5859375
111330.2734375
110982.0234375
110630.8203125
110300.84375
109995.453125
109735.609375
109532.2578125
109341.6796875
109199.6015625
109117.4140625
109076.078125
109063.1640625
109101.1953125
109187.515625
109291.609375
109494.5625
109797.0078125
110091.0078125
110356.8359375
110670.625
111066.90625
111392.8515625
111576.7578125
111600.1484375
111527.9296875
111406.34375
111341.265625
111265.6171875
111275.25
111769.734375
112119.4453125
112342.2265625
112438.5625
112449.3203125
112398.984375
112296.90625
112161.4375
112014.140625
111855.0
111683.5
111489.046875
111284.8671875
111096.34375
110917.078125
110811.6640625
110728.2421875
110711.7109375
110683.1796875
110657.2265625
110634.9765625
110610.0078125
110587.046875
110578.03125
