25400.0
25400.0
25400.0
25400.0
25365.6796875
25365.677734375
25361.435546875
25354.533203125
25350.76171875
25348.798828125
25347.72265625
25347.15625
25346.86328125
25346.7109375
25346.64453125
25346.626953125
25346.626953125
25346.626953125
25346.298828125
25344.6640625
31946.56640625
49019.8515625
58912.75390625
66321.8515625
71947.25
77911.6015625
83150.8046875
88268.21875
92886.9296875
97038.7734375
101362.0859375
105350.4375
109811.875
113906.046875
117905.5390625
121797.078125
125731.7578125
129633.6640625
132168.046875
130777.3046875
129693.578125
128578.59375
127164.140625
125704.203125
124016.2578125
122342.4453125
120807.6328125
119762.7421875
118720.7578125
117560.1796875
116355.4140625
115294.7265625
114199.375
113252.21875
112331.7578125
111546.421875
110825.9609375
110309.890625
109891.5390625
109688.9765625
109506.203125
109446.390625
109346.140625
109362.9453125
109333.4609375
109248.390625
109252.3359375
109278.7421875
109241.6953125
109162.2578125
109152.1796875
109251.5234375
109371.0078125
109474.9921875
109509.0625
109527.1875
109569.0703125
109608.96875
109647.8203125
109706.015625
109810.1484375
109930.078125
110052.3359375
110160.6796875
110264.0546875
110372.078125
110476.9765625
110586.953125
110698.84375
110801.75
110919.1328125
111042.859375
111191.6015625
111354.0078125
111531.75
111682.640625
111830.890625
111992.125
112148.71875
112303.9765625
112453.515625
112582.9609375
112705.71875
112796.34375
112859.5390625
112891.515625
112894.3984375
112900.1875
112884.0625
112831.4375
112755.1796875
112658.140625
112544.6328125
112433.96875
112294.1875
112142.921875
111972.046875
111797.46875
111613.8046875
111447.7421875
111346.6171875
111258.03125
111244.2578125
111230.28125
