25400.0
25400.0
25400.0
25400.0
25400.0
25400.0
25400.0
25400.0
25400.0
25400.0
25400.0
25400.0
25400.0
25400.0
25400.0
25400.0
25400.0
25400.0
25400.0
25400.0
26982.40625
45904.171875
62242.5078125
75121.5390625
81692.375
86219.78125
90578.8203125
94993.71875
98670.828125
101741.6171875
104736.4296875
107197.390625
109361.6796875
111241.265625
113383.5625
115929.3359375
118466.0546875
120821.109375
123165.8984375
125799.1328125
128497.265625
130944.65625
134024.0
137376.40625
141554.90625
145552.359375
151522.09375
157786.765625
162584.234375
164717.65625
160018.8125
157142.03125
156606.890625
156451.5
157543.765625
158318.8125
158795.8125
158836.046875
158424.359375
157651.90625
156439.859375
154824.96875
153465.34375
152134.640625
150598.5625
149125.296875
147396.578125
145494.90625
143525.125
141668.1875
139742.578125
137876.703125
136079.3125
134246.515625
132531.953125
130784.625
129079.515625
127638.75
126187.7421875
124915.8828125
123757.171875
122671.5234375
121572.0
120501.8046875
119506.1640625
118517.2109375
117604.015625
116699.3515625
115841.5703125
115105.015625
114334.25
113627.15625
112948.265625
112347.0234375
111749.8203125
111173.6875
110637.1953125
110107.859375
109616.2890625
109133.859375
108675.7265625
108280.53125
107866.5078125
107485.875
107113.890625
106772.78125
106440.828125
106129.1796875
105845.8984375
105571.328125
105322.265625
105082.0390625
104857.59375
104667.0859375
104471.6875
104296.4765625
104130.265625
103979.5390625
103839.046875
103711.1328125
103597.9921875
103507.515625
103435.1640625
103364.5390625
