25400.0
25400.0
25400.0
25400.0
25400.0
25400.0
25400.0
25400.0
25400.0
25400.0
25400.0
25400.0
25400.0
25400.0
25400.0
25400.0
25400.0
25400.0
25400.0
25400.0
33734.015625
55326.21875
75118.6484375
90323.578125
101335.0
107996.6484375
114210.6171875
120013.21875
125004.625
128894.9375
131845.765625
134384.734375
132181.703125
129236.375
126448.375
123976.5078125
121631.765625
119529.796875
117379.1484375
115419.6171875
113641.3203125
111938.40625
110516.578125
109269.0
108152.8515625
107380.5859375
106734.4296875
106162.0
105746.046875
105501.984375
105979.8515625
106271.8125
106247.5703125
106449.5546875
106909.6484375
107418.3515625
107739.96875
107811.8984375
107842.734375
107974.515625
108111.859375
108232.296875
108368.890625
108519.609375
108714.578125
109034.984375
109374.0625
109735.8046875
110096.8046875
110441.953125
110820.796875
111213.578125
111640.6796875
112121.7734375
112586.328125
113109.265625
113653.15625
114235.6875
114591.5546875
114675.6640625
114515.109375
114230.125
113923.59375
113844.34375
114126.671875
114285.890625
114314.7265625
114218.6953125
114124.703125
114165.9453125
114247.578125
114259.09375
114219.2421875
114192.3671875
114092.515625
113938.6953125
113730.6875
113506.28125
113258.9921875
113003.6171875
112755.3046875
112499.6328125
112253.6875
112003.21875
111758.8515625
111541.8984375
111304.3828125
111069.984375
110821.7578125
110574.234375
110310.0625
110040.953125
109770.4375
109481.171875
109195.2109375
108910.4921875
108647.265625
108426.4296875
108200.8125
107987.3046875
107775.0390625
107577.5390625
107382.0390625
107210.34375
107059.2421875
106909.640625
106767.3671875
106620.1640625
