25400.0
25400.0
25400.0
25400.0
25400.0
25400.0
25400.0
25400.0
25400.0
25400.0
25400.0
25400.0
25400.0
25400.0
25400.0
25400.0
25400.0
25400.0
25400.0
25400.0
41675.76171875
59287.47265625
74723.234375
87754.28125
97060.125
103139.9140625
107298.984375
110373.796875
113161.6953125
115738.375
118663.375
121367.3515625
123400.6875
121566.8671875
119859.4140625
118308.0234375
117033.3046875
115946.9765625
115150.0625
114475.8828125
113861.125
113335.0703125
112914.96875
112733.8984375
112578.5390625
112464.828125
112390.2421875
112333.9296875
112313.453125
112222.0078125
112091.9921875
112484.21875
112994.1484375
113197.7265625
113257.3125
113156.4296875
112949.8984375
112656.3984375
112132.5078125
111504.4140625
110969.046875
110644.984375
110295.1328125
109821.0
109301.9375
108920.2109375
108684.7890625
108563.046875
108264.3515625
107994.9296875
108183.796875
108440.6640625
108631.71875
108802.84375
108958.1796875
109091.328125
109221.6640625
109352.78125
109470.484375
109574.078125
109681.65625
109818.0859375
109961.21875
110117.5546875
110315.4921875
110484.53125
110631.4140625
110771.4921875
110907.1015625
111016.1328125
111092.9609375
111145.7890625
111169.03125
111172.0703125
111157.6171875
111138.2578125
111116.3828125
111093.359375
111093.828125
111116.453125
111126.28125
111113.5859375
111082.96875
111034.328125
111055.703125
111146.1875
111253.8125
111340.78125
111387.1171875
111419.4296875
111451.34375
111483.1796875
111515.3828125
111543.40625
111566.8359375
111591.3203125
111615.5703125
111635.78125
111643.59375
111636.953125
111618.0859375
111589.4453125
111550.7421875
111505.8203125
111452.765625
