25400.0
25400.0
25400.0
25400.0
25400.0
25400.0
25400.0
25400.0
25400.0
25400.0
25400.0
25400.0
25400.0
25400.0
25400.0
25400.0
25400.0
25400.0
25400.0
25400.0
25400.0
25400.0
25400.0
25400.0
30523.421875
48242.6875
61779.73828125
69992.71875
74233.5390625
77881.140625
81048.265625
84892.1171875
88145.609375
91090.671875
93767.078125
96891.5859375
100243.2734375
103475.1640625
107464.0234375
112307.015625
118217.953125
124563.140625
130242.4921875
136533.90625
143429.453125
151320.453125
158591.171875
165744.484375
171762.015625
167057.359375
162971.390625
159166.546875
155420.3125
151635.328125
148391.703125
145189.5625
142678.015625
141115.953125
139726.25
138433.140625
137202.359375
136219.15625
135640.296875
135286.53125
135005.03125
134695.28125
134339.046875
133920.28125
133514.265625
133213.078125
132902.390625
132547.234375
132147.828125
131717.890625
131202.78125
130624.2734375
129967.5
129312.453125
128676.296875
127935.1796875
127200.765625
126454.046875
125753.71875
125049.78125
124372.25
123734.984375
123081.8671875
122449.0234375
121811.1953125
121262.7421875
120752.3125
120256.96875
119804.4609375
119379.109375
118978.6015625
118564.2421875
118146.7890625
117735.4765625
117302.8203125
116877.75
116441.625
116017.0859375
115643.078125
115240.1171875
114860.25
114482.5
114127.78125
113768.8125
113388.8671875
113008.0625
112615.8359375
112240.8984375
111861.546875
111491.5546875
111165.1328125
110814.6328125
110474.546875
110136.0078125
109822.03125
109511.078125
109212.125
108932.828125
108654.1953125
108392.53125
108127.46875
