25400.0
25400.0
25400.0
25252.986328125
24946.642578125
24813.134765625
24813.134765625
24879.193359375
24896.5078125
24899.3125
24901.421875
24903.47265625
24905.55859375
24907.552734375
24909.404296875
24911.794921875
24913.59765625
24915.0625
24916.443359375
24917.61328125
24918.873046875
24920.0390625
24921.201171875
24922.29296875
24923.380859375
24924.4296875
24925.435546875
24926.4296875
24927.3984375
24928.357421875
24929.298828125
24930.17578125
24930.87890625
24931.263671875
24931.875
24947.94921875
29100.3984375
38779.984375
45983.796875
51813.9765625
56377.83984375
60293.7578125
63403.27734375
65912.1171875
67969.21875
69434.53125
70582.765625
71532.3359375
72508.8671875
73527.9375
74490.9375
75436.015625
76386.7734375
77424.234375
78413.6171875
79288.421875
80214.734375
81069.0625
81909.1796875
82733.6640625
83548.5859375
84332.09375
85095.0625
85910.3671875
86787.203125
87935.28125
89321.640625
90957.578125
93633.15625
96277.8046875
98781.1796875
100431.5
101735.9453125
105460.078125
111931.1015625
117523.3359375
122590.484375
128704.9453125
134842.515625
140854.375
147738.328125
154539.296875
161402.5
167838.9375
174301.828125
181677.59375
188539.25
196634.71875
202596.703125
196926.703125
192599.90625
189433.640625
186471.078125
183321.0
179961.1875
176985.078125
174224.90625
171648.921875
169250.390625
167009.484375
165086.734375
163281.546875
161752.46875
160466.890625
159138.59375
157865.734375
156609.28125
155413.46875
154215.0
153060.34375
151968.46875
150864.046875
149793.515625
148695.203125
147756.25
146974.5
146249.984375
145659.75
144994.171875
144316.265625
143578.96875
142739.4375
141924.640625
141003.328125
140102.796875
139174.703125
