25400.0
25400.0
25400.0
25400.0
25400.0
25400.0
25400.0
25400.0
25400.0
25400.0
25400.0
25400.0
25400.0
25400.0
25400.0
25400.013671875
25399.998046875
25399.99609375
35024.3671875
59826.28515625
76522.8828125
90689.046875
100502.8125
107692.171875
113016.0390625
117668.875
121736.765625
124937.6875
127604.1328125
129722.890625
131231.46875
133015.40625
134797.09375
136368.984375
141103.90625
142638.1875
136875.890625
132555.890625
129146.59375
126850.9140625
124524.1953125
122521.84375
120989.5
119860.71875
119009.765625
118322.6328125
117927.9609375
118088.890625
118458.828125
118877.6953125
119402.1015625
119966.5859375
120562.7265625
121207.8828125
121802.7265625
122527.1484375
123402.6171875
124107.375
124641.3671875
125012.9453125
125239.203125
125379.78125
125399.5625
125307.828125
125153.40625
124932.4140625
124650.78125
124315.8515625
123962.59375
123560.765625
123135.5625
122667.6796875
122244.65625
121752.4921875
121181.6171875
120600.28125
119985.4609375
119372.203125
118828.703125
118235.9453125
117689.3203125
117156.1484375
116660.3046875
116161.7734375
115674.9375
115207.390625
114670.46875
114164.0
113661.28125
113173.703125
112746.0
112293.4375
111864.0703125
111427.40625
111009.6875
110585.0625
110168.8984375
109774.234375
109374.3125
108997.34375
108626.0703125
108248.0234375
107914.7265625
107562.4609375
107238.359375
106922.3359375
106632.5859375
106348.296875
106077.0546875
105826.90625
105580.375
105356.25
105161.1484375
104982.1875
104823.546875
104650.875
104486.7421875
104321.2578125
104177.453125
104045.8125
103913.0078125
103785.7265625
103656.1171875
103530.78125
103403.609375
