25400.0
25400.0
25321.90625
24760.212890625
24577.6328125
24611.447265625
24613.99609375
24611.94140625
24612.326171875
24614.28125
24616.78125
24619.478515625
24622.115234375
24624.580078125
24627.125
24630.93359375
24633.302734375
24635.369140625
24638.515625
24642.48046875
24647.37109375
24674.09765625
28583.54296875
38017.12890625
49102.76171875
61173.85546875
74729.265625
85942.8046875
93153.0234375
97011.421875
99833.6171875
102128.90625
103736.609375
105006.1484375
105801.4921875
106315.4609375
106625.453125
106852.578125
106989.0625
107035.71875
106974.421875
106869.03125
106730.25
106520.140625
106250.125
105965.7734375
105645.7421875
105338.9921875
105046.4609375
104762.203125
104466.734375
104167.375
103852.71875
103543.859375
103279.125
102981.5
102661.9375
102336.2109375
102019.734375
101725.140625
101440.75
101177.171875
100870.78125
100561.8984375
100260.96875
99953.0
99669.5703125
99355.90625
99062.15625
98784.84375
98535.3203125
98403.5
98362.4609375
98692.1796875
99360.21875
100014.6640625
100680.3359375
101320.796875
101869.078125
102411.78125
102868.953125
103297.6796875
103663.890625
103962.7109375
104255.2578125
104511.0859375
104739.046875
104936.1640625
105115.9765625
105280.2265625
105423.859375
105551.046875
105646.84375
105723.4609375
105780.9921875
105826.84375
105862.109375
105885.1875
105879.78125
105876.4921875
105864.3671875
105845.140625
105823.6796875
105796.390625
105770.5
105744.2734375
105716.1640625
105668.1015625
105704.1953125
105642.5625
105544.109375
105441.578125
105365.140625
105279.5234375
105192.8046875
105104.21875
105001.96875
104887.625
104775.84375
104663.34375
104555.0625
104463.28125
104376.125
104376.46875
104404.3125
