25400.0
25400.0
25400.0
25400.0
25400.0
25400.0
25400.0
25400.0
25400.0
25400.0
25400.0
25400.0
25400.0
25400.0
25400.0
25400.0
25400.0
25400.0
25400.0
25400.0
25400.0
25400.0
25800.896484375
45530.84765625
67019.2421875
83358.3125
96308.9140625
108600.96875
118424.9765625
125284.5703125
129694.546875
133674.390625
136441.75
138300.78125
139239.421875
139683.546875
140885.125
141524.21875
142436.921875
143475.09375
144364.25
145105.921875
147546.953125
150127.15625
148796.375
143059.515625
138854.296875
135556.40625
132757.78125
130640.640625
129071.53125
127917.40625
126992.1484375
126272.875
125737.640625
125518.1875
125806.890625
126135.9765625
126445.90625
126774.8203125
127158.6796875
127544.5234375
127916.6796875
128271.0703125
128501.9453125
128649.3828125
128799.125
128823.609375
128752.8515625
128664.53125
128694.375
128743.71875
128793.3828125
128798.6796875
128746.9609375
128636.265625
128455.0234375
128184.609375
127852.453125
127454.6875
127111.2578125
126782.21875
126466.421875
126160.4609375
125933.78125
125666.921875
125291.40625
124874.28125
124414.296875
123912.859375
123449.6953125
122945.75
122407.265625
121763.0625
121131.6484375
120467.2265625
119800.765625
119157.609375
118499.625
117872.1015625
117229.796875
116612.1875
116069.7109375
115495.046875
114966.8515625
114452.4296875
114028.6484375
113786.09375
113555.7578125
113316.1328125
113050.484375
112780.234375
112514.03125
112255.34375
112000.09375
111759.9453125
111542.2578125
111312.890625
111158.0390625
110983.8125
110789.1484375
110587.9140625
110378.0234375
110175.7734375
109968.9921875
