25400.0
25400.0
25400.0
25400.0
25400.0
25400.0
25400.0
25400.0
25400.0
25400.0
25400.0
25400.0
25400.0
25400.0
25400.0
25400.0
25400.0
25400.0
25400.0
25400.0
25400.0
25400.0
25400.0
25400.0
25400.0
25400.0
37927.36328125
51119.921875
61623.59765625
71133.078125
78401.1875
84723.328125
89669.453125
93851.640625
97598.125
101574.3125
105010.7890625
107748.328125
110167.8984375
112399.5234375
114847.1484375
120123.0625
126111.7578125
132972.84375
139804.875
146549.296875
152759.0625
159515.09375
165899.640625
171549.953125
176850.625
183401.90625
180568.671875
173442.515625
168190.90625
163747.875
160460.875
157855.4375
156588.546875
155929.046875
155691.84375
155576.96875
155515.609375
155632.765625
156381.953125
156808.53125
156782.9375
156060.765625
154796.28125
153310.625
151733.765625
150032.0625
148725.46875
147404.296875
145975.421875
144793.78125
143824.0625
142756.890625
141676.59375
140361.671875
139005.0
137562.515625
136153.96875
134678.40625
133174.890625
131713.546875
130250.9609375
128888.21875
127545.46875
126259.6640625
125135.03125
123937.203125
122819.4453125
121712.7578125
120679.3828125
119660.3203125
118689.2265625
117790.4609375
116921.140625
116157.8125
115392.9765625
114645.515625
113984.765625
113272.78125
112600.8515625
111933.4765625
111314.7109375
110704.625
110124.546875
109590.15625
109065.34375
108583.0859375
108108.8671875
107665.828125
107288.9375
106899.40625
106545.75
106202.796875
105890.6171875
105588.0
105304.03125
105044.96875
104794.015625
104565.390625
104343.1015625
