16080.1669921875
15436.6640625
14972.240234375
14769.3896484375
14831.130859375
15083.767578125
15405.361328125
16151.248046875
16817.99609375
17434.6796875
17968.294921875
18462.439453125
18908.994140625
19303.61328125
19678.099609375
20013.76953125
20336.8671875
20638.94921875
20897.119140625
21170.375
21425.166015625
21677.388671875
21921.818359375
22186.98828125
22494.783203125
22830.5
27400.091796875
32877.40234375
36651.09375
40283.1328125
43291.30078125
45794.70703125
48322.4296875
50531.89453125
52709.91796875
54767.4921875
56937.7578125
58889.2734375
60469.77734375
62170.64453125
63889.375
65672.9453125
67425.203125
68968.4921875
70623.578125
72187.125
73812.71875
75286.0625
76653.3671875
77986.5625
79308.6796875
80626.03125
81829.3984375
83018.1484375
84143.9609375
85124.5546875
86156.2734375
87096.3125
88011.9375
88857.453125
89997.609375
91240.5078125
92429.453125
93661.765625
94844.625
96044.40625
97146.2578125
98052.484375
98956.3515625
99752.1171875
100511.109375
101196.8203125
101851.21875
102445.9609375
102974.609375
103472.8359375
103917.25
104341.2578125
104753.625
105158.4140625
105604.9375
105967.28125
106289.109375
106579.3515625
106859.375
107119.421875
107351.5390625
107568.5546875
107756.2421875
107926.3359375
108073.578125
108188.5234375
108295.84375
108380.703125
108446.5
108493.609375
108528.625
108549.8515625
108556.5546875
108549.359375
108530.9765625
108502.53125
108465.578125
108427.0234375
108377.953125
108326.765625
108272.5546875
108215.5390625
108150.515625
108078.7109375
108001.9140625
107914.890625
107824.7578125
107724.7734375
107618.984375
107515.8984375
107387.015625
107258.8828125
107141.7421875
107035.1953125
106931.3984375
106833.2890625
106741.640625
106652.6328125
106568.2109375
106480.2265625
