25400.0
25400.0
25400.0
25400.0
25400.0
25400.0
25400.0
25400.0
25400.0
25400.0
25400.0
25400.0
25400.0
25400.0
25400.0
25400.0
25400.0
25400.0
25400.0
25400.0
25400.0
25400.0
25400.0
25400.0
35963.76953125
49343.6953125
55692.5
60802.11328125
65966.28125
71706.90625
76938.28125
81081.96875
85254.9765625
89321.5234375
93564.109375
97759.53125
102292.5859375
106901.6640625
111345.2421875
115990.8828125
120747.9375
125461.0703125
129843.765625
133537.421875
137688.890625
141736.78125
146143.125
150284.15625
154117.90625
157772.859375
161801.09375
166768.578125
174312.4375
177789.1875
186928.609375
186683.453125
183124.765625
181016.96875
179461.4375
178857.3125
178663.75
177547.390625
175488.1875
172970.203125
170248.75
167344.28125
164517.15625
162073.1875
159219.28125
156452.65625
153578.15625
150772.625
147874.671875
145004.546875
142264.9375
139572.828125
137106.609375
134762.625
132561.4375
130638.234375
128610.9609375
126773.359375
124998.140625
123385.421875
121828.265625
120375.234375
119055.453125
117776.1328125
116648.6328125
115569.1015625
114602.75
113800.8203125
112957.4453125
112193.5390625
111485.1015625
110836.953125
110211.625
109628.9296875
109102.828125
108597.2734375
108141.3828125
107703.953125
107284.1953125
106910.78125
106529.984375
106192.4375
105876.1328125
105597.40625
105336.875
105105.46875
104912.6953125
104732.6953125
104572.890625
104421.6484375
104281.5
104161.671875
104035.4140625
103912.078125
103801.0390625
103725.2734375
103676.09375
103646.2265625
103631.78125
103625.9375
103625.2109375
103628.3828125
