25400.0
25400.0
25400.0
25228.650390625
24831.474609375
24649.84375
24710.36328125
24719.205078125
24720.537109375
24722.0234375
24723.654296875
24725.328125
24726.947265625
24728.451171875
24729.919921875
24731.744140625
24733.369140625
24734.4765625
24734.685546875
24734.330078125
24750.599609375
33396.56640625
50305.34765625
68482.25
85268.5390625
98524.46875
110709.7109375
121876.2734375
131301.5625
138556.390625
143481.203125
147173.421875
149456.1875
151128.390625
150913.921875
146350.109375
142193.796875
138345.1875
134426.796875
130991.25
127845.578125
124903.6015625
122562.5546875
120404.15625
119071.2265625
117559.46875
115961.5390625
114703.265625
113509.7734375
112573.8359375
111774.1171875
111189.765625
110662.8984375
110240.40625
110119.1640625
110095.2578125
110227.8046875
110269.3828125
110279.578125
110297.0625
110340.625
110394.515625
110547.203125
110712.328125
110884.1796875
111054.078125
111207.109375
111384.6796875
111564.984375
111781.03125
112005.9765625
112305.9609375
112583.3125
112821.375
113060.03125
113282.5859375
113500.8984375
113646.2109375
113760.4375
113870.3125
113943.0546875
113974.9140625
113969.7421875
113908.53125
113805.4609375
113666.2109375
113489.6640625
113294.0390625
113080.34375
112878.4609375
112735.3828125
112543.5390625
112332.34375
112231.578125
112109.5859375
111929.1875
111706.9453125
111464.953125
111196.015625
110923.78125
110632.9609375
110335.0390625
110062.625
109759.7734375
109476.3515625
109197.03125
108934.40625
108664.1015625
108394.3515625
108124.71875
107848.484375
107579.3046875
107301.3984375
107025.5234375
106779.140625
106510.5390625
106254.640625
105994.953125
105748.6875
105499.78125
105256.5390625
105026.359375
104797.1328125
104588.203125
104384.0546875
