25400.0
25400.0
25400.0
25397.283203125
25032.755859375
24824.009765625
24803.876953125
24803.876953125
24803.876953125
24819.83203125
24858.158203125
24864.396484375
24866.4921875
24868.2109375
24869.853515625
24871.408203125
24872.912109375
24874.421875
24876.9921875
24878.392578125
24879.46875
24880.533203125
24881.541015625
24882.544921875
24883.44140625
24884.357421875
24885.22265625
24886.02734375
24886.7890625
24887.490234375
24888.189453125
24888.138671875
24887.9296875
24891.626953125
26681.541015625
37290.80078125
48185.48828125
57132.92578125
64908.26171875
71312.0
77343.75
82200.3984375
86292.03125
89987.09375
93013.21875
95981.234375
98425.7578125
100734.4375
102896.8203125
105010.71875
106940.03125
108770.46875
110410.4921875
111606.9453125
112637.90625
113641.453125
114566.296875
115506.65625
116338.484375
117598.2578125
119047.609375
121650.3046875
126046.265625
131120.96875
136068.578125
139536.953125
138846.125
138133.09375
137363.46875
136340.703125
135395.546875
134278.84375
133305.578125
132316.46875
131312.125
130324.0390625
129267.0234375
128291.2734375
127541.234375
127066.0625
126499.234375
125848.1015625
125217.734375
124593.4375
123891.890625
123135.1953125
122613.765625
122425.2890625
122091.6640625
121653.6875
121182.2890625
120853.1640625
120664.4140625
120572.359375
120467.9765625
120234.8671875
119965.3515625
119709.453125
119498.203125
119346.5
119243.1484375
119173.5234375
119119.46875
119076.8046875
118996.328125
118895.1796875
118849.453125
118853.8046875
118894.59375
118992.6171875
119167.9921875
119542.8515625
119920.546875
120249.375
120561.5390625
120859.1875
121101.1796875
121344.390625
121559.3359375
121755.7578125
121905.3671875
121981.6015625
121995.21875
121883.0546875
121752.46875
121628.234375
121501.9921875
