23427.419921875
22061.453125
21027.490234375
20529.34375
20450.96484375
20705.228515625
21066.4140625
21966.134765625
22779.841796875
23536.07421875
24191.69921875
24802.16796875
25261.595703125
25255.880859375
25252.7265625
25250.99609375
25249.61328125
25247.92578125
33151.94921875
45760.88671875
54971.296875
62980.4609375
68846.953125
74071.5390625
78782.1171875
82502.90625
85358.234375
87302.046875
88840.4765625
90005.0625
90758.2421875
91299.9296875
91679.5859375
92167.0546875
92579.1953125
93176.5
93716.9765625
94155.578125
94515.2734375
94783.3046875
94997.25
95287.40625
95683.2578125
96049.3515625
96352.40625
96621.0546875
96847.796875
97054.734375
97237.1484375
97394.515625
97553.7734375
97700.3671875
97823.5546875
97919.21875
97986.3671875
98081.7265625
98195.3515625
98312.703125
98416.9765625
98514.9609375
98592.8125
98660.9609375
98711.296875
98744.484375
98784.8984375
98819.9375
98859.6640625
98970.5625
99077.5859375
99163.8671875
99231.5390625
99298.9453125
99363.390625
99420.953125
99473.53125
99517.0703125
99558.0234375
99599.328125
99642.4921875
99681.140625
99728.15625
99775.953125
99828.125
99881.8046875
99932.0859375
99977.0703125
100020.1953125
100072.1953125
100141.9765625
100220.6484375
100277.9609375
100331.328125
100384.84375
100433.1796875
100476.75
100510.7421875
100536.1640625
100547.6953125
100542.171875
100521.984375
100493.296875
100579.296875
100677.8125
100779.2890625
100922.34375
101100.5625
101276.921875
101441.4765625
101584.703125
101708.1171875
101820.046875
101913.375
101994.2734375
102059.0546875
102106.4140625
102146.53125
102175.2265625
102194.03125
102213.1328125
102232.09375
102246.8125
102254.109375
102240.9921875
102251.203125
102249.8125
