25400.0
25400.0
25400.0
25400.0
25400.0
25400.0
25400.0
25400.0
25400.0
25400.0
25400.0
25400.0
25400.0
25400.0
25400.0
25400.0
25400.0
25400.0
25400.0
25400.0
25400.0
25400.0
25400.0
25400.0
25400.0
25400.0
25400.0
25400.0
25400.0
25400.0
25400.0
25400.0
25400.0
25400.0
25400.0
25400.0
29894.513671875
41963.2265625
50137.48046875
56219.2578125
61113.7890625
65418.46484375
68763.6015625
71224.234375
73361.1328125
75310.8359375
77369.90625
79300.3359375
81323.6484375
83320.5234375
85244.8125
87838.46875
92037.1953125
97265.703125
103458.25
109133.515625
115478.6171875
121694.1640625
128223.5390625
135106.171875
141985.0
147871.65625
153474.71875
159566.40625
165331.640625
171052.78125
176299.734375
180814.1875
185128.171875
188957.625
192586.234375
197362.84375
204416.171875
202266.625
194509.125
188286.515625
183790.90625
179212.125
175654.53125
173298.796875
171362.703125
170154.0625
169500.3125
168881.203125
168128.265625
167330.78125
166560.28125
165392.140625
163987.703125
162449.703125
160884.046875
159361.3125
157572.453125
155743.34375
153662.890625
151632.234375
149593.84375
147688.9375
145901.703125
144025.75
142209.28125
140349.859375
138525.984375
136917.140625
135214.703125
133653.03125
132088.765625
130623.71875
129190.2265625
127836.2109375
126596.609375
125388.7578125
124284.25
123209.28125
122230.375
121492.0546875
120767.1328125
120084.1953125
119495.4453125
118955.8125
118439.3828125
117956.296875
117513.5625
117078.1953125
116682.5234375
116302.34375
