25400.0
25400.0
25400.0
25400.0
25323.548828125
25323.548828125
25323.548828125
25323.548828125
25323.548828125
25323.548828125
25323.548828125
25323.548828125
25323.548828125
25323.548828125
25323.548828125
25323.548828125
25323.548828125
25323.548828125
25323.548828125
25323.548828125
25323.548828125
25323.548828125
25323.548828125
25323.548828125
25323.548828125
25323.548828125
25323.548828125
25323.548828125
25323.548828125
25323.548828125
25323.548828125
25323.548828125
36771.3046875
50021.34375
56399.60546875
59538.8125
61733.67578125
63496.19921875
65024.97265625
66632.265625
68331.1328125
70104.4140625
72076.7578125
74411.7890625
76784.9375
79347.390625
82015.625
84548.2265625
86794.390625
88479.8125
89933.7265625
90995.296875
91557.0078125
91867.359375
93068.90625
94768.3671875
96356.2265625
98046.1171875
100407.953125
102448.890625
104134.0546875
105539.15625
106836.75
108000.9140625
109165.2265625
110346.0546875
111430.4375
112663.125
113893.390625
115206.9140625
116531.4296875
117863.0
119094.7578125
120242.9609375
121463.34375
122634.5546875
123824.4609375
124936.953125
125971.09375
127093.7265625
128029.328125
128828.0546875
130334.8046875
132820.625
133628.125
134323.75
135065.5
135791.515625
136656.9375
138657.703125
139528.9375
136849.265625
135211.9375
133912.59375
132586.96875
131455.328125
130424.7890625
129403.078125
128295.0
127273.6015625
126425.0078125
125700.75
125152.84375
124542.75
123960.7265625
123349.890625
122804.46875
122325.296875
122077.671875
122150.21875
122230.09375
122364.890625
122499.4375
122639.125
122768.890625
122911.1171875
123015.96875
123140.6875
123297.1953125
123474.3671875
123637.5234375
123766.4140625
123850.640625
123962.4140625
124037.4921875
