25400.0
25400.0
25400.0
25400.0
25400.0
25400.0
25400.0
25400.0
25400.0
25400.0
25400.0
25400.0
25400.0
25400.0
25400.0
25400.0
25400.0
25400.0
25400.0
25400.0
25400.0
25400.0
25400.0
25400.0
25400.0
25400.0
25400.0
25808.658203125
36673.77734375
49058.69921875
60663.6328125
71507.3125
80660.71875
88127.078125
94836.0078125
100562.6640625
105574.640625
110089.4375
113737.984375
116977.6328125
119885.0078125
122233.859375
124609.0625
126662.921875
128551.359375
130183.296875
131772.0
133227.453125
134492.125
135777.296875
136977.21875
138162.640625
139246.296875
140131.390625
140882.765625
141277.5625
138271.625
135620.125
132868.5625
130212.0234375
127876.4921875
125642.1484375
123660.1328125
121949.2734375
120476.859375
119172.6328125
118086.015625
117326.984375
116717.34375
116251.859375
115762.4375
115265.46875
114932.8359375
114609.4609375
114309.8515625
114231.78125
114633.375
114911.3671875
115184.7578125
115439.2421875
115740.6015625
115940.421875
116232.8359375
116623.859375
117047.515625
117635.5234375
118177.234375
118693.03125
119168.2265625
119568.953125
119981.765625
120360.921875
120773.3828125
121215.65625
121655.5703125
122041.2890625
122426.9453125
122897.75
123282.9453125
123568.1875
123757.5625
123862.5703125
123910.359375
123900.046875
123865.0546875
123866.1796875
123758.5703125
123646.328125
123539.3125
123419.3359375
123294.640625
123148.6171875
122982.8984375
122814.40625
122606.1796875
122384.5859375
122131.78125
121864.71875
121568.4765625
121255.015625
120935.1015625
120602.59375
120270.8359375
119922.2578125
