25400.0
25400.0
25400.0
25392.97265625
25388.880859375
25384.669921875
25381.73046875
25378.396484375
25376.716796875
25375.822265625
25375.3671875
25375.123046875
25374.99609375
25374.927734375
25374.890625
25374.87109375
25374.859375
25374.859375
25374.421875
25373.7890625
29750.5
49440.015625
68080.8828125
84248.65625
97258.515625
108319.8984375
117238.2578125
123554.6328125
128620.265625
132384.75
134499.515625
136225.6875
137659.84375
139518.71875
141149.6875
142553.15625
144736.265625
147939.3125
142139.703125
137296.53125
132914.359375
130162.109375
127504.359375
124702.0703125
122814.0859375
121051.75
119609.4140625
118378.671875
117342.984375
116528.2734375
115857.6640625
115468.9296875
115429.03125
115442.1015625
115469.6875
115573.7734375
115776.3828125
116020.0078125
116236.15625
116407.0
116525.2890625
116647.4296875
116773.9296875
116864.234375
116902.546875
116889.53125
116838.21875
116737.5390625
116541.453125
116316.0703125
116081.765625
115812.7265625
115507.8125
115193.3046875
114850.8984375
114526.890625
114190.5
113833.2109375
113521.96875
113192.671875
112875.703125
112544.9140625
112220.265625
111905.15625
111603.6015625
111324.8125
111053.34375
110821.4296875
110591.25
110368.9375
110184.578125
109975.0703125
109768.1640625
109553.6015625
109347.203125
109135.9296875
108929.9765625
108734.3125
108534.359375
108351.7578125
108177.796875
108008.3671875
107859.5078125
107699.234375
107548.0859375
107384.171875
107229.96875
107081.7578125
106943.71875
106822.34375
106710.8046875
106614.28125
106519.0703125
106428.4921875
106351.3359375
106276.5859375
106216.6640625
106159.140625
106107.171875
106062.09375
106061.1875
106057.375
106053.7109375
106047.5078125
106032.9609375
