25400.0
25400.0
24754.42578125
24936.1796875
25070.41015625
24217.681640625
23750.96484375
23651.05859375
23634.71875
23648.70703125
23675.396484375
23710.755859375
23757.59375
23822.53515625
23908.439453125
24031.576171875
24168.087890625
24304.48046875
24587.3515625
24862.453125
25010.1484375
25070.265625
25093.517578125
25122.912109375
25142.4921875
25152.634765625
25154.666015625
25154.89453125
25183.064453125
25542.73828125
26598.841796875
29387.373046875
35104.47265625
42199.3359375
50454.3359375
59288.8828125
67944.3359375
74989.0234375
81658.1796875
87743.9609375
92933.9296875
96837.0
100348.1796875
103453.7421875
106332.21875
108637.4375
110333.6484375
111685.25
112788.0703125
113963.2890625
115111.4296875
116214.203125
117251.125
118162.9140625
119136.3671875
120070.46875
120943.1484375
121646.09375
120644.1015625
119510.90625
118506.3359375
117524.7265625
116606.7578125
115674.2890625
114731.1640625
113937.0703125
113087.203125
112290.5078125
111500.4140625
110767.828125
110038.875
109347.234375
108715.2421875
108089.9453125
107509.9140625
106938.109375
106395.0703125
105929.59375
105440.6171875
105001.6953125
104568.328125
104169.8828125
104036.3515625
103948.28125
103889.9609375
103851.1875
103825.34375
103808.0625
103773.3046875
103689.6953125
103595.1328125
103415.890625
103037.40625
102661.265625
102302.703125
101951.2734375
101621.3203125
101345.4921875
101038.4765625
100735.25
100422.3359375
100130.1171875
99917.65625
99860.3046875
99773.5
99618.6875
99477.90625
99324.875
99167.828125
99046.734375
98913.21875
98789.2734375
98660.234375
98532.625
98400.3046875
98274.1328125
98154.3046875
98038.7265625
97938.5234375
97835.7578125
97736.5625
97656.546875
97582.03125
97521.375
97485.65625
97463.609375
97449.296875
97436.9140625
97426.453125
97421.875
97415.3984375
97406.109375
