25400.0
25400.0
25400.0
25400.0
25400.0
25400.0
25400.0
25400.0
25400.0
25400.0
25400.0
25400.0
25400.0
25400.0
25400.0
25400.0
25400.0
25400.0
25400.0
25400.0
25400.0
25400.0
25400.0
25400.0
25400.0
25400.00390625
25400.0
25400.0
25400.0
29619.400390625
45805.6171875
57200.16796875
65603.78125
74286.9375
82319.96875
86085.9765625
88438.2109375
90227.4609375
91672.5859375
92750.78125
93591.8359375
94295.546875
95037.6875
95688.1328125
96264.0546875
96742.6484375
97155.109375
97510.9609375
97874.2578125
98246.328125
98597.859375
98948.75
99290.8828125
99585.9140625
99932.7890625
100271.71875
100637.5390625
101041.6328125
101443.9453125
101820.28125
102199.421875
102610.234375
103027.421875
103425.1796875
103774.9375
104056.1171875
104331.734375
104566.90625
104807.015625
105047.03125
105294.546875
105524.4765625
105723.1484375
105886.375
106026.15625
106126.140625
106455.3046875
106797.2890625
107138.3046875
107443.5859375
107731.859375
108062.734375
108379.15625
108650.1953125
108869.21875
109046.96875
109191.734375
109320.3203125
109426.5703125
109504.40625
109570.46875
109614.5078125
109644.78125
109608.890625
109586.6171875
109580.9453125
109576.78125
109567.3046875
109549.4453125
109532.15625
109530.4140625
109531.359375
109531.5625
109552.9609375
109565.875
109568.53125
109562.578125
109546.046875
109523.0390625
109494.9453125
109459.1171875
109409.8046875
109350.4140625
109287.1796875
109206.921875
109125.09375
109039.203125
108950.5078125
108893.7421875
108827.734375
108743.8046875
108642.90625
108534.59375
108414.734375
