25400.0
25400.0
25400.0
25400.0
25400.0
25400.0
25400.0
25400.0
25400.0
25400.0
25400.0
25400.0
25400.0
25400.0
25400.0
25400.0
25400.0
25400.0
25400.0
25400.0
25400.0
25400.0
25400.0
25400.0
25400.0
25400.0
25400.0
25400.0
25400.0
25400.0
25400.0
25400.0
25400.0
25400.0
31164.244140625
47236.60546875
62133.13671875
76155.3046875
85850.0390625
94161.5078125
101258.0546875
108030.390625
114531.2421875
119664.0625
124603.7890625
128876.375
132343.890625
135051.375
137361.34375
139424.203125
141089.21875
142553.96875
143759.046875
144804.5625
145688.546875
146357.46875
147040.046875
147585.5
148029.125
148357.65625
148619.234375
148819.0
149734.984375
152823.640625
153259.53125
153539.75
152412.78125
150640.828125
156051.875
160236.390625
164299.578125
169491.90625
167799.03125
164794.0
162629.046875
161079.015625
160367.078125
159779.625
159173.09375
158613.71875
157828.375
157111.703125
156360.046875
155494.4375
154471.46875
153348.96875
152198.15625
150925.0
149643.515625
148249.453125
146840.640625
145622.046875
144315.0
143076.5
141829.453125
140653.75
139476.96875
138330.625
137251.453125
136168.296875
135147.90625
134129.09375
133143.34375
132273.65625
131342.0625
130473.59375
129626.6015625
128824.296875
128012.8828125
127217.4140625
126462.3515625
125679.703125
124933.546875
124180.5
123443.140625
122792.5859375
122084.765625
121413.453125
120732.265625
120070.4375
119402.1640625
118754.3046875
118149.7734375
117547.40625
116981.0703125
116414.0234375
