25400.0
25400.0
25400.0
25392.08984375
25151.69140625
25151.69140625
25151.69140625
25151.69140625
25151.69140625
25151.69140625
25151.69140625
25151.69140625
25151.69140625
25151.69140625
25151.69140625
25151.69140625
25151.69140625
25151.69140625
25151.69140625
25151.69140625
25151.69140625
25151.69140625
25151.69140625
25151.69140625
25151.69140625
25151.69140625
25151.69140625
25151.69140625
25151.69140625
25151.69140625
27719.87890625
41280.85546875
55187.33203125
66953.1640625
77566.0859375
86132.0
93869.6953125
99102.5625
101793.796875
104131.421875
105894.75
107103.421875
108118.34375
108911.546875
109553.8671875
109958.6171875
110205.5859375
110381.9609375
110485.4375
110500.234375
110439.53125
110312.71875
110205.203125
110061.0
109856.5546875
109649.515625
109430.34375
109196.34375
108941.8984375
108638.5390625
108346.4296875
108051.3515625
107766.4765625
107450.578125
107144.6015625
106883.75
106607.609375
106342.3515625
106033.8671875
105721.6015625
105426.484375
105138.125
104859.3671875
104568.0703125
104282.3515625
103985.1875
103688.515625
103407.8203125
103113.046875
102841.4296875
102581.3984375
102342.875
102100.390625
101859.375
101621.7734375
101382.421875
101159.5234375
100930.765625
100707.875
100504.15625
100274.7578125
100050.1484375
99829.1328125
99674.9921875
99599.2421875
99493.9609375
99375.2890625
99240.5390625
99107.1328125
99001.953125
98871.0625
98754.3671875
98599.1484375
98602.3046875
98700.703125
98783.6640625
99002.8671875
99391.7265625
99822.96875
100264.765625
100740.09375
101238.984375
101714.546875
102159.1875
102657.21875
103087.5625
103468.109375
103784.2421875
104091.4296875
104403.15625
104670.375
104899.578125
105080.7265625
105231.5
