25400.0
25400.0
25400.0
25400.0
25400.0
25400.0
25400.0
25400.0
25400.0
25400.0
25400.0
25400.0
25400.0
25400.0
25400.0
25400.0
25400.0
25400.0
25400.0
25400.0
25400.0
25400.0
25400.0
43635.55859375
67040.3046875
84713.4921875
97976.6328125
110010.2578125
121187.4765625
129634.7421875
135276.765625
139664.71875
142978.953125
145720.65625
147508.25
148352.140625
148540.625
148242.1875
147720.078125
148732.3125
151246.1875
151500.03125
151721.515625
145607.65625
142002.171875
138410.125
135284.71875
133072.234375
131252.484375
129814.8046875
128680.6484375
128095.28125
128111.234375
128178.953125
128310.5234375
128512.3203125
128737.2109375
129001.3828125
129352.4609375
129744.9375
130087.34375
130391.0703125
130643.46875
130819.7421875
131053.65625
131168.078125
131118.84375
130959.984375
130822.9140625
130617.9375
130308.171875
129905.6484375
129484.4140625
129081.90625
128641.3828125
128176.171875
127635.6875
127073.2890625
126608.515625
126085.921875
125534.65625
124926.2890625
124311.171875
123666.9296875
123012.8984375
122357.21875
121659.421875
120994.1328125
120318.5625
119651.890625
119055.5859375
118405.7421875
117790.359375
117140.609375
116525.84375
115909.078125
115312.8359375
114756.125
114202.3125
113683.953125
113159.1796875
112648.3984375
112199.7734375
111717.3203125
111251.1953125
110784.1953125
110349.3046875
109917.078125
109500.4921875
109111.5546875
108724.71875
108364.5546875
108006.1953125
107660.6328125
107359.0390625
107037.4609375
106737.59375
106439.4296875
106161.2109375
105884.921875
105618.7734375
105370.7578125
105124.8984375
104895.1953125
104666.53125
