25400.0
25400.0
25394.837890625
24820.4765625
24427.728515625
24167.546875
23921.84765625
23865.59765625
23856.69921875
23859.916015625
23865.162109375
23872.134765625
23881.94921875
23894.06640625
23910.123046875
23934.857421875
23974.6484375
24037.625
24161.798828125
24340.201171875
24714.279296875
25005.9609375
25105.33984375
25132.09765625
25140.53125
25136.185546875
25505.162109375
27087.189453125
31190.091796875
38477.74609375
46893.3203125
53934.09375
61306.53515625
68289.484375
73562.6328125
77319.984375
80781.96875
83415.3984375
85341.421875
86821.6953125
87862.6015625
88847.234375
89875.921875
90812.0390625
91945.78125
93160.96875
94451.078125
95854.9609375
97761.9609375
100308.65625
103273.140625
107094.7578125
109318.234375
110044.0859375
110530.5703125
110803.3203125
112036.03125
113631.9765625
114984.53125
115875.7578125
116409.2734375
116647.390625
116684.9296875
116704.359375
116582.6328125
116324.1484375
115964.6640625
115631.9140625
115236.8203125
114902.2421875
114585.6484375
114273.890625
114318.3984375
114498.171875
114549.7734375
114510.46875
114393.5390625
114215.609375
114007.8046875
113825.3359375
113638.265625
113517.796875
113422.390625
113291.359375
113150.03125
113001.0859375
112857.8828125
112711.84375
112551.6953125
112366.046875
112161.8125
111990.6328125
111887.3046875
111820.875
111754.8203125
111673.4140625
111548.7421875
111614.1015625
111460.0078125
111218.25
110986.265625
110746.4140625
110482.1640625
110225.6171875
109964.0
109840.65625
109788.4375
109730.171875
109620.21875
109465.2109375
109290.328125
109088.8359375
108886.3515625
108687.109375
108497.9296875
108336.828125
108172.7890625
108030.9375
107906.5390625
107799.1796875
107701.1796875
107609.3359375
107549.8046875
107507.6875
107523.2421875
107563.671875
