25400.0
25400.0
25400.205078125
24964.81640625
24964.81640625
24964.81640625
24964.81640625
24964.81640625
24964.81640625
24966.798828125
24989.291015625
24992.919921875
24993.39453125
25011.603515625
45924.59765625
73986.8984375
100304.5859375
111133.703125
113182.1796875
112880.4453125
112189.3046875
111189.96875
110264.9140625
109258.375
108368.5078125
107601.1328125
106768.46875
105979.21875
105214.4453125
104521.9609375
103923.8125
103352.8671875
102887.890625
102459.3984375
102102.0546875
101810.6015625
101587.0859375
101737.3984375
101943.0625
102070.203125
102145.0703125
102284.03125
102390.4296875
102563.296875
102556.4453125
102479.2578125
102387.078125
102293.46875
102135.4609375
101957.8046875
101703.734375
101404.8359375
101117.3515625
100840.59375
100633.4765625
100474.265625
100270.203125
100086.4609375
99918.2265625
99766.0
99675.4453125
99727.1484375
99826.1796875
99930.3203125
100121.1953125
100432.3984375
100652.984375
100838.3203125
100925.9609375
100942.4765625
100914.8359375
100877.0625
100834.9296875
100795.8515625
100753.0703125
100741.7109375
100749.6953125
100773.5703125
100798.1484375
100822.5078125
100848.0234375
100880.125
100913.2890625
100959.5546875
101016.3359375
101082.4140625
101173.125
101280.8125
101402.5546875
101524.0390625
101608.4609375
101698.4453125
101792.9453125
101899.7890625
102003.9375
102112.0859375
102221.6640625
102328.46875
102449.546875
102574.53125
102699.625
102822.6953125
102933.0390625
103053.2421875
103168.0234375
103284.765625
103394.3203125
103500.4296875
103598.984375
103682.75
103755.1640625
103814.7734375
103865.3359375
103906.671875
103937.4921875
103966.875
103990.9921875
104013.0234375
104045.34375
104121.2578125
104209.1484375
104354.71875
104480.6640625
104591.6328125
104700.5390625
