25400.0
25400.0
24580.298828125
25254.38671875
25308.095703125
22739.09375
21641.60546875
21518.46484375
21826.921875
22280.958984375
22864.330078125
23638.62109375
24281.83203125
24640.873046875
24775.87890625
24812.2421875
24819.296875
24822.294921875
24829.8671875
24839.806640625
24850.998046875
24860.072265625
24869.39453125
24875.6640625
24879.58203125
24881.0859375
24917.857421875
25224.263671875
26125.53125
28009.548828125
32316.69921875
38056.21484375
45954.83984375
53305.53515625
59176.6484375
64839.8125
69527.9609375
73604.7109375
77119.1875
80402.0234375
83394.9140625
85994.640625
88483.9765625
90658.703125
92531.3046875
94031.328125
95298.0390625
96341.5859375
97133.5078125
97867.03125
98484.1796875
99029.4375
99482.21875
99824.671875
100152.5078125
100433.7265625
100685.15625
100827.5390625
100856.890625
100836.28125
100790.7890625
100735.6015625
100700.0
100674.4140625
100632.8359375
100580.328125
100511.59375
100439.1015625
100358.5078125
100305.359375
100265.3984375
100222.171875
100175.8046875
100123.5078125
100060.1640625
99969.171875
99883.4296875
99809.8984375
99729.359375
99651.5234375
99569.90625
99487.8203125
99401.2109375
99310.8828125
99222.0
99128.078125
99036.8984375
98942.765625
98848.7578125
98765.1328125
98674.96875
98589.828125
98512.015625
98523.2890625
98536.0546875
98544.7109375
98548.921875
98550.65625
98558.953125
98581.1484375
98602.1171875
98616.0390625
98624.40625
98626.9296875
98621.8984375
98610.8671875
98596.4453125
98579.234375
98560.9296875
98540.8203125
98519.7265625
98496.453125
98471.9375
98447.984375
98420.9375
98393.4765625
98363.6796875
98334.984375
98304.9609375
98275.1953125
98244.9921875
98214.453125
98185.2421875
98152.6328125
