25400.0
25400.0
25296.1796875
24593.076171875
24705.544921875
24553.0859375
24507.4921875
24492.486328125
24492.46875
24495.7109375
24499.57421875
24503.60546875
24507.498046875
24511.091796875
24515.228515625
24519.896484375
24563.548828125
31933.935546875
46567.14453125
64474.4375
83680.6796875
100787.34375
114724.0625
125512.953125
127938.359375
129238.8125
129301.671875
128563.4765625
127132.5703125
125452.6875
123874.78125
122096.8203125
120448.609375
118779.4765625
117176.3359375
115549.8203125
113997.8125
112629.8984375
111344.8515625
110181.0390625
109219.875
108324.4375
107621.421875
106965.96875
106355.328125
105823.8359375
105423.15625
105025.203125
104706.453125
104454.71875
104243.140625
104049.09375
104100.2578125
104124.8046875
104044.1484375
103864.703125
103811.71875
103762.546875
103670.2890625
103529.921875
103379.8984375
103261.125
103220.640625
103219.0390625
103253.4609375
103309.546875
103379.390625
103432.4140625
103448.1484375
103429.9296875
103412.59375
103424.625
103466.296875
103522.3046875
103583.640625
103635.6171875
103681.8203125
103728.5859375
103761.5
103770.25
103795.6015625
103837.9375
103889.0546875
103948.15625
104009.4140625
104072.1875
104140.7265625
104210.890625
104295.9296875
104397.0703125
104491.28125
104583.25
104659.734375
104732.71875
104798.46875
104862.359375
104925.09375
104984.3203125
105044.75
105103.2421875
105162.5234375
105217.7109375
105261.484375
105332.25
105405.8125
105477.078125
105540.8984375
105602.0859375
105658.7578125
105708.8203125
105754.9140625
105793.265625
105825.3515625
105849.4765625
105857.96875
105846.5390625
105820.8984375
105777.34375
105722.9765625
105659.46875
105591.0234375
105521.171875
105449.2109375
105403.7265625
105335.59375
