25400.0
25400.0
25213.552734375
24495.015625
24259.70703125
23826.720703125
23625.76953125
23572.8828125
23571.181640625
23578.900390625
23590.05078125
23606.865234375
23633.2890625
23672.92578125
23738.59375
23859.5234375
24068.80859375
24494.6640625
24820.373046875
24971.77734375
25690.423828125
28213.7578125
34983.23828125
44988.48046875
57244.671875
71659.9765625
84828.1171875
96211.71875
106949.84375
114204.1640625
116866.578125
118950.0390625
120018.4921875
120443.296875
120434.578125
120046.421875
119414.6796875
118633.078125
117818.203125
117014.953125
116166.0
115322.8828125
114519.359375
113571.9453125
112625.375
111651.5
110728.8125
109815.296875
108944.65625
108147.0390625
107389.328125
106688.6875
106016.734375
105405.7734375
104921.390625
104469.9140625
104073.15625
103691.515625
103350.0234375
103021.71875
102718.5390625
102465.890625
102284.5390625
102236.609375
102198.9765625
102141.390625
102081.8046875
102009.21875
101935.0
101882.625
101833.4296875
101757.609375
101654.5390625
101587.953125
101441.328125
101283.734375
101078.453125
100934.65625
100830.1640625
100713.2421875
100590.0859375
100453.09375
100320.40625
100176.1015625
100009.203125
99936.046875
100002.03125
100016.3671875
99958.6015625
99858.6484375
99753.046875
99630.3515625
99511.1640625
99393.9453125
99278.34375
99224.2578125
99198.0703125
99177.8984375
99150.8828125
99122.3125
99080.7890625
99029.3203125
98977.71875
98917.671875
98858.8828125
98797.4453125
98737.828125
98684.21875
98642.8984375
98610.4609375
98581.34375
98566.8984375
98567.90625
98589.6015625
98608.46875
98614.9453125
98605.0
98594.125
98592.546875
98594.3828125
98595.3359375
98611.296875
98616.4296875
98610.40625
98606.75
