25400.0
25400.0
25400.0
25400.0
25400.0
25400.0
25400.0
25400.0
25400.0
25400.0
25400.0
25400.0
25400.0
25400.0
25400.0
25400.0
25400.0
25400.0
25400.0
25400.0
25400.0
25400.0
25400.0
25400.0
25400.0
25400.0
25400.0
25400.0
25400.0
25400.0
25400.0
25400.0
25400.0
25400.0
25400.0
25400.0
25400.0
25400.0
25400.0
25400.0
28040.376953125
41990.578125
54678.6015625
65759.640625
74451.6875
81231.390625
87678.734375
93702.1015625
99188.046875
104036.2421875
108391.1953125
112110.546875
115504.46875
118509.90625
121239.3359375
123799.8828125
125870.046875
127752.09375
129416.6796875
130965.609375
132419.296875
133718.265625
134924.140625
136071.59375
137136.015625
138073.9375
138845.15625
139659.28125
140379.546875
141048.578125
141628.78125
142170.90625
142666.5625
143098.90625
143514.21875
143895.28125
144272.25
144622.765625
145198.46875
148356.1875
148828.546875
149082.53125
149327.484375
148545.578125
147825.21875
149630.5625
151864.25
154717.703125
153326.546875
150376.515625
148361.375
146534.859375
144924.53125
143419.6875
142047.46875
140763.4375
139580.171875
138504.828125
137433.953125
136471.328125
135566.03125
134713.109375
133971.5625
133176.53125
132424.609375
131688.203125
131028.7578125
130359.328125
129720.40625
129185.8515625
128626.828125
128096.859375
127561.6796875
127039.6953125
126579.046875
126082.2109375
125613.5234375
125142.3828125
124697.46875
124251.125
123818.6171875
123421.0390625
123042.8046875
122688.6953125
122349.4296875
