25400.0
25400.0
23641.400390625
22522.93359375
21762.310546875
21109.109375
20786.580078125
20953.33984375
21370.7421875
21864.140625
22344.40234375
22822.212890625
23273.388671875
23683.76953125
23860.78515625
23863.23828125
23866.67578125
23870.892578125
23875.75390625
23882.564453125
23891.390625
23904.53125
23923.740234375
23948.74609375
23989.390625
24065.28515625
24385.31640625
24816.740234375
25036.162109375
25115.48828125
25134.94140625
25127.61328125
25114.625
25230.2109375
25751.87890625
27335.80859375
30908.11328125
36812.3984375
44720.87109375
51982.9921875
56060.875
61335.2421875
64562.3515625
66892.375
68452.78125
69652.140625
70905.3984375
72309.1171875
73922.0
75282.8125
76433.1171875
77345.96875
78154.6875
78903.0625
79564.671875
80284.9375
80927.3046875
81514.4609375
82017.328125
82618.4375
83359.53125
84071.21875
84758.1484375
85364.671875
85932.546875
86445.875
86873.5390625
87310.8046875
87720.265625
88139.84375
88540.1171875
88912.9921875
89249.0625
89583.28125
89929.09375
90259.953125
90601.7109375
90932.03125
91220.40625
91559.8515625
91949.390625
92359.1484375
92744.109375
93116.703125
93462.1953125
93825.75
94209.0546875
94571.984375
94937.1640625
95308.65625
95648.390625
96027.4296875
96393.984375
96773.1875
97140.765625
97532.03125
97902.4296875
98238.1328125
98557.015625
98831.359375
99081.53125
99306.140625
99537.140625
99830.7109375
100114.9765625
100387.7578125
100620.171875
100983.890625
101475.484375
101906.234375
102284.0703125
102602.1796875
102902.4609375
103194.171875
103465.8828125
103777.8125
104080.0859375
104380.8828125
104653.8515625
104912.421875
105146.625
105355.0703125
105556.9453125
105773.3984375
105998.0859375
