25400.0
25400.0
25400.0
25396.740234375
25394.185546875
25391.69921875
25389.92578125
25387.84375
25386.76171875
25386.166015625
25385.853515625
25385.681640625
25385.58984375
25385.5390625
25385.51171875
25385.49609375
25385.486328125
25385.48046875
25385.4375
25385.04296875
25384.3125
25383.68359375
34689.54296875
55643.19921875
73086.9453125
87151.015625
99017.2265625
106933.4453125
112084.421875
116093.09375
119627.2265625
124165.2890625
127737.640625
130556.125
132780.5
132797.734375
130137.28125
127813.421875
125673.7421875
123799.0703125
121927.0625
120112.25
118779.65625
117388.9296875
116181.953125
115043.9296875
114029.265625
112844.9375
111691.1796875
110658.203125
109672.9609375
108792.7421875
107960.28125
107217.6484375
106634.984375
106077.984375
105712.453125
105316.2578125
104907.90625
104473.046875
104042.375
103898.1953125
104187.3671875
104587.0859375
104760.796875
104824.5
104872.734375
105019.4140625
105276.625
105701.65625
106086.4375
106397.4453125
106692.046875
107023.1171875
107396.1953125
107789.3828125
108208.2109375
108600.109375
108943.75
109264.15625
109568.609375
109923.6484375
110281.28125
110632.25
110913.7734375
111125.3359375
111369.53125
111566.0703125
111740.2109375
111909.859375
112051.296875
112177.53125
112263.1875
112342.3515625
112419.7578125
112504.7421875
112499.7578125
112520.859375
112556.921875
112591.5546875
112619.703125
112642.03125
112655.2421875
112670.3046875
112681.84375
112688.0625
112687.015625
112689.0859375
112683.28125
112667.5
112642.921875
112595.5078125
112540.3671875
112486.1171875
112452.578125
112404.0859375
112350.75
112288.5859375
112222.421875
112219.625
112244.2109375
112401.21875
112521.890625
112602.125
112684.734375
