25400.0
25400.0
25400.0
25400.0
25399.78125
25399.396484375
25399.14453125
25399.00390625
25398.927734375
25398.88671875
25398.88671875
25398.83984375
25398.81640625
25398.78515625
42478.625
69016.4921875
92249.40625
108436.4921875
122726.796875
134788.40625
143431.640625
142729.578125
138541.09375
134251.21875
130442.1953125
127017.328125
124028.5234375
121109.6171875
118418.796875
116219.2421875
113904.0
111987.6875
110433.0859375
109129.1640625
108738.484375
108397.421875
108031.5703125
107666.4296875
107541.4453125
107627.6171875
107672.3203125
107621.0390625
107614.0859375
107681.9609375
107785.40625
107915.203125
108082.5234375
108312.8125
108617.390625
108849.9609375
109023.984375
109155.6953125
109259.9140625
109343.4375
109448.578125
109526.1796875
109578.265625
109635.734375
109701.71875
109730.890625
109695.8828125
109652.640625
109562.765625
109421.21875
109256.5703125
109098.328125
108914.359375
108727.421875
108510.53125
108245.7109375
108009.3671875
107798.625
107622.8984375
107472.140625
107337.296875
107207.3984375
107083.6484375
106969.734375
106848.890625
106732.3828125
106613.0
106501.5078125
106389.140625
106278.4453125
106170.3984375
106056.4609375
105942.765625
105824.328125
105711.0078125
105648.0
105596.8671875
105548.2265625
105494.703125
105438.8515625
105375.9296875
105306.5
105236.5859375
105160.828125
105079.96875
104986.75
104891.546875
104803.0859375
104745.25
104728.515625
104719.0546875
104745.1171875
104816.890625
104870.4375
104909.90625
104940.515625
104962.8515625
104979.828125
104990.8671875
104997.1640625
104999.9296875
104996.0546875
104988.6484375
104980.203125
104964.6875
104952.0859375
104937.9140625
104922.8828125
104908.8671875
104894.515625
