25400.0
25400.0
25283.599609375
24605.294921875
24853.865234375
24727.240234375
24637.044921875
24443.634765625
24312.9453125
24261.357421875
24238.572265625
24236.279296875
24239.779296875
24244.970703125
24250.44140625
24255.80078125
24261.232421875
24266.458984375
24275.484375
24288.091796875
24300.986328125
24317.787109375
24337.056640625
24360.04296875
24386.5859375
24418.27734375
24459.34375
24934.849609375
27058.4765625
32288.20703125
41434.58984375
49826.18359375
54356.74609375
58242.44140625
61993.99609375
65507.22265625
68715.7734375
71762.0703125
74869.6484375
77871.1484375
80898.921875
83026.4140625
84150.0234375
84789.5390625
85417.1171875
86040.5625
86689.6484375
87500.6171875
88147.2578125
88836.9765625
89507.6953125
90080.578125
90618.875
91124.1328125
91642.5546875
92154.0
92593.1875
93037.4609375
93420.515625
93736.7265625
93994.8046875
94249.703125
94483.5234375
94696.0546875
94913.2109375
95177.84375
95442.9140625
95691.3125
95898.328125
96111.34375
96303.5625
96494.0859375
96682.796875
96871.7734375
97047.765625
97198.421875
97327.28125
97428.1328125
97520.6875
97635.75
97736.84375
97826.5
97893.453125
97943.578125
97977.2578125
98000.171875
98017.96875
98017.5546875
98005.2890625
97983.1640625
97960.671875
97938.7890625
97927.4765625
97913.3125
97890.453125
97860.71875
97824.515625
97796.5390625
97791.078125
97796.6875
97818.5703125
97854.0234375
97901.65625
97959.96875
98022.6015625
98095.96875
98166.4296875
98238.1328125
98306.8828125
98371.546875
98446.6953125
98673.0703125
98948.6015625
99233.046875
99518.4921875
99782.6015625
99997.15625
100209.375
100394.1796875
100566.671875
100722.1796875
100893.96875
101071.3671875
101243.109375
101413.34375
101569.875
101716.109375
