25400.0
25400.0
25400.0
25400.0
25400.0
25400.0
25400.0
25400.0
25400.0
25400.0
25400.0
25400.0
25400.0
25400.0
25400.0
25400.0
25400.0
25400.0
25400.0
25400.0
25400.0
40966.609375
59808.03515625
78573.53125
92898.3359375
105441.4921875
117528.4296875
126455.765625
133185.3125
137987.984375
141098.25
143765.96875
145538.546875
146578.1875
146810.484375
146433.640625
146043.671875
141696.96875
137524.828125
133667.359375
130100.6796875
126991.890625
124390.265625
121803.3671875
119695.8359375
118055.7421875
116754.109375
115510.4765625
114357.640625
113524.703125
112852.9296875
112294.7734375
111863.4453125
111673.03125
111760.8671875
111878.5546875
112000.390625
112188.0859375
112416.5234375
112659.890625
112888.9609375
113108.21875
113363.640625
113621.640625
113904.2421875
114196.2578125
114457.09375
114733.125
114975.7265625
115247.9453125
115518.7265625
115718.3671875
115851.3828125
115939.640625
116001.140625
116069.6875
116146.0
116237.6171875
116373.9296875
116531.4921875
116693.375
116848.2890625
116975.125
117078.6171875
117152.8046875
117150.3203125
117098.3046875
117034.9375
116970.5390625
116918.6640625
116868.3828125
116805.0703125
116727.7578125
116611.109375
116507.2734375
116392.5625
116248.2890625
116077.9453125
115873.9609375
115625.8671875
115333.9453125
115018.6796875
114723.5546875
114375.1640625
114031.5
113678.359375
113340.5859375
113126.5
112965.8515625
112812.671875
112625.9296875
112436.0
112239.7109375
112045.3046875
111868.671875
111671.84375
111481.3046875
111285.5625
111096.21875
110898.78125
110700.9375
110547.015625
110451.84375
110360.359375
110311.78125
