25400.0
25400.0
25400.0
25400.0
25400.0
25400.0
25400.0
25400.0
25400.0
25400.0
25400.0
25400.0
25400.0
25400.0
25400.0
25400.0
25400.0
25400.0
25400.0
25400.0
25400.0
25400.0
25400.0
25400.0
25400.0
25400.0
25400.0
25769.390625
41871.34765625
60423.3828125
78904.140625
91218.2109375
102273.7265625
112555.640625
120486.75
126055.640625
129803.3359375
132285.21875
133818.484375
135198.34375
136190.5625
136936.859375
137792.546875
138627.75
136876.859375
134737.578125
132684.203125
130788.1640625
129046.546875
127322.734375
125724.625
124152.84375
122672.359375
121407.109375
120110.3671875
119018.4765625
117663.65625
116427.0703125
115261.3203125
114181.9453125
113210.046875
112280.8515625
111446.1796875
110668.03125
109992.4921875
109412.109375
108778.8515625
108189.859375
107618.8984375
107107.5703125
106673.5390625
106267.1171875
105904.8359375
105533.7890625
105189.15625
104869.0390625
104618.8671875
104464.7734375
104266.8125
104053.5390625
103839.0078125
103682.5546875
103604.265625
103618.5546875
103781.640625
103870.15625
103929.2421875
103986.8515625
104054.6484375
104151.625
104269.34375
104398.8203125
104538.1484375
104670.1328125
104781.8515625
104919.2734375
105044.5078125
105144.234375
105197.21875
105195.65625
105160.25
105118.8515625
105080.140625
105054.953125
105043.78125
105046.46875
105060.09375
105075.8203125
105211.3046875
105406.5078125
105586.375
105761.4375
105930.6328125
106081.4453125
106247.53125
106408.5703125
106574.7578125
106732.8046875
106893.703125
107053.734375
107206.9609375
107366.0859375
107518.2421875
107669.9765625
