25400.0
25400.0
25400.0
25400.0
25180.052734375
24839.318359375
24532.095703125
24513.779296875
24508.662109375
24507.271484375
24507.189453125
24507.7890625
24508.76953125
24509.88671875
24511.146484375
24512.390625
24513.6796875
24514.916015625
24516.015625
24517.158203125
24518.203125
24519.248046875
24520.58984375
24521.7890625
24522.67578125
24523.4609375
24524.24609375
24524.982421875
24525.748046875
24526.4765625
24527.140625
24528.046875
24529.025390625
24530.080078125
24531.099609375
24532.216796875
24533.361328125
24534.521484375
24535.78125
24537.041015625
24538.44921875
24539.923828125
24541.361328125
24543.5078125
24546.81640625
24556.189453125
24587.544921875
25957.89453125
30503.197265625
35839.80078125
40419.94140625
44991.48828125
50292.67578125
55257.08984375
59679.7265625
65760.484375
70946.3828125
75673.953125
80229.0078125
84898.8046875
89307.9453125
93372.859375
97340.390625
101234.84375
105243.3984375
109066.4453125
112529.0078125
116299.140625
119913.9609375
123541.0859375
127204.8203125
131052.1171875
134768.125
138111.65625
141155.03125
143823.953125
146339.515625
148637.625
150579.71875
152613.65625
154494.734375
156332.546875
157146.71875
154993.21875
153038.953125
151299.984375
149538.109375
147836.375
146105.671875
144383.5
142845.171875
141182.40625
139624.609375
138076.75
136722.640625
135401.609375
134106.25
132871.28125
131578.5
130711.265625
130038.78125
129394.75
128787.9296875
128152.6953125
127429.8359375
126568.796875
125709.84375
124952.2734375
124393.625
123894.375
123251.671875
122588.78125
121872.0625
121172.46875
120762.8359375
120343.2421875
119924.3125
119459.84375
118987.8046875
118478.359375
118046.0390625
117708.1875
117402.6640625
117191.9296875
116996.890625
