25400.0
25400.0
24799.982421875
24503.845703125
24349.767578125
24159.544921875
24132.4921875
24125.279296875
24125.861328125
24131.482421875
24143.5078125
24159.001953125
24180.857421875
24213.578125
24266.013671875
24354.908203125
24482.1484375
24857.080078125
25128.041015625
25808.3359375
29213.0234375
38273.1953125
48988.453125
59379.51171875
70578.25
78724.015625
85070.21875
90431.7578125
94822.3125
99165.5234375
103330.265625
106805.3671875
110347.171875
114020.4921875
117880.5625
121256.625
120271.3671875
119373.78125
118677.7734375
117987.09375
117430.1171875
116788.7109375
116178.3046875
115714.6796875
115205.1640625
114651.4921875
114061.5
113522.9921875
113025.5234375
112526.75
112037.8671875
111538.4296875
111116.265625
110682.7109375
110592.1640625
110450.703125
110180.046875
109914.9609375
109992.0703125
109966.859375
109808.2578125
109743.3046875
109905.28125
110057.4921875
109983.2421875
109902.25
109995.71875
110102.390625
110106.8046875
110003.625
109849.9921875
109871.2890625
109989.9296875
110106.8359375
110186.078125
110347.984375
110453.390625
110504.4609375
110578.8671875
110666.5390625
110762.171875
110830.8359375
110917.5859375
111024.9453125
111159.796875
111311.1953125
111501.5546875
111705.109375
111796.734375
111899.4296875
112029.9921875
112146.4921875
112287.3515625
112418.9765625
112532.96875
112612.5625
112641.4140625
112672.4375
112681.3203125
112637.9765625
112556.734375
112434.6328125
112294.8203125
112160.34375
112000.75
111831.2890625
111649.25
111460.1171875
111250.9609375
111033.3515625
110820.171875
110588.59375
110358.140625
110112.9921875
109874.6484375
109676.1640625
109473.1796875
109271.390625
109083.59375
108920.5703125
108740.5234375
108555.34375
108374.625
108193.65625
108033.7109375
107861.515625
