25400.0
25400.0
25400.0
25400.0
25219.34375
24933.830078125
24778.564453125
24778.564453125
24782.095703125
24836.533203125
24845.51953125
24847.908203125
24849.517578125
24851.064453125
24852.53515625
24853.9609375
24855.33984375
24856.69140625
24857.982421875
24859.71484375
24861.447265625
24862.59765625
24863.595703125
24864.5078125
24865.419921875
24866.28515625
24867.12109375
24867.939453125
24868.703125
24869.466796875
24870.2109375
24870.919921875
24871.62890625
24872.2890625
24872.978515625
24873.642578125
24874.32421875
24874.962890625
24875.595703125
24876.1875
24876.8046875
24877.447265625
24878.04296875
24878.548828125
24879.166015625
24879.8203125
24880.546875
24881.271484375
24882.056640625
24882.83203125
24883.556640625
24884.529296875
24885.673828125
24887.318359375
24889.44140625
24894.755859375
24941.94921875
28931.763671875
34363.15234375
38739.703125
42479.59375
46374.95703125
51356.53125
57325.44921875
63980.28515625
72386.90625
80085.1875
87366.71875
95417.53125
104283.234375
112791.1875
120618.5546875
127981.8203125
133411.90625
138050.796875
143124.515625
150557.390625
156934.796875
162059.359375
165932.0625
169755.859375
173318.078125
177361.609375
181285.140625
181776.78125
179174.734375
176658.9375
173977.109375
171363.21875
168697.453125
166044.734375
163683.296875
161115.140625
158855.625
156767.671875
154650.390625
152546.140625
150410.609375
148437.1875
146535.40625
144755.828125
143016.296875
141380.421875
140198.640625
138461.390625
136819.859375
135228.6875
133777.875
132405.453125
131394.6875
130299.359375
129046.828125
127839.265625
126838.5078125
125895.7578125
125133.09375
124364.09375
123703.3046875
123186.3828125
122770.6640625
122398.984375
122039.3984375
121676.1171875
121295.546875
120919.7578125
120522.96875
