25400.0
25400.0
25400.0
25400.0
25400.0
25400.0
25400.0
25400.0
25400.0
25400.0
25400.0
25400.0
25400.0
25400.0
25400.0
25400.0
25400.0
31335.1328125
54107.44921875
74160.8359375
89952.9609375
102351.40625
113409.3046875
122433.734375
128893.1171875
133674.5
137248.515625
140149.828125
142363.9375
143986.25
145368.875
146462.703125
147680.25
149980.390625
152970.296875
151973.390625
157259.96875
168404.34375
163159.046875
160197.828125
158759.140625
157606.59375
155965.859375
153922.953125
151510.25
149089.609375
146829.78125
144690.21875
142715.0
140785.84375
139060.859375
137382.828125
135816.96875
134371.890625
132962.90625
131695.40625
130462.296875
129325.1640625
128173.6953125
127006.3984375
125927.6015625
124869.234375
123904.0859375
122959.28125
122101.7578125
121412.5546875
120690.296875
120000.9453125
119308.25
118691.3671875
118138.7890625
117580.7578125
117039.7578125
116484.5625
115954.734375
115420.125
114924.34375
114488.9296875
114043.65625
113708.0078125
113333.9765625
112952.828125
112539.953125
112144.75
111754.921875
111297.2109375
110866.3046875
110456.6875
110070.9609375
109724.40625
109361.4765625
109065.03125
108727.921875
108366.4453125
107990.7734375
107641.515625
107331.7890625
107026.515625
106712.4609375
106391.578125
106072.640625
105796.421875
105513.1015625
105260.6328125
105022.5546875
104800.875
104583.5703125
104380.6640625
104189.5546875
103994.046875
103809.6875
103626.4765625
103439.5625
103276.0390625
103101.875
102937.421875
102771.015625
102614.8984375
102454.75
102305.671875
102171.4375
102044.0234375
101924.03125
101807.359375
