25400.0
25400.0
25400.0
25250.06640625
25006.361328125
24985.80078125
24985.80078125
24985.80078125
24985.80078125
25008.751953125
25035.9921875
25040.857421875
25042.66796875
25043.99609375
25045.23828125
25046.373046875
25048.0234375
25049.61328125
25050.505859375
25051.35546875
25052.126953125
25052.86328125
25053.56640625
25054.2265625
25054.876953125
25055.48046875
25056.103515625
25056.46875
25056.453125
25055.8046875
25052.939453125
25057.134765625
31068.55859375
46330.96875
58304.796875
66918.1875
71666.1015625
74563.46875
77364.296875
79654.71875
82162.109375
84633.2265625
86494.1875
88882.7265625
91272.171875
93507.8984375
95555.8828125
97561.109375
99514.3671875
101331.1875
103271.2421875
105004.15625
106614.015625
108080.9140625
109332.6796875
110630.140625
111797.78125
112926.765625
114021.8515625
115434.90625
116880.3125
118195.34375
119474.7890625
120621.8515625
121845.640625
123088.109375
124204.421875
125423.8984375
126758.8046875
128021.84375
129244.0390625
130508.9765625
131754.375
133507.390625
136472.078125
137773.484375
138992.125
140151.171875
141088.9375
139170.6875
137066.5
135518.609375
134343.6875
132995.015625
131424.15625
129982.1484375
128632.8515625
127529.0234375
126580.203125
125894.578125
125334.046875
124756.0390625
124275.828125
123781.4375
123411.921875
123182.4453125
123013.046875
123033.1875
123328.7109375
123558.875
123790.8828125
123969.046875
124107.9921875
124257.359375
124462.3984375
124588.8984375
124709.59375
124863.1171875
125035.5703125
125225.3046875
125425.4296875
125605.0234375
125798.5625
125997.5390625
126177.421875
126219.96875
126200.9609375
126144.71875
126030.2265625
125874.9921875
125669.78125
125402.84375
125091.234375
124743.5859375
124390.7890625
