25400.0
25400.0
25400.0
25400.0
25400.0
25400.0
25383.49609375
25360.447265625
25360.447265625
25360.447265625
25360.447265625
25360.447265625
25360.447265625
25360.447265625
25360.447265625
25360.447265625
25360.447265625
25360.447265625
25360.447265625
25360.447265625
25360.447265625
25360.447265625
25360.447265625
25360.447265625
25360.447265625
25360.447265625
25360.447265625
25360.447265625
25360.447265625
25360.447265625
25360.447265625
25360.447265625
25360.447265625
25360.447265625
25360.2109375
25359.458984375
25358.951171875
25358.62109375
25358.408203125
25358.263671875
25358.169921875
25358.10546875
25358.064453125
25358.037109375
25358.015625
25358.001953125
25357.9921875
25357.986328125
25357.98046875
25357.9765625
25357.97265625
25357.970703125
25357.96875
25357.96875
25357.966796875
25357.966796875
25357.96484375
25357.96484375
25357.96484375
25357.966796875
25357.96484375
25357.96484375
25357.96484375
25357.9609375
25357.916015625
25357.8671875
25357.75
25357.513671875
25356.93359375
25355.953125
25354.498046875
28364.306640625
37638.88671875
46662.703125
54044.84765625
61039.16015625
68501.9296875
75404.5625
82012.671875
88388.8828125
95432.3203125
102038.6640625
108760.6171875
115156.609375
121680.125
127877.8203125
133518.296875
139140.171875
144427.984375
149966.515625
155620.234375
160136.484375
164726.125
169105.578125
173388.515625
177296.1875
181099.46875
184693.546875
187970.90625
191192.6875
194172.921875
197042.453125
199745.8125
201994.125
204372.390625
206460.0625
208458.21875
203220.21875
198604.421875
194249.78125
190215.234375
186018.390625
181864.46875
178770.109375
176159.8125
173642.3125
171053.921875
168802.09375
166829.828125
165318.75
164093.734375
163062.421875
162257.515625
161540.375
160828.9375
160370.484375
