25400.0
25400.0
25233.490234375
24555.203125
24471.5390625
24096.583984375
23570.013671875
23405.96484375
23364.59375
23371.365234375
23389.96875
23420.458984375
23480.720703125
23578.869140625
23775.6484375
24109.978515625
24633.86328125
24917.01953125
25013.970703125
25052.267578125
25097.095703125
25119.921875
25134.384765625
25145.93359375
25155.775390625
25164.583984375
25171.46484375
25176.53515625
25180.7265625
25185.0546875
25185.427734375
25185.287109375
25221.42578125
25380.017578125
25980.89453125
27383.166015625
29996.796875
32947.28125
35065.02734375
37042.5703125
39520.03125
43187.98046875
47489.69140625
52089.5703125
57980.4296875
64593.09765625
70219.90625
72952.8515625
77022.0234375
81901.2734375
88125.0234375
93856.171875
99063.8203125
104413.265625
109764.4609375
114918.8828125
119741.6171875
123722.5390625
127499.609375
131003.9765625
130554.90625
130224.9296875
129931.9140625
129641.875
129297.671875
128860.3046875
128374.1796875
127901.203125
127354.484375
126729.1875
125927.46875
125180.90625
124449.7734375
123725.9453125
123017.5703125
122361.6484375
121794.0234375
121260.3671875
120770.2890625
120326.1328125
119836.9140625
119460.4765625
119420.8671875
119336.078125
119185.078125
119011.5859375
118796.9765625
118538.46875
118253.3984375
117904.4921875
117580.2578125
117303.6484375
117006.28125
116734.2734375
116458.6171875
116196.90625
115931.671875
115679.5078125
115445.5234375
115227.59375
115173.9765625
114933.2734375
114672.1875
114488.1328125
114266.921875
114025.3828125
113765.40625
113514.0703125
113312.7109375
113167.2421875
113034.7734375
112918.78125
112795.9296875
112637.953125
112479.8515625
112305.8046875
112128.8125
111990.4609375
111862.296875
111743.6328125
111607.828125
111476.2578125
111365.5234375
111275.5546875
111204.765625
111127.890625
