25400.0
25400.0
25330.91796875
24807.478515625
24604.041015625
24467.896484375
24146.763671875
23859.70703125
23809.65625
23801.314453125
23801.376953125
23803.51953125
23807.572265625
23813.265625
23820.26171875
23827.8515625
23837.326171875
23848.96484375
23862.05078125
23880.982421875
23906.4453125
23942.939453125
23985.361328125
24047.515625
24145.1640625
24355.63671875
24768.5703125
24990.431640625
25088.5546875
25126.833984375
25141.947265625
25150.33984375
25154.634765625
25157.97265625
25160.60546875
25163.16796875
25165.12109375
25165.892578125
25164.328125
25190.37109375
25319.958984375
25623.455078125
26311.123046875
27853.525390625
30843.826171875
35754.01171875
40845.05078125
47139.01171875
53543.5390625
59438.3046875
65900.703125
71398.421875
76626.515625
81958.8515625
86812.7578125
92112.1484375
97265.4296875
102335.65625
106860.296875
111178.4453125
115365.015625
119395.2578125
123745.0625
127897.796875
128637.84375
129304.609375
129731.5546875
129967.9296875
129949.5625
129718.859375
129429.828125
129083.921875
128705.4609375
128313.453125
127888.109375
127476.8515625
127083.3359375
126735.6796875
126420.5078125
126030.90625
125604.8671875
125134.15625
124660.7890625
124175.4296875
123686.4375
123203.1015625
122690.9140625
122187.453125
121662.3984375
121137.5078125
120663.7109375
120137.875
119635.8984375
119131.3984375
118651.1875
118166.046875
117689.390625
117298.5
117089.9609375
116865.5078125
116612.984375
116359.1796875
116210.046875
116012.8203125
115795.015625
115549.1015625
115285.34375
114986.9296875
114736.4140625
114527.75
114321.703125
114119.8359375
113887.1796875
113643.28125
113423.984375
113184.640625
112952.875
112716.21875
112494.0859375
112269.890625
112056.796875
111856.203125
111656.109375
111498.5234375
111279.5546875
