25400.0
25400.0
25400.0
25400.0
25400.0
25400.0
25400.0
25400.0
25400.0
25400.0
25400.0
25400.0
25400.0
25400.0
25400.0
25400.0
25400.0
25400.0
25400.0
25400.0
25400.0
25400.0
25400.0
25400.0
25400.0
25400.0
25400.0
25400.0
25400.0
25400.0
25400.0
25400.0
25400.0
25400.0
25400.0
25400.0
25400.0
32873.88671875
49303.953125
62761.0625
74938.9921875
82955.9921875
89430.140625
93667.0390625
96879.890625
99357.453125
101898.7890625
104473.125
107422.1484375
110295.25
112743.7265625
114906.6171875
116801.0078125
118400.1015625
120077.7578125
121657.3125
123031.0703125
124198.2578125
125398.1015625
126622.265625
127782.6484375
128934.640625
129928.2890625
130894.1953125
131803.765625
132499.6875
133203.828125
133828.046875
134468.3125
135228.703125
136019.734375
136806.625
137562.34375
138335.234375
140108.78125
142895.75
139884.921875
137752.9375
135729.96875
133945.3125
132212.390625
130593.5
129020.9921875
127592.6953125
126244.15625
125036.640625
123870.4375
123048.6484375
122477.0546875
121905.203125
121149.859375
120351.359375
119573.609375
118857.296875
118174.7734375
117671.6171875
117334.4375
117015.171875
116693.71875
116328.5
115990.1796875
115723.296875
115552.1875
115591.796875
115676.171875
115756.2265625
115855.3515625
115984.53125
116141.328125
116333.375
116546.5546875
116798.6484375
117082.578125
117369.8359375
117717.171875
118057.3515625
118424.1953125
118797.6875
119200.65625
119616.328125
120066.15625
120563.6484375
121027.15625
121480.46875
