25400.0
25400.0
25400.0
25400.0
25400.0
25400.0
25400.0
25400.0
25400.0
25400.0
25400.0
25400.0
25400.0
25400.0
25400.0
25400.0
25400.0
25400.0
25400.0
25400.0
25400.0
25400.0
25400.0
25400.0
25400.0
25400.0
25400.0
25400.0
25400.0
25400.0
25400.0
25684.8125
39062.9296875
54467.9921875
64334.671875
69960.65625
73921.5234375
77503.859375
81777.15625
85701.0546875
89333.375
92590.4140625
95617.765625
96570.078125
97444.546875
98216.1015625
98821.0390625
99353.1484375
99868.109375
100361.75
100859.140625
101307.046875
101699.953125
102241.078125
102750.171875
103264.671875
103719.328125
104206.765625
104638.90625
105088.3203125
105510.4375
105903.7421875
106337.359375
106729.328125
107184.671875
107665.3359375
108049.4765625
108389.875
108645.4453125
108788.7578125
108890.4921875
108973.828125
109070.28125
109197.0625
109318.9453125
109408.921875
109461.6484375
109469.0390625
109443.1328125
109382.140625
109602.828125
109824.8203125
109982.9453125
110177.140625
110436.9609375
110697.859375
110947.4375
111160.7890625
111342.6484375
111486.484375
111591.546875
111629.46875
111540.6015625
111380.484375
111183.6484375
110950.6484375
110707.046875
110475.265625
110277.4609375
110128.2734375
109994.75
109865.9140625
109749.046875
109786.7890625
109842.5859375
109851.875
109814.375
109731.234375
109602.625
109485.21875
109360.09375
109235.5078125
109099.7421875
108959.9453125
108830.4765625
108696.3046875
108583.15625
108478.9296875
108384.2109375
108289.34375
108193.7890625
108099.953125
108020.1640625
107941.140625
107855.8046875
