25400.0
25393.935546875
24598.16796875
24508.9609375
23721.376953125
23268.681640625
23266.708984375
23413.16015625
23957.03125
24744.4609375
24992.95703125
25059.73828125
25083.525390625
25094.498046875
25133.62109375
25148.529296875
25496.283203125
27354.544921875
33922.3515625
44781.8046875
57520.2734375
69905.9609375
79211.6640625
83214.9921875
86046.3828125
87788.7890625
88923.8515625
89735.921875
90629.53125
91291.4765625
91856.6796875
92260.8359375
92547.265625
92788.0703125
93087.046875
93437.421875
94284.9453125
95233.7734375
96119.8671875
96994.1015625
97789.109375
98810.8046875
99990.90625
100974.234375
101845.7421875
102600.921875
103308.75
103928.3046875
104437.84375
104889.453125
105369.171875
105749.890625
106599.1171875
107262.578125
107966.890625
108525.7890625
109029.03125
109491.2421875
109890.9296875
110200.65625
110437.34375
110797.3984375
110941.4375
110929.5625
110855.0234375
110763.734375
110568.2734375
110291.7265625
109920.8046875
109527.96875
109119.5390625
108666.9921875
108173.765625
107713.7109375
107432.2578125
107262.703125
107107.078125
106961.875
106828.078125
106931.515625
106965.1328125
106929.671875
106836.6015625
106703.546875
106548.484375
106365.375
106171.890625
105963.609375
105750.9765625
105558.203125
105345.21875
105139.6015625
104990.71875
104838.984375
104677.2421875
104501.3515625
104310.5546875
104101.5078125
103896.328125
103685.5546875
103483.3125
103310.625
103127.953125
102970.109375
102890.671875
102821.1484375
102730.3203125
102622.046875
102509.3125
102380.21875
102253.6328125
102099.046875
102023.7578125
101948.734375
101859.3828125
101772.7421875
101689.8984375
101621.3203125
101557.4765625
101505.1015625
101471.0078125
101447.0390625
101438.7265625
101436.9453125
