25400.0
25400.0
25400.0
25400.0
25400.0
25400.0
25400.0
25400.0
25400.0
25400.0
25400.0
25400.0
25400.0
25400.0
25400.0
25400.0
25400.0
25400.0
25400.0
25400.0
25400.0
25400.0
25400.0
25400.0
25400.0
25400.0
25400.0
25400.0
25400.0
25400.0
25400.0
25400.0
25400.0
25400.0
25400.0
25400.0
25400.0
25400.0
32640.291015625
47090.02734375
57351.96875
64650.3046875
71204.6015625
76861.390625
81212.7578125
84786.3125
87301.9296875
89754.8359375
92146.640625
94166.3515625
96163.53125
98164.4765625
100125.0546875
101964.3359375
103493.203125
104995.6484375
106282.53125
107460.09375
108490.0625
109533.7265625
110615.6171875
111672.8046875
112728.4921875
113721.9609375
115133.1484375
116872.5078125
118698.0234375
120710.4921875
122979.7109375
126355.8125
129773.9765625
133349.78125
137053.109375
140565.9375
144493.375
148305.78125
152071.875
155661.921875
158865.0625
162443.4375
165706.453125
172837.515625
170896.1875
166995.4375
163666.984375
160747.65625
157846.296875
155495.25
154553.078125
153088.9375
151548.1875
150181.0625
149047.75
148175.046875
147465.875
146864.828125
146370.1875
145949.59375
145466.28125
145141.4375
144909.484375
144839.453125
144901.140625
144972.96875
145118.234375
145287.40625
145472.546875
145656.046875
145800.53125
145838.78125
145738.84375
145458.328125
145088.859375
144690.640625
144363.625
143964.71875
143522.953125
143004.328125
142444.578125
141792.578125
141053.546875
140259.484375
139480.96875
138737.75
137933.859375
