25400.0
25400.0
25400.0
25400.0
25400.0
25400.0
25400.0
25400.0
25400.0
25400.0
25400.0
25400.0
25400.0
25400.0
25400.0
25400.0
25400.0
25400.0
25400.0
25400.0
25400.0
25400.0
25400.0
25400.0
25400.0
25400.0
25400.0
25400.0
25400.0
25400.0
25400.0
25400.0
25400.0
25400.0
25400.0
25400.0
25400.0
25400.0
25400.0
25400.0
25400.0
25400.0
25400.0
25400.0
25400.0
25400.0
25400.0
25400.0
25400.0
32416.896484375
42096.671875
48598.83984375
53277.6484375
56645.0625
59685.140625
62108.61328125
64514.48828125
66744.953125
68715.75
70492.25
72087.5703125
73675.2265625
75159.8828125
76701.09375
78494.9375
80379.546875
82870.234375
85363.40625
88049.0546875
91057.84375
94843.046875
98791.40625
102787.3125
107297.2890625
111859.7421875
116608.7109375
121346.515625
125863.84375
130838.84375
135946.375
140938.1875
145532.265625
150083.484375
154935.0625
159399.9375
163838.5
167818.078125
171692.484375
175308.9375
178379.953125
181669.359375
184736.28125
187781.21875
190704.40625
193464.671875
195966.703125
198167.171875
200179.671875
201987.359375
204072.03125
210655.859375
212558.9375
214332.828125
217000.328125
224139.71875
217842.28125
213558.28125
210636.625
208629.0625
207136.53125
205531.46875
203856.609375
202234.796875
200678.703125
198726.203125
196703.40625
194624.84375
192647.21875
190776.84375
188712.671875
186617.78125
184369.9375
182146.015625
179827.734375
