25400.0
25400.0
24956.591796875
24555.669921875
24390.146484375
23605.84765625
23367.365234375
23339.00390625
23336.84765625
23340.306640625
23346.017578125
23353.7421875
23364.076171875
23379.74609375
23404.75
23440.10546875
23508.59765625
23618.90625
23863.05078125
24458.6328125
24820.70703125
24963.755859375
25013.853515625
25031.1015625
25039.123046875
25058.330078125
25086.162109375
25104.533203125
25114.857421875
25121.482421875
25127.353515625
25132.095703125
25136.08984375
25140.251953125
25140.2734375
25137.615234375
25134.56640625
25164.505859375
25329.3125
25932.88671875
27397.080078125
30123.634765625
34177.39453125
37320.75390625
40190.2421875
42995.7109375
46286.12109375
49813.37109375
53591.609375
57823.14453125
62310.62109375
66600.21875
70355.4140625
73640.375
77796.0859375
81798.9765625
85772.9453125
89495.4921875
93350.65625
97488.171875
101588.3515625
105415.3984375
106702.546875
108152.2109375
109570.625
110857.96875
112307.421875
113445.7578125
114387.65625
115214.75
115960.21875
116572.7890625
117027.3984375
117378.71875
117645.140625
117849.0390625
117992.1328125
118080.75
118147.8984375
118151.171875
118112.453125
118056.0234375
117986.5078125
117917.625
117840.40625
117718.734375
117562.4453125
117383.3984375
117198.71875
117024.3125
116819.390625
116618.625
116431.7578125
116248.0703125
116061.453125
115879.5
115729.5234375
115549.1875
115348.84375
115294.703125
115412.625
115459.171875
115470.9921875
115454.21875
115412.765625
115350.4921875
115274.0859375
115196.5703125
115123.109375
115046.78125
114972.859375
114890.3359375
114797.6875
114705.0
114588.2578125
114466.890625
114344.25
114225.8046875
114086.0390625
113933.9375
113778.140625
113613.0859375
113453.9140625
113288.2265625
