25400.0
25400.0
25400.0
25400.0
25400.0
25400.0
25400.0
25400.0
25400.0
25400.0
25400.0
25400.0
25400.0
25400.0
25400.0
25400.0
25400.0
25400.0
25400.0
25400.0
25400.0
25400.0
25400.0
25400.0
25400.0
25400.0
25400.0
25400.0
25400.0
25400.0
25400.0
25400.0
25400.0
25400.0
25400.0
27059.109375
44567.33984375
59947.13671875
71677.5
77924.515625
81698.34375
84362.8203125
86252.0234375
89021.1796875
91324.5
93920.9375
96298.03125
98801.71875
101174.2890625
103274.453125
105402.75
107452.328125
109284.8671875
110860.765625
112123.25
113493.1484375
114855.9921875
116275.234375
117632.34375
118998.5703125
120339.0625
121609.2734375
122853.09375
123918.828125
124923.2734375
125878.5625
126690.625
127551.1953125
128545.609375
129670.8203125
130865.1796875
132041.109375
133172.859375
134246.78125
135310.953125
136307.78125
137313.6875
140802.90625
141963.171875
142881.078125
143898.5
145098.109375
145972.375
147118.875
147676.5625
145687.53125
143572.34375
141745.15625
139947.6875
138231.875
137032.171875
135910.234375
134986.390625
134173.46875
133653.546875
133322.46875
133348.3125
133649.484375
133899.421875
134220.4375
134631.21875
135185.1875
135597.8125
135954.078125
136230.578125
136474.625
136696.71875
136913.828125
137150.296875
137388.21875
137576.1875
137664.140625
137745.71875
137799.859375
137810.609375
137785.3125
137813.15625
137736.25
137594.578125
137422.078125
137233.53125
137035.03125
136821.265625
136608.34375
136343.09375
