25400.0
25400.0
25400.0
24311.298828125
23601.978515625
23765.474609375
24184.21875
24653.58203125
24751.669921875
24752.654296875
24753.865234375
24755.40234375
24757.294921875
24759.205078125
24761.169921875
24763.181640625
24764.94140625
24766.759765625
24768.509765625
24770.271484375
24771.890625
24774.41796875
24777.080078125
24778.876953125
24780.341796875
24781.634765625
24782.890625
24784.11328125
24785.17578125
24786.2890625
24787.404296875
24788.576171875
24789.66015625
24790.806640625
24791.962890625
24793.337890625
24795.5
24797.982421875
24800.8515625
24803.9296875
24806.857421875
24810.263671875
24813.765625
24817.6328125
24821.498046875
24825.798828125
24830.57421875
24964.791015625
25302.3671875
26072.640625
27662.37890625
30262.06640625
34217.63671875
38048.69921875
40994.875
43908.53125
47388.65625
51273.96875
54996.51953125
58313.33203125
61874.69140625
66240.2421875
70546.4609375
73484.6484375
75661.78125
78202.828125
80987.8203125
83974.8828125
86708.3359375
89250.8984375
91552.84375
93600.9921875
95666.9765625
97474.3125
99247.484375
100882.375
102170.34375
103158.6640625
103853.1796875
104755.3203125
105788.6328125
106840.9921875
107805.3984375
108829.0390625
109882.0625
110790.2109375
111556.765625
112211.3359375
112736.15625
113231.8671875
113640.7890625
114013.8828125
114321.0078125
114582.984375
114794.1640625
114954.6328125
115075.015625
115153.5625
115201.3671875
115395.3671875
115687.265625
115952.6015625
116152.2265625
116314.8671875
116441.609375
116543.9453125
116619.59375
116690.2578125
116772.21875
116852.90625
116929.609375
116995.2734375
117041.140625
117071.375
117082.8203125
117075.984375
117078.8984375
117065.9921875
117030.140625
116973.6796875
116896.4765625
116805.2265625
116692.9375
