25400.0
25400.0
25400.0
25400.0
25250.599609375
25190.125
25190.123046875
25190.123046875
25190.123046875
25190.123046875
25190.123046875
25190.123046875
25190.123046875
25190.123046875
25190.123046875
25190.123046875
25190.123046875
25190.123046875
25190.123046875
25190.123046875
25190.123046875
25190.123046875
25190.123046875
25190.123046875
25190.123046875
25190.123046875
25190.123046875
25190.123046875
25190.123046875
25190.123046875
25190.123046875
25190.123046875
25190.123046875
25190.123046875
25190.123046875
25190.123046875
25190.123046875
25190.123046875
32897.69921875
47750.88671875
59481.7578125
69143.203125
77015.484375
84925.8515625
92003.40625
97794.984375
101921.4609375
104987.359375
107444.75
110052.7109375
112453.265625
114848.3671875
117821.3046875
120331.8359375
122687.5703125
124587.5234375
126242.71875
127617.7578125
127436.125
126444.4375
125550.6953125
124651.0859375
123789.5703125
122946.3515625
122134.0234375
121410.4140625
120611.859375
119832.71875
119014.0
118232.1171875
117573.59375
117022.9296875
116497.9921875
115923.28125
115352.671875
114792.046875
114250.125
113771.4453125
113251.9296875
112746.484375
112214.5234375
111709.9375
111203.578125
110716.7734375
110261.984375
109812.703125
109402.5078125
109009.5859375
108663.671875
108415.7890625
108153.0703125
107904.671875
107656.25
107428.265625
107209.2578125
106997.6953125
106796.65625
106570.546875
106357.6484375
106142.390625
105947.75
105721.4453125
105483.0234375
105291.1640625
105114.15625
104955.1015625
104799.5703125
104653.171875
104517.9765625
104395.7109375
104315.859375
104335.71875
104490.6328125
104599.640625
104735.765625
104914.9375
105058.6796875
105155.4453125
105219.4453125
105249.3046875
105251.0
105278.4375
105329.3828125
105414.234375
