25400.0
25400.0
25400.0
25400.0
25248.005859375
25248.005859375
25248.005859375
25248.005859375
25248.005859375
25248.005859375
25248.005859375
25248.005859375
25248.005859375
25248.005859375
25248.005859375
25248.005859375
25248.005859375
25248.005859375
25248.005859375
25248.005859375
25248.005859375
25248.005859375
25248.005859375
25248.005859375
25248.005859375
25248.005859375
25249.361328125
30661.3984375
43518.9453125
54251.4140625
62879.69140625
68514.0078125
72240.9296875
75225.7734375
78384.2421875
81165.203125
83691.0390625
86196.203125
88500.359375
90787.921875
92758.9921875
94529.6953125
96348.4921875
98262.8046875
100573.8203125
103059.9375
105855.3515625
108835.7890625
111987.9140625
116146.7109375
120787.3046875
125779.34375
131111.46875
136270.375
141159.59375
145598.078125
150904.609375
157384.53125
162950.421875
168360.78125
164133.46875
159701.578125
156088.71875
152714.703125
150117.203125
148543.71875
146479.140625
144551.453125
142590.140625
140887.265625
139244.28125
137873.6875
136711.4375
135738.21875
134932.90625
134193.53125
133499.75
132811.5
132186.09375
131579.546875
130989.640625
130485.4296875
130006.078125
129535.359375
129017.09375
128470.453125
127927.1171875
127356.8359375
126800.609375
126223.203125
125619.5859375
125068.4140625
124475.9453125
123929.4296875
123431.359375
123008.0234375
122608.9921875
122228.6640625
121869.5703125
121510.53125
121172.484375
120763.1796875
120362.7890625
120047.921875
119705.5390625
119374.671875
119024.09375
118779.234375
118592.640625
118501.671875
118383.984375
118339.0234375
118315.2421875
118268.1015625
118184.1953125
118051.8671875
117914.0859375
117761.4296875
117583.9453125
117393.921875
117178.65625
116947.2265625
116706.7265625
116437.328125
116168.3359375
115878.0078125
