25400.0
25400.0
25084.78125
24485.0234375
24263.03125
23964.53515625
23773.236328125
23747.859375
23746.62890625
23750.4921875
23756.69140625
23764.34375
23773.12109375
23784.408203125
23798.234375
23817.548828125
23844.423828125
23872.703125
23917.548828125
23986.18359375
24078.56640625
24208.1171875
24398.3359375
24707.19921875
24943.7265625
25055.81640625
25097.625
25111.619140625
25117.154296875
25118.94140625
25119.380859375
25111.2890625
25375.27734375
26213.990234375
28036.033203125
32377.2265625
37790.63671875
44747.6484375
52051.15625
60149.37890625
68321.8046875
74241.875
80394.96875
85945.1953125
90941.125
95576.0390625
99703.9375
103208.3515625
106240.34375
109049.3984375
111567.5390625
113866.15625
115896.6875
117586.5078125
119228.1640625
120628.8515625
122071.859375
123404.8671875
124691.109375
125876.4609375
126934.5078125
127883.7578125
128728.4296875
129618.0234375
130238.875
130650.7578125
130848.9296875
129237.640625
127828.2890625
126549.359375
125324.8671875
124131.84375
123018.2890625
121884.8046875
120804.96875
119732.8671875
118696.7578125
117781.90625
116800.7890625
115884.796875
114976.8203125
114146.84375
113347.390625
112498.890625
111707.953125
110938.3125
110241.7265625
109499.7890625
108797.6640625
108196.4453125
107548.3984375
106942.1953125
106344.8125
105974.21875
105710.375
105399.8046875
105078.6875
104726.625
104365.7734375
103985.9296875
103615.3828125
103293.0390625
102954.484375
102628.5859375
102290.3828125
101969.6875
101663.0390625
101393.390625
101144.5859375
100892.1875
100650.484375
100410.8828125
100179.9609375
99979.3046875
99782.1015625
99633.2109375
99499.25
99382.5546875
99270.40625
99163.4609375
99061.03125
98954.5
98852.25
98749.078125
