25400.0
25400.0
25400.0
25043.59375
24829.7734375
24829.771484375
24829.771484375
24876.76953125
24892.712890625
24896.595703125
24898.7578125
24900.63671875
24902.35546875
24903.9765625
24906.185546875
24908.423828125
24909.76171875
24910.791015625
24911.828125
24912.712890625
24913.12109375
24911.98046875
24918.14453125
28400.962890625
40548.0625
54080.8359375
67331.375
79563.171875
90509.625
99336.296875
107740.1484375
114902.5078125
121364.359375
126500.1640625
130725.140625
134121.40625
133371.265625
131984.5
130578.3828125
129042.46875
127569.3984375
126215.7578125
124737.1640625
123348.3984375
121986.8671875
120737.0546875
119478.4140625
118271.53125
117195.4609375
116135.609375
115145.34375
114181.171875
113288.75
112511.1875
111677.796875
110965.1015625
110326.8515625
109625.8359375
108893.1328125
108218.5
107612.515625
107028.6015625
106492.9375
105950.4453125
105384.546875
104871.1796875
104276.2421875
103728.1875
103209.46875
102844.59375
102603.390625
102463.953125
102415.2421875
102352.21875
102156.125
101864.3046875
101531.890625
101223.0
100914.59375
100661.6875
100441.6171875
100234.6171875
100023.078125
99831.90625
99647.984375
99454.5859375
99301.6953125
99162.46875
99033.203125
98918.6640625
98800.0859375
98697.828125
98596.15625
98498.65625
98398.703125
98307.21875
98227.421875
98152.1328125
98083.7734375
98022.28125
97965.5703125
97916.890625
97872.7109375
97836.0234375
97803.1875
97774.7421875
97747.8671875
97735.296875
97723.765625
97704.4296875
97686.4296875
97669.78125
97653.71875
97638.9296875
97626.1640625
97612.5390625
97601.296875
97589.7734375
97578.3671875
97564.9296875
97552.2265625
97541.484375
97540.46875
97544.1953125
97548.8984375
