25400.0
25400.0
25400.0
25400.0
25276.28515625
25136.0859375
25140.671875
25136.0859375
25136.0859375
25136.0859375
25136.0859375
25136.0859375
25136.0859375
25136.0859375
25136.0859375
25136.0859375
25136.0859375
25136.0859375
25136.0859375
25136.0859375
25136.0859375
25136.0859375
25136.0859375
25136.0859375
25136.0859375
25136.0859375
25136.0859375
25136.0859375
25136.0859375
25136.0859375
25136.0859375
25136.0859375
25136.0859375
25136.0859375
25136.0859375
25136.0859375
25136.0859375
25136.0859375
25136.0859375
25195.0703125
28952.77734375
38893.04296875
48762.7265625
58209.8203125
66643.1328125
72491.4453125
76047.515625
78534.3359375
80408.359375
82553.21875
84863.390625
87065.1328125
89679.9296875
92113.96875
94088.84375
96071.3046875
98004.46875
99895.6953125
101597.0078125
102299.1484375
102569.6484375
102853.578125
103158.46875
103448.84375
103746.4765625
104039.3515625
104296.84375
104560.328125
104785.7890625
104994.0703125
105172.6640625
105530.8671875
106046.3515625
106591.984375
107152.0
107682.4609375
108239.515625
108734.4921875
109132.6171875
109540.8203125
109905.390625
110233.484375
110520.625
110777.484375
110975.4375
111149.7578125
111316.0078125
111452.53125
111606.046875
111739.21875
111845.2421875
111931.75
111973.09375
111986.34375
111993.40625
112029.9296875
112042.40625
111953.1484375
111746.71875
111518.7421875
111329.2109375
111204.1484375
111305.1484375
111569.8671875
111814.15625
112028.6875
112207.34375
112366.5
112487.609375
112554.796875
112711.8203125
112882.3671875
113006.2109375
113079.2265625
113114.6015625
113120.8203125
113114.5546875
113100.59375
113084.21875
113058.09375
113023.78125
112975.96875
112916.0546875
112850.484375
112772.421875
