25400.0
25400.0
25400.0
25006.9765625
24748.201171875
24683.20703125
24683.20703125
24696.513671875
24719.0
24722.623046875
24724.060546875
24725.33203125
24726.56640625
24727.791015625
24728.947265625
24730.0234375
24731.04296875
24733.1875
24734.138671875
24734.970703125
24735.703125
24736.419921875
24737.005859375
24737.646484375
24738.26953125
24738.7265625
24737.98828125
24740.03125
24762.154296875
31248.0546875
42401.15625
53639.24609375
63761.36328125
73967.609375
82606.0625
90462.796875
97051.59375
99520.53125
101528.875
103132.7265625
104321.171875
105193.1484375
105797.875
106262.5546875
106579.9375
106851.984375
107094.484375
107229.4921875
107272.359375
107253.8515625
107192.5234375
107058.828125
106911.921875
106772.4375
106660.3828125
106499.859375
106323.140625
106068.2265625
105801.5234375
105525.71875
105237.625
104963.8984375
104702.34375
104471.1953125
104260.375
104039.5625
103800.0859375
103533.484375
103299.6875
103054.046875
102786.203125
102480.5546875
102163.6015625
101870.6484375
101573.1796875
101310.40625
101028.03125
100782.2265625
100593.4453125
100447.7890625
100309.5859375
100156.0390625
100148.140625
100132.4375
100142.4609375
100260.5625
100465.0546875
100667.0703125
100852.828125
101234.703125
101716.15625
102176.1484375
102603.015625
103070.6484375
103543.1328125
103992.890625
104388.7890625
104722.484375
105025.2734375
105285.4453125
105528.5
105748.4921875
105929.734375
106109.5390625
106264.46875
106406.9453125
106528.796875
106639.5703125
106739.03125
106828.59375
106929.8984375
107019.1171875
107102.125
107186.5
107264.515625
107337.8125
107396.4453125
107444.8046875
107480.4375
107508.2890625
107517.3203125
107508.5390625
107503.6875
107499.2890625
107484.6328125
