22210.376953125
21043.73828125
20421.748046875
20056.193359375
20251.939453125
21158.59765625
22170.123046875
23041.865234375
23827.2265625
24494.8203125
25107.751953125
25400.0
25400.0
25400.0
25400.0
25400.0
25400.0
25400.0
36992.43359375
48028.08984375
56876.86328125
62157.0859375
65072.78125
67605.625
70230.6015625
72465.046875
74259.6953125
75901.2109375
77372.96875
78587.8046875
79685.875
80799.25
81998.6796875
83077.8515625
84102.953125
85139.859375
86072.65625
87109.84375
88117.953125
89033.1953125
89877.6640625
90681.0546875
91584.2734375
92445.21875
93380.6875
94310.6484375
95212.4140625
96103.5
97324.4140625
98730.1015625
99923.9140625
101020.078125
102033.328125
102872.3359375
103697.984375
104317.625
104866.8125
105331.0546875
105810.0078125
106349.5859375
106857.6796875
107321.359375
107696.7421875
107986.8046875
108204.8984375
108360.5859375
108488.0625
108569.015625
108610.359375
108653.75
108687.8359375
108677.4921875
108634.7109375
108612.203125
108576.46875
108548.3984375
108536.1328125
108522.515625
108493.515625
108443.4921875
108370.8046875
108282.78125
108176.3125
108057.140625
107930.9140625
107790.96875
107647.8828125
107454.734375
107236.671875
107021.4609375
106785.6640625
106574.3046875
106380.1640625
106205.6640625
106029.5703125
105861.703125
105702.6875
105540.375
105386.5078125
105226.7421875
105062.8359375
104911.9609375
104741.2109375
104566.125
104382.765625
104217.015625
104059.3671875
104009.3125
103980.328125
103947.078125
103936.09375
103965.0546875
103990.2421875
103994.0
103982.875
103966.5859375
103950.0703125
103937.296875
103927.9296875
103921.3984375
103914.9296875
103908.8671875
103902.5234375
103895.203125
