25400.0
25400.0
25398.44921875
25123.8125
24605.185546875
24656.56640625
24597.908203125
24583.07421875
24580.248046875
24581.20703125
24583.474609375
24586.150390625
24588.8125
24591.55859375
24594.150390625
24596.740234375
24599.236328125
24601.43359375
24603.779296875
24606.666015625
24609.580078125
24611.79296875
24613.84375
24615.833984375
24618.48828125
24622.12109375
24626.05859375
24630.45703125
24635.162109375
24639.666015625
24645.048828125
24650.63671875
24656.982421875
24663.84765625
24671.544921875
24680.08984375
24690.328125
24710.0
24775.09765625
27448.724609375
32141.546875
37197.49609375
42294.63671875
47278.59765625
52122.56640625
56175.3515625
59939.4453125
64226.69921875
68442.609375
72390.0703125
75880.515625
79212.4140625
82421.40625
85418.96875
89136.5703125
92740.0234375
96414.2421875
99924.21875
103675.046875
107334.6015625
110500.2578125
113582.5
116499.5078125
119438.3515625
122372.7890625
125190.5078125
128631.0078125
132025.90625
135375.28125
137719.0625
137148.25
136559.734375
136183.03125
135735.609375
135241.875
134677.375
134066.421875
133487.671875
132786.046875
132053.265625
131278.21875
130525.109375
129770.359375
129027.109375
128341.4375
127619.25
126902.6640625
126159.84375
125426.9375
124807.203125
124129.3828125
123476.0078125
122924.75
122322.015625
121774.5390625
121427.4296875
121088.3984375
120783.0078125
120547.2109375
120345.390625
120171.9921875
120158.7734375
120004.6640625
119844.4140625
119625.53125
119342.46875
118998.203125
118570.6484375
118130.4296875
117635.8828125
117146.3984375
116631.859375
116203.2265625
115963.5546875
115640.3984375
115250.5234375
114802.4296875
114356.0
113884.9453125
113395.3359375
112926.0
112643.0859375
112341.75
111987.0859375
