25400.0
25400.0
25400.0
25400.0
25400.0
25400.0
25400.0
25400.0
25400.0
25400.0
25400.0
25400.0
25400.0
25400.0
25400.0
25400.0
25400.0
25400.0
25400.0
25400.0
25400.0
25400.0
25400.0
25400.0
25400.0
25400.0
25400.0
25400.0
25400.0
25400.0
25400.0
25400.0
25400.0
25400.0
25400.0
25400.0
25400.0
25400.0
25400.0
25400.0
31498.404296875
45721.08203125
58162.2734375
68275.28125
76294.28125
82909.234375
89192.8046875
94963.421875
100157.1640625
104949.109375
109052.703125
112808.9765625
116134.71875
118827.375
121667.7421875
124063.1796875
126159.6171875
127947.375
129609.0234375
131155.484375
132539.28125
133850.484375
135020.265625
136326.84375
137484.5
138390.828125
139263.15625
140032.625
140788.28125
141430.125
142064.03125
142684.828125
143235.046875
143748.46875
144204.828125
144639.15625
144994.078125
145290.578125
145664.984375
146834.09375
149882.09375
150303.078125
150595.203125
150952.34375
150345.1875
148883.03125
148717.015625
146709.765625
144560.109375
142560.109375
140428.421875
138713.21875
137232.25
135875.203125
134616.703125
133526.46875
132638.5625
131823.453125
131092.765625
130386.28125
129717.7734375
129128.875
128492.4375
127880.1640625
127274.015625
126710.015625
126145.9609375
125601.1875
125087.4375
124629.7265625
124200.9140625
123803.453125
123553.6328125
123304.2421875
123020.8515625
122746.265625
122467.0625
122204.421875
121944.6796875
121706.796875
121524.765625
121355.6875
121209.2890625
121073.46875
