25400.0
25400.0
25400.0
25400.0
25339.021484375
25129.302734375
24853.693359375
24782.76953125
24782.767578125
24782.767578125
24782.767578125
24852.7578125
24874.2265625
24880.791015625
24883.51171875
24885.318359375
24887.0
24888.53125
24890.150390625
24891.68359375
24893.078125
24894.60546875
24896.017578125
24897.419921875
24899.8359375
24901.85546875
24903.283203125
24904.4140625
24905.509765625
24906.552734375
24907.595703125
24908.580078125
24909.4375
24910.37890625
24911.275390625
24912.158203125
24912.994140625
24913.830078125
24914.697265625
24915.46875
24916.25
24916.994140625
24917.759765625
24918.525390625
24919.14453125
24919.859375
24920.564453125
24921.21484375
24921.818359375
24922.486328125
24923.09765625
24923.705078125
24924.2578125
24924.61328125
24924.693359375
24924.95703125
24927.447265625
24938.23046875
26057.6328125
30633.3359375
37209.23828125
42700.12109375
47618.7265625
52113.98828125
56232.35546875
59726.8984375
63059.5
66177.28125
68473.9453125
70749.53125
73159.46875
75488.3359375
77499.796875
79477.484375
81460.03125
83500.1171875
85723.1171875
88144.875
90564.7734375
92741.921875
94975.0390625
97591.1953125
101370.3359375
105604.7578125
109772.046875
114315.0546875
119880.421875
125536.3203125
131058.0625
136257.890625
141494.859375
146734.796875
151445.03125
156279.59375
160689.140625
165088.359375
169285.578125
169020.90625
167978.140625
166906.984375
165779.578125
164646.90625
163377.828125
162060.28125
160904.796875
159525.625
158131.71875
156645.671875
155360.40625
154339.40625
153265.921875
152193.34375
151068.140625
149967.4375
148829.8125
147704.4375
146711.046875
145635.59375
144615.421875
143585.015625
142620.375
141690.515625
140832.96875
140069.8125
139524.296875
138632.78125
137642.609375
