25400.0
25400.0
25400.0
25400.0
25400.0
25400.0
25400.0
25400.0
25400.0
25400.0
25400.0
25400.0
25400.0
25400.0
25400.0
25400.0
26297.66015625
41022.92578125
65874.4609375
84810.0546875
94975.8359375
100928.328125
106162.3984375
111362.7109375
115561.203125
119670.953125
123010.7265625
125862.328125
128063.390625
130144.7421875
132234.453125
134125.140625
136138.40625
140445.0625
141677.328125
143507.359375
152175.328125
150919.359375
147084.28125
144813.4375
144121.265625
143921.578125
144426.609375
144460.890625
144329.484375
144026.8125
143594.8125
143116.875
142523.515625
142073.015625
141390.1875
140277.515625
138842.484375
137354.96875
135777.015625
134162.828125
132568.625
130738.421875
129040.4375
127359.1484375
125828.1484375
124323.8125
122891.953125
121575.8671875
120280.296875
119088.1171875
117918.6640625
116811.296875
115873.875
114905.09375
114020.4921875
113159.6953125
112376.2421875
111595.0
110849.140625
110166.78125
109505.796875
108903.1640625
108325.109375
107785.4609375
107305.59375
106787.96875
106356.90625
105948.6015625
105576.5546875
105208.953125
104862.046875
104548.6796875
104245.078125
103971.1015625
103705.2265625
103456.9140625
103247.1796875
103027.90625
102872.0703125
102719.765625
102578.0703125
102438.328125
102301.9140625
102174.75
102049.265625
101934.1015625
101837.734375
101729.625
101636.03125
101547.8984375
101470.0
101399.609375
101336.6640625
101276.9921875
101222.1484375
101202.3515625
101191.46875
101180.84375
101148.296875
101099.171875
101054.9765625
101000.6796875
100955.0625
100926.390625
100909.265625
100899.96875
100896.796875
100902.515625
100924.7109375
100955.1015625
101171.0703125
