25400.0
25400.0
25400.0
25400.0
25400.0
25400.0
25400.0
25400.0
25400.0
25400.0
25400.0
25400.0
25400.0
25400.0
25400.0
25400.0
25400.0
25400.0
25400.0
25400.0
25400.0
25400.0
25400.0
25400.0
25400.0
25400.0
25400.0
25400.0
25400.0
25400.0
25400.0
25400.0
25400.0
25400.0
25400.0
25400.0
25400.0
25400.0
25400.0
25400.0
25400.0
25400.0
27892.470703125
38209.28125
46591.02734375
52911.81640625
58055.18359375
62898.93359375
67637.2734375
70849.53125
73605.453125
76040.71875
78437.5625
80739.6484375
82644.9921875
84699.015625
86737.765625
88878.1875
90825.9609375
92693.0234375
94439.765625
96047.3359375
97660.7265625
99225.515625
100862.3125
102610.0625
104298.2265625
106243.03125
108240.4296875
110603.828125
113027.5390625
115641.3515625
118340.03125
120994.796875
123848.71875
126834.1875
130020.921875
133183.109375
136120.390625
139299.921875
142417.765625
145585.25
148966.203125
152477.953125
155775.328125
158745.0
161631.140625
164533.8125
167545.625
170167.203125
172531.078125
174763.1875
177011.359375
183554.921875
186367.25
188983.40625
191407.75
195099.75
190413.640625
186863.265625
183722.953125
181273.03125
179466.28125
177881.984375
176767.234375
175895.328125
175090.6875
174160.40625
173572.484375
173098.703125
172542.1875
171996.53125
171449.765625
170930.75
170417.3125
169735.65625
169310.8125
168965.703125
168396.3125
167584.46875
166664.390625
165651.046875
164413.359375
163050.140625
161591.484375
