25400.0
25400.0
24873.072265625
24560.189453125
24358.109375
24195.984375
24179.138671875
24182.212890625
24190.416015625
24203.103515625
24219.923828125
24243.634765625
24279.486328125
24341.033203125
24433.62890625
25215.603515625
28386.564453125
36142.4375
47941.2109375
62457.6484375
78068.40625
91259.4921875
102518.7421875
112032.4609375
118484.015625
119036.3984375
119095.46875
118618.421875
117906.75
117099.609375
116149.0
115180.2890625
114136.5703125
113163.3984375
112166.7109375
111178.0
110277.15625
109387.9375
108573.3671875
107812.4296875
107107.671875
106430.921875
105779.0703125
105215.4453125
104685.921875
104102.796875
103469.453125
102848.15625
102271.75
101771.765625
101322.703125
100874.734375
100441.7890625
100079.5078125
99714.1015625
99387.0625
99090.3828125
98823.53125
98618.0859375
98336.0234375
98037.875
97773.078125
97596.875
97440.9921875
97445.5
97480.2265625
97664.0
98015.0078125
98424.6953125
98906.828125
99484.703125
100131.71875
100751.4765625
101309.90625
101757.546875
102155.0703125
102481.4296875
102721.5546875
102963.7109375
103212.65625
103462.25
103703.5625
103965.328125
104255.1484375
104578.0078125
104873.921875
105129.1328125
105368.5078125
105586.625
105796.0625
106055.0546875
106325.4375
106663.9296875
107041.3828125
107348.3515625
107586.375
107771.796875
107930.7734375
108030.75
108033.5625
107990.234375
107932.8046875
107855.890625
107771.0859375
107672.65625
107569.6875
107452.5078125
107351.578125
107288.3671875
107477.2265625
107634.1875
107742.53125
107803.859375
107826.4609375
107818.6953125
107786.875
107734.1171875
107669.0390625
107590.1484375
107499.65625
107408.2265625
107310.609375
107213.4609375
107124.71875
