25400.0
25400.0
25400.0
25400.0
25400.0
25400.0
25400.0
25400.0
25400.0
25400.0
25400.0
25400.0
25400.0
25400.0
25400.0
25400.0
25400.0
25400.0
25400.0
25400.0
25400.0
25400.0
25400.0
25400.0
25400.0
25400.0
25400.0
25400.0
25400.0
25400.0
25400.0
25400.0
25400.0
25400.0
25400.0
25400.0
25400.0
26264.189453125
37566.6484375
47758.4609375
54439.7421875
58884.453125
61710.125
64372.51171875
66513.5546875
68595.8359375
70863.5703125
72976.4921875
74834.3671875
76461.9765625
78155.2734375
79750.3359375
81271.796875
82722.0625
84031.3671875
85429.1484375
86673.125
87814.3515625
88874.8984375
89986.1875
91248.0625
92671.09375
94193.3828125
95667.7734375
97180.921875
98531.6171875
99514.5234375
100480.0078125
101748.859375
103452.9296875
105189.890625
108116.7421875
110963.5703125
113500.984375
116137.359375
118608.03125
120965.65625
123326.953125
125773.0859375
128943.6640625
131926.921875
134892.25
137750.734375
140737.125
143470.015625
146088.609375
148489.625
150468.609375
152201.78125
153907.125
155514.6875
157359.4375
159140.296875
162193.140625
166910.734375
169667.34375
172259.984375
174970.234375
183136.375
189659.609375
185891.984375
182791.796875
180687.765625
179150.453125
178259.390625
177711.859375
177343.40625
176998.234375
176680.6875
176374.5625
176023.078125
175492.421875
174876.0
174127.25
173321.15625
172353.015625
171323.90625
170109.515625
168840.84375
167476.078125
166076.3125
164747.140625
163368.390625
162012.015625
160622.296875
