25400.0
25400.0
25400.0
25291.681640625
24940.845703125
24708.044921875
24649.080078125
24658.98828125
24696.025390625
24702.69140625
24704.30078125
24705.3828125
24706.521484375
24707.671875
24708.84375
24709.966796875
24711.0703125
24712.13671875
24713.064453125
24714.02734375
24714.908203125
24715.822265625
24717.76171875
24718.80078125
24719.59765625
24720.3046875
24720.986328125
24721.650390625
24722.263671875
24722.892578125
24723.474609375
24724.056640625
24724.642578125
24725.265625
24725.845703125
24726.419921875
24726.982421875
24727.763671875
24728.67578125
24729.568359375
24730.470703125
24731.30078125
24732.79296875
24735.3828125
24750.197265625
27223.99609375
32892.62890625
38702.578125
43154.7734375
47306.3828125
51249.4609375
55019.58203125
59182.28125
64102.890625
68094.046875
71958.9921875
75578.765625
79229.390625
82797.71875
86509.0078125
90262.046875
93883.7578125
98000.7578125
102352.7265625
107047.1015625
111631.0625
115639.765625
119824.8046875
120826.9453125
121704.6015625
122536.6640625
123265.8046875
123925.7421875
124405.1328125
124767.578125
125036.3203125
125250.2578125
125332.15625
125347.9765625
125283.0234375
125175.5703125
125047.5078125
124928.6328125
124747.203125
124555.1015625
124295.4375
124052.65625
123810.0703125
123497.25
123134.3671875
122786.8046875
122412.4765625
122050.796875
121672.078125
121294.5703125
120910.7578125
120599.140625
120277.0546875
119923.2578125
119834.265625
119737.03125
119597.046875
119458.34375
119276.0703125
119066.40625
118827.203125
118586.3125
118335.6171875
118085.75
117847.3984375
117609.1328125
117394.15625
117180.2109375
116973.28125
116790.3359375
116639.234375
116514.171875
116367.71875
116212.546875
116044.0234375
115875.4609375
115714.8984375
115556.96875
115412.34375
115272.9296875
