25400.0
25400.0
25362.12109375
24574.259765625
24394.9765625
24199.83203125
24182.8125
24182.80859375
24185.09765625
24187.912109375
24190.962890625
24193.9296875
24197.126953125
24200.759765625
24204.482421875
24208.8671875
24213.775390625
24218.638671875
24225.15625
24233.412109375
24247.77734375
24346.15625
29404.36328125
41654.3671875
54970.16015625
68454.4921875
77445.6796875
83049.2734375
86779.375
89114.890625
91219.6484375
93507.9375
95467.3359375
97194.1640625
98828.4296875
100399.5625
102210.6328125
104026.8984375
105895.546875
107867.453125
109818.890625
111394.4296875
113252.0625
114982.9921875
116688.5234375
118199.203125
119627.15625
121004.6796875
119904.46875
118376.7734375
116817.1875
115165.8125
113839.4765625
112920.8203125
111954.9765625
111088.375
110271.71875
109620.53125
108804.859375
107973.828125
107233.1875
106670.6171875
106154.609375
105621.0078125
105108.359375
104669.015625
104221.0546875
103825.125
103443.8828125
103088.109375
102744.328125
102430.7109375
102167.921875
101950.109375
101768.8828125
101753.8125
101702.96875
101626.6796875
101525.15625
101417.8046875
101346.5859375
101360.3515625
101372.859375
101349.71875
101303.1796875
101235.4453125
101201.4921875
101225.15625
101309.1171875
101454.0546875
101600.9609375
101746.3984375
101896.4296875
102033.2109375
102192.53125
102404.0546875
102628.7109375
102896.3828125
103172.3671875
103456.5
103730.2109375
103970.1328125
104231.3203125
104488.28125
104722.40625
104913.6484375
105086.7421875
105246.625
105398.7265625
105558.015625
105720.8984375
105898.484375
106102.375
106301.9609375
106550.6875
106803.765625
107065.2890625
107315.328125
107572.9609375
107831.8359375
108083.2109375
108334.578125
108555.5234375
108784.7890625
