25400.0
25400.0
25400.0
25400.0
25400.0
25400.0
25400.0
25400.0
25400.0
25400.0
25400.0
25400.0
25400.0
25400.0
25400.0
25400.0
25400.0
25400.0
25400.0
25400.0
25400.0
33592.421875
56678.8203125
78563.6796875
94638.015625
108709.6171875
119063.5
126087.5
130301.7109375
132533.09375
134306.296875
135619.796875
136727.953125
137098.578125
134125.359375
131474.8125
129136.0859375
126882.9296875
124834.6328125
122858.3671875
121029.9296875
119548.734375
117900.5078125
116267.125
114761.2734375
113438.46875
112199.1328125
111083.5546875
110161.8125
109296.8984375
108496.8203125
107722.03125
107037.6640625
106522.140625
106000.4609375
105513.1953125
105049.875
104685.7578125
104428.515625
104143.1875
103866.3984375
103667.1875
103616.5625
103766.640625
103877.8203125
103950.09375
104041.859375
104188.1875
104353.3359375
104525.828125
104697.484375
104859.8828125
105026.1953125
105142.9453125
105173.5390625
105136.28125
105087.296875
105054.265625
105040.4765625
105048.640625
105067.8984375
105237.171875
105488.59375
105728.78125
105951.625
106176.6015625
106392.0625
106613.140625
106829.0078125
107022.7578125
107236.1953125
107442.5703125
107647.3828125
107834.8046875
108015.34375
108195.125
108375.4609375
108546.8203125
108696.9765625
108838.25
108968.15625
109077.171875
109190.2734375
109293.8828125
109395.1015625
109494.1875
109597.640625
109700.625
109796.28125
109889.4375
109972.3046875
110049.3203125
110119.8515625
110177.1875
110239.203125
110298.125
110354.703125
110403.9765625
110448.5390625
110485.40625
110519.1171875
110577.03125
110630.7109375
110675.3671875
