25400.0
25400.0
25400.0
25400.0
25400.0
25400.0
25400.0
25400.0
25400.0
25400.0
25400.0
25400.0
25400.0
25400.0
25400.0
25400.0
43616.59765625
58817.41796875
73613.8046875
83796.40625
88014.5390625
90747.2890625
92675.78125
94233.046875
95394.5625
96311.4921875
97143.4765625
97933.8671875
98672.0
99363.8984375
100191.40625
100961.734375
101729.5234375
102521.9609375
103205.5625
103751.6875
104223.6640625
104684.0859375
105006.390625
105298.65625
105842.078125
106501.34375
107104.09375
107731.890625
108210.40625
108551.515625
108804.7890625
108973.515625
109055.6796875
109044.765625
109054.5546875
109050.59375
109082.5625
109113.171875
109168.359375
109204.46875
109193.5
109149.8828125
109063.6171875
108934.9921875
108785.4296875
108652.265625
108517.109375
108334.671875
108114.328125
107891.1484375
107638.6875
107402.4375
107169.0546875
106949.1953125
106694.015625
106416.4375
106144.5625
105919.1953125
105639.53125
105291.515625
104950.859375
104660.3046875
104338.9453125
104021.703125
103710.625
103431.5703125
103320.203125
103289.328125
103225.3671875
103098.515625
102960.7578125
102855.0546875
102872.578125
102886.015625
102877.1953125
102846.53125
102799.0078125
102742.359375
102725.3359375
102788.8359375
102914.0234375
103007.5234375
103053.75
103084.0625
103139.0546875
103217.59375
103322.5625
103428.1796875
103550.1171875
103668.8515625
103783.765625
103894.453125
103999.609375
104109.1171875
104233.0390625
104371.1640625
104506.8046875
104621.734375
104735.9375
104839.4765625
104948.78125
105048.6171875
105138.5625
105197.34375
105253.75
105316.8671875
105376.4296875
105446.59375
