24663.517578125
23197.224609375
22237.40234375
21503.345703125
21204.5078125
21196.357421875
21375.537109375
21994.30859375
22627.064453125
23257.125
23825.98046875
24367.556640625
24866.490234375
25202.431640625
25202.431640625
25202.431640625
25202.431640625
25202.431640625
25202.431640625
25202.431640625
25202.431640625
25202.431640625
25202.431640625
25202.431640625
25202.431640625
25202.431640625
25202.431640625
25202.431640625
29011.138671875
42271.87890625
49681.80859375
54897.87109375
60534.04296875
64900.25390625
68688.2421875
72011.46875
74890.6484375
77302.3828125
79413.1171875
81163.71875
82735.3046875
84183.2890625
85291.0
86329.140625
87199.8828125
87987.6171875
88728.84375
89438.4296875
90039.6640625
90543.1171875
91004.984375
91417.234375
91811.640625
92170.9609375
92461.078125
92745.921875
93008.09375
93242.390625
93435.0234375
93641.0390625
93835.1015625
94013.3359375
94181.5546875
94331.21875
94464.296875
94580.0546875
94678.3515625
94780.9765625
94867.625
94947.3515625
95008.0703125
95045.3828125
95061.0703125
95088.8359375
95096.796875
95100.96875
95091.875
95092.609375
95103.515625
95096.953125
95064.3203125
94984.96875
95033.15625
95181.1640625
95415.875
95796.78125
96281.078125
97127.4453125
97972.875
98958.0625
99813.3984375
100651.421875
101374.1875
102032.90625
102591.1015625
103123.5234375
103618.125
104034.4140625
104415.796875
104745.6796875
105074.6875
105389.53125
105656.515625
105924.171875
106156.1015625
106369.296875
106552.1171875
106716.7734375
106857.8984375
106974.1171875
107074.5234375
107154.9140625
107222.046875
107275.484375
107297.890625
107269.484375
107275.765625
107294.671875
107313.6796875
107330.0
107342.5234375
107350.6796875
107317.6796875
107277.8359375
107234.8125
