25268.15234375
23790.302734375
22597.017578125
21455.373046875
20964.541015625
20609.724609375
20597.4609375
20991.39453125
21476.810546875
21996.958984375
22485.96875
22962.31640625
23425.1640625
23840.89453125
24237.025390625
24595.73828125
24768.82421875
24768.591796875
24768.826171875
24769.412109375
24770.04296875
24771.17578125
24772.861328125
24773.71484375
24774.21875
24774.70703125
24774.62109375
24774.08203125
24774.24609375
24781.458984375
29663.833984375
41212.94140625
47642.65625
52354.625
57381.1640625
61538.45703125
65273.62109375
68435.140625
71176.796875
73384.2421875
75164.1953125
76644.5390625
77809.0625
78953.0078125
79962.609375
80884.8984375
81756.625
82572.6796875
83280.203125
83897.1875
84486.109375
85019.4609375
85535.125
86019.984375
86432.078125
86855.3046875
87233.109375
87588.4765625
87914.4765625
88278.078125
88658.5390625
89026.7265625
89396.8359375
89740.828125
90079.7109375
90418.0390625
90708.15625
91004.828125
91269.2109375
91520.265625
91746.3828125
91980.7265625
92219.9609375
92468.28125
92741.96875
93020.34375
93307.671875
93582.8125
93828.984375
94138.5859375
94431.0703125
94715.1953125
94971.5
95218.140625
95450.59375
95663.2265625
95870.4609375
96060.4140625
96413.34375
96804.140625
97141.5546875
97501.7421875
97842.1484375
98185.03125
98505.1640625
98836.609375
99158.6484375
99435.2265625
99757.140625
100080.96875
100422.6640625
100751.796875
101022.0546875
101296.546875
101548.265625
101796.0546875
102025.421875
102251.78125
102467.0078125
102667.140625
102862.0625
103040.59375
103216.234375
103383.5
103528.25
103681.1015625
103821.9453125
103960.421875
104086.7890625
104213.421875
104336.5546875
104449.3515625
104558.7265625
104656.84375
104755.9609375
