25400.0
25400.0
25400.0
25400.0
25400.0
25400.0
25400.0
25400.0
25400.0
25400.0
25400.0
25400.0
25400.0
25400.0
25400.0
25400.0
25400.0
25400.0
25400.0
25400.0
25400.0
25400.0
25400.0
25400.0
25400.0
25400.0
25400.0
25400.0
25400.0
25400.0
25400.0
26846.994140625
40834.64453125
54243.73828125
62690.44921875
71049.0390625
79121.578125
84768.7421875
87442.5625
89402.7734375
90975.1796875
92251.390625
93120.046875
93901.6171875
94611.1015625
95304.96875
95906.8515625
96446.078125
96908.015625
97284.765625
97620.765625
97964.5
98319.9296875
98665.921875
98968.2265625
99296.3046875
99597.140625
99924.1171875
100242.90625
100583.0546875
100963.3515625
101341.4296875
101713.5546875
102067.1640625
102435.8046875
102848.3828125
103217.765625
103586.828125
103904.2734375
104194.5234375
104444.9296875
104673.578125
104906.359375
105138.5234375
105374.84375
105589.296875
105785.9609375
105951.5234375
106080.234375
106186.3125
106396.7578125
106773.2109375
107097.09375
107405.65625
107691.2265625
107979.5234375
108301.046875
108574.4453125
108814.3984375
109009.625
109154.109375
109289.84375
109403.9921875
109500.78125
109576.8203125
109635.765625
109675.8046875
109702.9375
109665.6875
109642.3828125
109634.6328125
109630.5390625
109623.4765625
109606.21875
109581.34375
109575.2734375
109574.625
109573.828125
109587.25
109603.7109375
109607.40625
109604.0
109592.0625
109572.1953125
109550.1171875
109520.8203125
109483.078125
109433.9453125
109377.453125
109308.4296875
109230.1171875
109151.8046875
109069.8203125
108984.3046875
108928.8359375
