25400.0
25400.0
25400.0
25400.0
25400.0
25400.0
25400.0
25400.0
25400.0
25400.0
25400.0
25400.0
25400.0
25400.0
25400.0
25400.0
25400.0
25400.0
25400.0
25400.0
25400.0
42832.01171875
60915.953125
76471.8046875
87513.15625
96532.234375
103657.3203125
109167.21875
114164.7265625
118303.1171875
121912.0078125
125019.8515625
127277.1953125
129467.65625
131523.71875
132986.6875
133899.28125
134524.9375
132205.90625
129444.0859375
127543.046875
125728.625
124210.734375
122729.6171875
121382.625
120093.515625
119123.703125
118452.6484375
118506.4375
118795.0
119355.7890625
119968.4453125
120706.828125
121276.5859375
121450.2578125
121384.140625
121226.0078125
120903.3203125
120726.96875
120766.3046875
121178.2265625
121454.8125
121593.5
121606.5390625
121490.7109375
121335.3984375
121156.4453125
120942.3359375
120714.1015625
120494.8125
120264.4140625
119954.84375
119610.453125
119218.75
118791.1953125
118435.8125
118241.265625
118115.0390625
117937.84375
117739.9609375
117467.3203125
117178.8671875
116922.921875
116663.171875
116404.734375
116120.125
115811.71875
115491.671875
115133.6640625
114759.015625
114341.859375
113898.609375
113499.890625
113077.453125
112690.1015625
112310.15625
111957.53125
111617.53125
111299.34375
110997.6640625
110660.15625
110341.5703125
110025.6640625
109716.78125
109442.96875
109146.1953125
108864.8046875
108580.2578125
108306.0546875
108015.765625
107726.3125
107458.0234375
107186.0546875
106926.765625
106667.75
106419.1796875
106203.75
105976.8671875
105767.6875
105561.7734375
105371.5234375
105182.7578125
105000.984375
104831.1015625
104661.3359375
104502.1484375
104342.671875
