25400.0
25400.0
25400.0
25247.939453125
24864.66796875
24645.916015625
24634.341796875
24661.6171875
24665.861328125
24666.400390625
24667.544921875
24668.98828125
24670.65625
24672.35546875
24673.927734375
24675.5078125
24676.935546875
24678.412109375
24680.654296875
24682.03125
24683.189453125
24684.255859375
24685.26953125
24686.203125
24687.095703125
24687.82421875
24687.27734375
24690.740234375
24759.23046875
34590.19140625
47977.05859375
59471.71484375
71670.6640625
81693.7421875
91403.5859375
99388.5078125
105765.28125
111059.171875
115259.4765625
118152.890625
120752.9453125
123154.8203125
126077.9609375
125306.265625
124563.25
123751.1796875
122787.0859375
121788.5390625
120763.8671875
119764.171875
118690.1875
117660.34375
116729.7421875
115821.6640625
114972.7734375
114249.8671875
113465.7578125
112710.03125
111928.9453125
111198.78125
110475.921875
109858.7890625
109364.0234375
108896.0859375
108457.828125
108027.7734375
107627.59375
107287.9921875
106933.546875
106574.6875
106209.21875
105856.7109375
105505.5703125
105168.890625
104856.078125
104545.3125
104447.109375
104232.6171875
103961.890625
103633.53125
103316.5546875
103032.078125
102772.8671875
102493.203125
102222.890625
101961.109375
101748.4296875
101605.921875
101503.140625
101439.3125
101364.4453125
101327.8671875
101291.3984375
101238.53125
101194.2421875
101150.3984375
101079.875
101000.9453125
100932.625
101030.0546875
101296.0546875
101490.0625
101658.1015625
101782.5546875
101840.84375
101853.96875
101882.359375
101980.9609375
102064.0390625
102122.390625
102159.4453125
102182.4921875
102224.890625
102322.6171875
102441.671875
102524.578125
102569.2578125
102659.7265625
102759.890625
102844.9140625
102903.0703125
102973.5546875
103080.7578125
103198.3515625
103311.625
103422.6875
103549.4453125
