25400.0
25400.0
24928.439453125
24558.71875
24443.517578125
24230.625
24178.037109375
24165.62109375
24167.9375
24173.134765625
24181.673828125
24193.669921875
24208.51171875
24227.7265625
24256.20703125
24298.91015625
24371.25
24464.271484375
24908.794921875
26834.095703125
31555.857421875
40882.8359375
52725.8671875
66810.9375
80519.53125
91872.03125
101819.53125
110267.6953125
117205.2421875
119649.484375
119946.6171875
119781.8515625
119285.34375
118629.140625
117858.4375
116991.2421875
116118.0859375
115235.0859375
114296.4609375
113438.296875
112557.8671875
111684.9140625
110916.6171875
110123.8515625
109378.796875
108651.8046875
108005.140625
107385.6640625
106730.34375
106156.6875
105616.5625
105147.015625
104682.4140625
104152.875
103655.2421875
103109.1796875
102599.90625
102115.6171875
101708.5
101310.4375
100924.0625
100559.3046875
100203.8828125
99886.4453125
99581.78125
99307.6015625
99079.4453125
98842.796875
98686.9609375
98457.4765625
98199.609375
97934.78125
97747.7890625
97591.8046875
97443.140625
97448.0625
97476.2265625
97555.046875
97813.625
98164.96875
98522.9140625
98963.0390625
99455.7890625
100001.953125
100588.078125
101102.8671875
101559.515625
101928.1953125
102269.6875
102549.3515625
102758.6953125
102955.265625
103155.6640625
103387.5859375
103587.8828125
103803.2734375
104027.703125
104265.9140625
104557.34375
104812.0
105047.875
105262.59375
105444.109375
105629.875
105819.8359375
106035.609375
106267.046875
106502.328125
106846.5546875
107158.796875
107411.9609375
107608.7421875
107776.03125
107917.78125
108028.0859375
108071.390625
108064.2109375
108022.859375
107967.765625
107901.0546875
107826.3984375
107746.2109375
107662.4765625
107559.0625
107458.4140625
