25400.0
25400.0
25400.0
24826.646484375
24524.662109375
24484.9921875
24474.86328125
24473.46484375
24474.373046875
24475.87890625
24477.5546875
24479.177734375
24480.703125
24482.177734375
24483.53515625
24485.796875
24487.5
24489.228515625
24491.80078125
24515.13671875
31010.73046875
44752.41796875
60542.203125
71366.578125
79035.4609375
84602.09375
87837.1171875
89768.7109375
91293.5625
92361.015625
93582.2421875
94573.515625
95395.7265625
96028.578125
96548.84375
96982.390625
97253.0390625
97417.6015625
97495.3359375
97518.2109375
97502.0234375
97482.90625
97517.234375
97583.5390625
97662.7578125
97669.7734375
97716.453125
97767.546875
97773.0703125
97767.3125
97756.5390625
97738.6015625
97701.890625
97659.078125
97604.6015625
97547.0078125
97486.015625
97448.3046875
97460.796875
97499.9296875
97543.0703125
97585.796875
97627.5859375
97669.890625
97721.6484375
97898.40625
98185.203125
98445.71875
98684.921875
98893.65625
99093.90625
99282.296875
99469.3046875
99683.3359375
99904.1328125
100142.8359375
100400.8828125
100636.0390625
100886.7734375
101109.859375
101318.0703125
101514.640625
101696.0390625
101879.5
102056.1328125
102212.5390625
102343.9609375
102461.8828125
102565.515625
102649.6484375
102732.9453125
102803.7109375
102854.7734375
102894.7421875
102929.3046875
102958.09375
102988.96875
103024.1953125
103082.6484375
103151.390625
103214.3984375
103267.7578125
103345.59375
103418.3984375
103485.046875
103538.71875
103583.5859375
103650.4296875
103723.46875
103800.3515625
103869.59375
103932.4375
103981.3984375
104014.515625
104036.265625
104041.5625
104035.5
104025.125
104001.0546875
104033.3046875
104079.6015625
104121.4140625
104150.671875
104169.1875
