25400.0
25400.0
25399.98828125
24893.677734375
24541.296875
24341.009765625
23967.04296875
23856.90625
23828.185546875
23823.34765625
23825.09375
23829.0390625
23833.58203125
23839.78125
23847.986328125
23857.373046875
23869.640625
23885.556640625
23909.560546875
23946.005859375
23992.552734375
24083.9921875
24222.130859375
24438.716796875
24853.8515625
25048.2578125
25112.708984375
25132.189453125
25138.5703125
25142.392578125
25140.275390625
25191.421875
25534.392578125
26839.337890625
29964.51953125
35968.44140625
42996.93359375
49978.5546875
56207.125
62456.5078125
68351.546875
72749.4375
76190.234375
79221.46875
81609.03125
83704.8359375
85307.0859375
86606.1015625
87537.046875
88350.7734375
89150.4453125
89982.6640625
90840.4921875
91696.5546875
92723.6875
93749.265625
94706.2109375
95866.078125
97189.2265625
99110.6796875
101303.546875
103936.53125
107257.2578125
109517.1875
110230.3515625
110841.9140625
110862.765625
111413.2265625
112365.921875
113814.4375
115101.8125
116007.1875
116615.78125
116967.734375
117131.1953125
117158.0
117181.5546875
117113.59375
116937.8125
116679.515625
116391.7421875
116073.984375
115749.828125
115431.9765625
115163.1484375
114892.2734375
114618.7421875
114637.1484375
114819.109375
114886.328125
114886.203125
114824.6328125
114722.828125
114564.6796875
114388.8828125
114195.6875
114028.796875
113866.8515625
113758.3046875
113675.859375
113578.6171875
113449.5859375
113320.25
113184.921875
113066.28125
112941.4140625
112808.9296875
112656.1640625
112497.3515625
112319.8671875
112151.28125
112051.25
111984.53125
111931.421875
111872.8125
111800.6171875
111706.8984375
111663.8203125
111706.2265625
111562.46875
111361.5234375
111146.421875
110949.078125
110745.6484375
110508.6484375
110276.59375
110052.0390625
