25400.0
25400.0
25038.462890625
24551.876953125
24409.091796875
24210.720703125
24163.646484375
24153.416015625
24156.609375
24162.80078125
24172.55078125
24184.5078125
24199.232421875
24218.890625
24250.623046875
24400.375
29726.509765625
38101.9453125
44616.3515625
52844.23828125
62317.19921875
72280.3515625
80438.46875
84463.9765625
88250.4375
91736.390625
94593.78125
96786.65625
98798.671875
100728.2578125
101597.34375
102043.796875
102383.25
102708.7421875
102948.625
102845.65625
102549.1484375
102322.2890625
102133.0703125
102038.171875
102054.625
102083.8984375
102096.5546875
102092.1484375
102054.875
101974.015625
101898.4140625
101908.9375
101931.4140625
101954.125
101983.71875
102217.671875
102587.3671875
102865.6796875
103064.2890625
103238.0390625
103364.96875
103459.3359375
103512.3125
103546.921875
103546.734375
103518.4609375
103474.125
103434.546875
103397.4296875
103342.78125
103283.5546875
103204.3828125
103114.765625
103016.6015625
102921.2265625
102819.734375
102721.2890625
102637.3671875
102567.1171875
102519.5625
102465.96875
102402.4765625
102356.0859375
102313.9375
102289.640625
102258.0078125
102214.3046875
102155.46875
102089.515625
102040.765625
102036.015625
102067.9296875
102123.8046875
102188.6484375
102246.1015625
102304.6015625
102353.875
102404.5390625
102470.6171875
102592.40625
102623.7265625
102593.609375
102537.53125
102479.2890625
102433.2890625
102425.4921875
102417.2734375
102388.40625
102349.4453125
102301.4765625
102256.265625
102220.421875
102185.890625
102138.796875
102075.9765625
102002.34375
101920.015625
101860.5234375
101871.28125
101940.1171875
102014.3046875
102060.7734375
102079.3046875
102073.8046875
102046.8671875
102006.6953125
101955.4609375
101899.6640625
101838.0390625
