25400.0
25400.0
25397.16015625
24981.453125
24595.65625
24429.166015625
24196.896484375
24151.490234375
24143.080078125
24143.1328125
24145.69921875
24149.3125
24153.173828125
24157.23046875
24161.314453125
24166.92578125
24173.056640625
24178.96484375
24185.896484375
24193.197265625
24201.77734375
24211.853515625
24224.171875
24238.482421875
24255.3984375
24277.603515625
24305.76171875
24337.67578125
24374.6796875
24415.9140625
24473.521484375
24543.130859375
24629.982421875
24890.689453125
25049.0078125
25126.111328125
25230.173828125
25453.2734375
25994.587890625
27049.59765625
28587.4296875
30884.515625
33992.15234375
37131.75390625
41662.140625
46846.6953125
53182.5
59835.80078125
67431.765625
73418.125
79211.59375
84204.1328125
87334.6171875
89197.703125
90756.6328125
92585.1171875
95012.25
98832.2421875
103297.640625
107240.1953125
110592.234375
113763.8828125
116769.4296875
119993.5390625
123189.9921875
126092.078125
129355.8671875
132463.59375
134610.078125
134012.1875
133502.609375
132964.25
132383.640625
131726.875
131043.8125
130292.453125
129490.21875
128724.1015625
127848.4140625
127004.703125
126178.8125
125414.6875
124652.015625
123899.8046875
123182.2578125
122466.75
121797.4921875
121162.453125
120572.265625
120064.734375
119527.6484375
118983.8828125
118444.34375
117939.140625
117414.4296875
116882.1015625
116381.0390625
115860.671875
115383.4609375
114909.2578125
114448.4921875
114042.109375
113625.6875
113259.1875
112949.6640625
112794.09375
112666.296875
112521.703125
112374.1640625
112218.46875
112063.046875
112063.3359375
111921.65625
111752.25
111545.0625
111339.2734375
111270.90625
111195.9453125
111045.953125
110852.3828125
110647.71875
110429.90625
110217.5703125
109998.265625
