25400.0
25400.0
25400.0
25400.0
25400.0
25400.0
25400.0
25400.0
25400.0
25400.0
25400.0
25400.0
25400.0
25400.0
25400.0
25400.0
25400.0
25400.0
25400.0
25400.0
25400.0
25400.0
25400.0
25400.0
25400.0
25400.0
25400.0
25400.0
25400.0
25400.0
25400.0
25400.0
25400.0
25400.0
25400.0
25400.0
25400.0
25400.0
36197.203125
52130.65625
64196.8984375
73092.8984375
80033.03125
86233.3828125
92682.4375
98086.890625
102773.875
106764.6875
110155.296875
113205.0
115759.9765625
118226.9609375
119324.203125
119277.7421875
119216.4375
119048.6484375
118711.3046875
118265.21875
117664.1640625
116984.1875
116289.5
115579.1015625
114908.828125
114315.1171875
113761.109375
113282.828125
112750.3203125
112344.4921875
111931.0234375
111507.1796875
111047.421875
110576.453125
110121.6796875
109652.40625
109191.65625
108716.2109375
108253.515625
107852.453125
107428.515625
107032.09375
106631.71875
106254.578125
105881.6171875
105528.3984375
105207.9609375
104921.7109375
104671.78125
104436.2265625
104225.921875
104085.859375
103992.4765625
103932.8125
103906.59375
103970.125
104070.46875
104178.2109375
104280.8046875
104331.015625
104373.2421875
104436.3984375
104525.9453125
104589.34375
104640.2734375
104681.765625
104740.75
104786.3515625
104828.0
104864.375
104890.9921875
105075.8671875
105371.9453125
105636.9609375
105936.921875
106270.71875
106680.765625
107060.2890625
107421.4765625
107739.1640625
108034.375
108296.96875
108523.7109375
108729.6796875
108905.203125
109062.03125
