25400.0
24941.619140625
24876.923828125
24996.208984375
22689.9296875
21676.900390625
21604.73046875
22065.244140625
23461.56640625
24519.162109375
24784.259765625
24838.62890625
24879.787109375
26008.65234375
31521.140625
44278.53125
56930.01953125
68934.7109375
77853.4375
84364.0078125
90064.7578125
93856.546875
96318.1328125
97826.59375
98985.390625
99523.6875
99608.5390625
99656.09375
99643.0
99597.2421875
99566.796875
99470.1484375
99317.0625
99155.1015625
98962.8671875
98760.703125
98549.9375
98354.484375
98411.96875
98456.1640625
98514.1640625
98534.609375
98511.7265625
98472.6796875
98416.234375
98351.171875
98276.8984375
98204.34375
98126.59375
98039.375
97947.125
97845.3984375
97745.3125
97641.890625
97556.1640625
97486.3359375
97411.265625
97327.125
97237.234375
97154.1640625
97063.3203125
96973.5859375
96966.640625
96994.3671875
97017.8125
97038.8046875
97048.578125
97055.65625
97062.609375
97072.3203125
97083.265625
97096.3984375
97132.9140625
97151.6875
97161.09375
97165.9609375
97169.1328125
97179.4765625
97216.2109375
97260.125
97322.34375
97390.71875
97467.0546875
97529.4921875
97595.3046875
97650.765625
97690.6328125
97726.734375
97804.90625
97927.28125
98060.4609375
98168.5625
98270.46875
98351.0859375
98433.84375
98532.3671875
98638.6171875
98746.1796875
98856.09375
98991.0390625
99127.703125
99288.71875
99431.4921875
99543.28125
99648.9765625
99721.5390625
99778.9609375
99838.2265625
99904.9765625
99994.5078125
100151.6640625
100298.6796875
100410.9609375
100498.9140625
100563.3203125
100607.7890625
100641.2578125
100657.8203125
100663.6484375
100661.4609375
100647.0390625
100616.8046875
100610.609375
100626.328125
100640.4765625
100664.453125
