25400.0
25400.0
25400.0
25264.275390625
25006.31640625
24766.62890625
24691.841796875
24726.80078125
24818.07421875
24849.19921875
24860.32421875
24865.716796875
24869.474609375
24872.705078125
24875.939453125
24878.9453125
24881.955078125
24884.806640625
24887.240234375
24889.728515625
24892.142578125
24896.302734375
24898.837890625
24900.953125
24902.703125
24904.205078125
24905.70703125
24907.11328125
24908.25390625
24909.03515625
24909.76171875
24909.02734375
24906.44140625
24904.4609375
27407.83203125
36117.546875
46817.671875
53822.55078125
58776.91796875
62865.2890625
66861.2890625
70708.9453125
74118.7265625
77956.765625
82130.9921875
86265.5234375
89865.15625
93211.4140625
96323.4375
99168.8359375
101888.7109375
104420.109375
107086.84375
109910.46875
112442.4453125
115147.7421875
117686.953125
120191.4765625
122497.453125
124755.5703125
126889.8359375
128861.3359375
128634.21875
128008.078125
127549.3515625
127108.1015625
126670.8515625
126149.0390625
125611.9140625
125017.8515625
124411.7421875
123788.4296875
123157.4765625
122542.09375
121906.5
121293.3828125
120663.640625
120117.9453125
119660.3515625
119144.4296875
118641.5859375
118122.21875
117604.5078125
117059.734375
116530.515625
116030.5703125
115533.6484375
115060.78125
114688.078125
114235.0703125
113794.0859375
113305.71875
112843.25
112388.8203125
111977.0703125
111565.5625
111203.375
110927.5546875
110830.390625
110661.828125
110481.078125
110303.359375
110143.5859375
109969.1640625
109811.40625
109670.8984375
109674.0234375
109722.953125
109806.40625
109811.9140625
109795.7890625
109738.3125
109633.6484375
109492.875
109397.984375
109323.984375
109256.2890625
109184.046875
109145.3515625
109144.71875
109179.6953125
109208.625
109170.7109375
109079.6953125
108947.1015625
