25400.0
25400.0
25400.0
25400.0
25400.0
25400.0
25400.0
25400.0
25400.0
25400.0
25400.0
25400.0
25400.0
25400.0
25400.0
25400.0
25400.0
25400.0
38056.109375
57039.265625
72555.9453125
84799.6171875
95062.09375
103367.0546875
108901.765625
113576.125
117367.109375
120685.21875
123725.421875
125923.1015625
127823.625
129274.40625
130568.1796875
131712.515625
132954.234375
134231.828125
138144.59375
139260.078125
140164.984375
138483.53125
134356.296875
131478.75
128593.796875
126116.234375
124251.96875
122830.6328125
121742.546875
120889.78125
120256.0390625
119770.671875
119529.4765625
119697.8984375
120173.6328125
120607.453125
121134.0625
121511.6015625
121867.7578125
122209.4609375
122618.4296875
122978.890625
123270.1484375
123457.8359375
123454.2421875
123382.2109375
123252.0859375
123098.0625
122862.1171875
122708.6640625
122621.359375
122474.265625
122279.109375
122032.7890625
121805.8359375
121558.0625
121234.390625
120905.234375
120525.3125
120091.8984375
119602.5234375
119145.09375
118691.5078125
118244.5234375
117775.5625
117276.9296875
116808.546875
116318.7890625
115834.1875
115321.0703125
114816.6484375
114390.4921875
113897.65625
113397.3046875
112848.6640625
112324.0703125
111795.46875
111285.2890625
110805.765625
110324.25
109873.265625
109424.0546875
109018.28125
108687.7734375
108323.546875
107982.6953125
107641.015625
107320.1015625
107001.90625
106694.8046875
106405.4296875
106117.59375
105837.5234375
105559.2890625
105310.0703125
105111.203125
104974.6015625
104942.6328125
104965.265625
104981.9375
104988.2734375
105073.65625
105164.390625
105266.078125
105352.875
105430.1328125
