25400.0
25400.0
25396.671875
24802.953125
24696.349609375
24636.099609375
24407.732421875
24341.578125
24323.70703125
24320.98828125
24323.25390625
24327.107421875
24331.2265625
24335.505859375
24339.53125
24343.58984375
24347.587890625
24351.212890625
24355.57421875
24362.984375
24372.181640625
24383.0
24395.083984375
24407.96875
24421.548828125
24436.935546875
24453.90625
24476.18359375
24523.26953125
25778.98828125
29460.05859375
36948.66015625
45637.328125
51732.36328125
55493.40234375
58814.66015625
62172.44921875
65109.7890625
67888.125
70532.125
73051.125
75509.21875
78122.40625
80598.8125
82980.9765625
84061.6953125
84761.1640625
85198.8359375
85786.1328125
86297.6171875
86828.5859375
87552.4765625
88101.6484375
88615.0
89195.5703125
89740.3046875
90239.6328125
90680.375
91113.9453125
91541.71875
91960.4765625
92386.4296875
92781.796875
93159.640625
93499.2578125
93761.1875
94003.890625
94214.671875
94424.84375
94610.828125
94793.8515625
94970.328125
95166.40625
95392.1953125
95601.5234375
95804.8203125
95995.0
96154.796875
96328.5390625
96481.078125
96638.7265625
96795.421875
96952.5625
97100.625
97232.1953125
97349.8671875
97443.765625
97524.6484375
97600.75
97685.296875
97781.0625
97860.09375
97925.1171875
97973.3359375
98010.3515625
98035.6015625
98052.9375
98065.5859375
98068.3203125
98062.1171875
98047.171875
98027.7109375
98006.0703125
97984.640625
97968.828125
97957.5703125
97941.8671875
97919.9375
97893.015625
97860.234375
97832.875
97817.8359375
97815.0390625
97821.5625
97840.875
97867.953125
97909.21875
97951.28125
98004.9609375
98064.6484375
98124.8125
98186.8671875
98244.609375
98307.59375
