25400.0
25400.0
25232.552734375
24542.365234375
24644.533203125
23965.546875
23756.15234375
23596.775390625
23562.595703125
23559.18359375
23562.92578125
23569.21484375
23576.990234375
23586.8203125
23600.001953125
23617.5
23644.533203125
23676.779296875
23719.9765625
23799.763671875
23908.927734375
24080.796875
24418.990234375
24752.294921875
24921.533203125
25002.90234375
25021.52734375
25340.142578125
26555.9921875
29784.46484375
35161.55859375
42945.03515625
51782.50390625
62066.79296875
73247.171875
83036.9921875
91879.4453125
100031.671875
107805.125
114573.90625
116870.390625
118830.4140625
120156.9140625
121065.265625
121502.6015625
121660.75
121618.125
121374.109375
120951.5234375
120449.0078125
119822.828125
119209.1171875
118580.03125
117955.8671875
117380.0546875
116738.0859375
116121.2578125
115483.6015625
114835.9453125
114137.1875
113418.140625
112714.8515625
111998.2890625
111319.546875
110634.828125
109973.53125
109395.265625
108778.4765625
108207.3828125
107652.3203125
107135.8359375
106624.1953125
106139.9296875
105709.8046875
105285.4140625
104922.109375
104595.625
104297.5859375
104040.9609375
103770.453125
103520.3046875
103277.3671875
103053.203125
102834.828125
102629.078125
102460.2421875
102328.6953125
102254.84375
102249.7265625
102218.0625
102182.3359375
102138.1328125
102092.3828125
102042.8515625
101991.390625
101936.546875
101900.96875
101870.0078125
101830.5234375
101777.15625
101681.28125
101674.375
101608.5625
101500.546875
101401.546875
101278.6796875
101134.6171875
101005.2578125
100911.046875
100839.859375
100760.640625
100676.484375
100583.7265625
100486.5625
100398.3203125
100298.640625
100200.140625
100084.3125
99963.9453125
99924.65625
99988.3984375
100035.15625
100033.0234375
99992.078125
99925.296875
