25400.0
25400.0
24449.466796875
24391.0625
22550.0859375
21219.62109375
20611.037109375
20583.509765625
20994.716796875
21570.873046875
22377.119140625
23836.19140625
24477.36328125
24634.236328125
24660.8671875
24664.404296875
24672.009765625
24694.09375
24720.330078125
24747.537109375
24770.529296875
24804.869140625
24835.693359375
24860.802734375
24877.833984375
24889.435546875
24896.345703125
24902.60546875
24934.00390625
25144.43359375
25650.63671875
27628.1875
32510.916015625
39871.0
46740.94140625
52779.96484375
57351.71484375
59898.1640625
62142.71484375
64209.5546875
66164.0
68234.8046875
70000.90625
71753.703125
73164.84375
74437.03125
75705.1328125
76998.7890625
78244.25
79418.8984375
80744.203125
82004.59375
83235.3828125
84387.375
85361.1953125
86416.6640625
87409.796875
88337.8359375
89142.25
89887.8359375
90622.1484375
91327.015625
91984.625
92572.0546875
93191.671875
93828.2109375
94347.9609375
94869.546875
95357.328125
95826.9453125
96249.3203125
96656.765625
97048.375
97414.9609375
97772.9140625
98101.1796875
98424.5390625
98736.5234375
99004.9296875
99286.265625
99560.2421875
99878.953125
100203.0546875
100499.9453125
100773.9765625
101005.8359375
101193.8671875
101368.1171875
101542.8984375
101705.6796875
101836.8515625
101969.0
102076.296875
102166.5546875
102235.671875
102412.5234375
102649.0078125
102863.5703125
103115.1015625
103338.921875
103546.0
103735.2421875
103896.7734375
104065.03125
104221.1328125
104372.9921875
104508.859375
104635.515625
104756.2265625
104875.296875
105006.1875
105137.0859375
105278.296875
105418.546875
105533.4375
105645.0390625
105743.515625
105838.875
105937.859375
106041.1328125
106136.609375
106221.515625
106299.9609375
106362.0
106405.8828125
