25400.0
25363.080078125
24504.939453125
23541.7265625
22243.8515625
22259.017578125
22870.37109375
23022.23828125
23737.365234375
24583.849609375
24808.23828125
24855.701171875
24879.814453125
24911.74609375
24962.302734375
25891.310546875
30081.44921875
39423.2890625
53771.5
64067.46484375
68820.03125
72211.078125
75050.5859375
77605.625
79548.5390625
81408.0078125
82871.671875
84056.1875
85050.3671875
85822.3515625
86703.734375
87635.578125
88503.3203125
89190.921875
89763.984375
90252.4609375
90696.953125
91157.3515625
91594.96875
92061.2578125
92543.2265625
93052.7421875
93602.875
94155.6171875
94751.171875
95240.484375
95669.375
95964.953125
96256.59375
96573.265625
96816.0234375
96924.546875
96972.7265625
96980.3671875
96966.5546875
96973.125
97050.125
97138.9140625
97241.46875
97556.625
97810.21875
97986.1484375
98198.6875
98628.1953125
99050.75
99408.2109375
99739.8671875
99988.0625
100237.4140625
100460.8203125
100662.6640625
100848.7109375
101040.3046875
101251.578125
101461.4375
101681.9609375
101906.703125
102091.7109375
102245.3125
102386.890625
102476.1015625
102528.0
102549.578125
102541.3984375
102515.921875
102470.484375
102408.46875
102331.4921875
102243.6953125
102159.2734375
102083.6875
102022.28125
101961.53125
101898.625
101828.0703125
101752.8359375
101680.3828125
101605.46875
101536.2578125
101476.4609375
101421.4453125
101375.6640625
101327.8203125
101281.2109375
101230.7109375
101178.234375
101118.9609375
101054.6796875
101011.125
101016.796875
101060.2421875
101114.6796875
101165.6328125
101200.5625
101230.0859375
101241.3125
101283.171875
101329.4375
101377.46875
101418.2421875
101449.453125
101473.640625
101488.7265625
101497.7734375
