25400.0
25400.0
25400.0
25332.724609375
25134.220703125
25092.18359375
25092.18359375
25092.18359375
25092.18359375
25092.18359375
25092.18359375
25092.18359375
25092.18359375
25092.18359375
25092.18359375
25092.18359375
25092.18359375
25131.48046875
25158.54296875
25169.458984375
25173.83203125
25176.048828125
25177.412109375
25178.54296875
25179.537109375
25180.359375
25180.9453125
25181.611328125
25182.2109375
25182.45703125
25181.974609375
25180.021484375
25177.650390625
27650.26171875
34023.34765625
41325.8203125
47267.61328125
52269.390625
57786.3203125
63128.76953125
68013.7890625
72170.53125
75853.484375
79606.625
82924.703125
86104.75
89210.296875
92569.0078125
95758.6484375
98719.1875
101599.84375
104389.1640625
107117.2578125
109705.9375
111391.5
113461.9296875
115359.5
117782.65625
120294.578125
122842.1796875
125774.171875
128660.0625
131233.265625
133407.53125
135407.453125
137346.953125
139261.5
141607.703125
143996.109375
146194.515625
144674.03125
143312.1875
141989.25
140710.890625
139310.984375
138023.828125
136674.09375
135153.78125
133800.28125
132323.546875
130934.1640625
129555.4296875
128280.7890625
127025.5390625
125839.59375
124896.5390625
124131.875
123551.3203125
122810.109375
122228.6171875
121768.28125
121226.5078125
120681.90625
120136.8359375
119682.140625
119310.640625
119113.8671875
119012.8671875
118915.8828125
118767.4765625
118651.359375
118538.9609375
118453.1796875
118357.4140625
118282.984375
118221.8671875
118180.2734375
118163.765625
118187.609375
118253.515625
118340.015625
118429.1953125
118522.7578125
118645.5546875
118798.8984375
118884.7890625
118939.0625
118992.9140625
119041.765625
119086.6875
119126.25
119150.640625
119162.265625
119160.765625
119147.4140625
