25400.0
25400.0
25248.830078125
24533.53125
24401.76953125
24273.55078125
24251.3203125
24247.220703125
24246.828125
24248.21875
24250.205078125
24252.205078125
24254.21484375
24256.107421875
24257.900390625
24260.603515625
24264.318359375
24267.76171875
24271.904296875
24276.58203125
24283.544921875
24300.390625
25091.419921875
32884.2109375
45281.26171875
54708.2734375
62957.078125
70839.9296875
75612.5703125
78808.8046875
81891.234375
84029.8203125
86048.296875
87930.2578125
89622.0078125
91116.0546875
92449.125
93796.25
95038.890625
96377.8359375
97559.7109375
98613.0859375
99416.4609375
100006.7578125
100599.390625
101107.15625
101524.2109375
101901.25
102310.4765625
102694.359375
102993.7109375
103229.3359375
103403.90625
103570.3671875
103720.09375
103836.7734375
103949.0
104039.671875
104210.5078125
104749.34375
105227.421875
105643.8671875
105995.3515625
106304.8046875
106560.5234375
106804.9296875
107020.1875
107176.5234375
107274.640625
107386.15625
107457.421875
107466.3359375
107442.6171875
107419.265625
107379.1328125
107310.3828125
107231.453125
107124.9453125
107046.5078125
106984.84375
106920.28125
106847.0546875
106756.453125
106658.5859375
106555.8984375
106460.5
106384.9375
106324.8515625
106280.6796875
106235.0
106176.5625
106107.25
105990.5859375
105850.8515625
105690.015625
105525.6484375
105360.2890625
105271.53125
105228.1875
105168.5859375
105110.3515625
105047.296875
104971.2734375
104890.7421875
104789.7421875
104684.46875
104568.109375
104440.6328125
104311.8046875
104187.0078125
104070.015625
103957.171875
103851.9609375
103750.2265625
103655.8671875
103578.3671875
103499.75
103434.1640625
103400.8984375
103398.5234375
103349.8984375
103309.03125
103283.6015625
103274.890625
103279.2890625
103280.078125
