25400.0
25400.0
25400.0
25400.0
25400.0
25400.0
25400.0
25400.0
25400.0
25400.0
25400.0
25400.0
25400.0
25400.0
25400.0
25400.0
25400.0
25400.0
26808.37109375
47241.6640625
65055.40625
78391.4453125
89452.46875
100335.125
109130.8046875
116317.609375
122337.265625
126954.1328125
130522.9453125
128540.3359375
126674.4140625
124695.296875
122865.875
121065.2421875
119409.3125
117823.7421875
116365.3828125
115057.25
113878.84375
112905.9140625
112016.921875
111287.6640625
110562.6328125
109718.8046875
108925.8984375
108182.515625
107545.125
106954.40625
106489.8359375
106044.75
105605.1796875
105381.28125
105275.2265625
105339.640625
105482.171875
105570.6875
105574.1484375
105594.3984375
105697.3046875
105922.4296875
106138.3515625
106315.75
106398.5
106384.078125
106322.953125
106255.7578125
106245.015625
106282.25
106315.125
106312.453125
106272.0390625
106181.8203125
106094.0234375
106074.3671875
106107.484375
106441.71875
106788.0703125
107104.28125
107373.2890625
107665.796875
107960.1953125
108269.4375
108559.03125
108842.7890625
109114.34375
109367.546875
109619.5390625
109855.75
110092.3359375
110315.7890625
110505.8828125
110672.8515625
110810.9921875
110942.28125
111061.4296875
111197.7265625
111386.3203125
111562.78125
111715.4140625
111834.703125
111934.3046875
112024.4140625
112082.7421875
112121.90625
112140.3046875
112142.4609375
112131.359375
112103.0546875
112069.6015625
112031.953125
111984.28125
111981.40625
112014.203125
112144.3984375
112230.421875
112272.2890625
112290.96875
112294.6640625
112285.046875
112265.1484375
112233.6328125
112193.609375
112141.046875
112075.5859375
111991.640625
