25400.0
25400.0
25400.0
25400.0
25400.0
25400.0
25400.0
25400.0
25400.0
25400.0
25400.0
25400.0
25400.0
25400.0
25400.0
25400.0
25400.0
25400.0
25400.0
25400.0
25400.0
25400.0
34627.37109375
49177.2890625
60423.15234375
70394.9140625
77802.5390625
84038.1015625
89068.640625
92941.796875
96656.4765625
99778.1953125
102573.6484375
104998.8046875
107151.203125
109107.546875
110510.8984375
111739.828125
113106.65625
114412.8203125
115870.234375
116980.578125
117783.4921875
118318.328125
118613.9296875
119043.984375
119693.5078125
121064.9609375
123543.4296875
127042.65625
131587.859375
136772.34375
142235.34375
149423.046875
156141.421875
161499.5
171074.046875
179610.859375
175265.015625
173080.09375
171138.359375
169418.359375
167720.40625
165740.53125
163732.3125
162328.265625
160608.265625
159069.0625
157518.140625
156056.625
154506.515625
152956.671875
151481.34375
150222.515625
148730.15625
147137.484375
145546.75
143978.015625
142440.296875
141145.25
139687.90625
138186.671875
136636.90625
135127.484375
133679.25
132187.734375
130742.546875
129266.609375
127845.5859375
126579.3671875
125236.3828125
123996.3125
122800.7734375
121675.78125
120536.4765625
119438.359375
118410.734375
117391.65625
116455.1640625
115544.484375
114689.078125
113958.6015625
113199.0234375
112506.84375
111837.71875
111231.3359375
110642.203125
110086.921875
109578.1484375
109081.375
108630.1796875
108191.7109375
107779.1953125
107425.1015625
107058.6328125
106725.8828125
106402.203125
106107.1953125
105821.171875
105549.171875
105296.359375
105053.734375
104839.9296875
104637.875
