25400.0
25400.0
25400.0
25400.0
25400.0
25400.0
25400.0
25400.0
25400.0
25400.0
25400.0
25400.0
25400.0
44092.98046875
71037.65625
95059.6796875
113068.2421875
126464.4140625
138401.46875
143707.375
139310.453125
134943.046875
130613.734375
126887.4453125
123647.0234375
120519.234375
117758.0859375
115161.4921875
112792.8359375
111118.75
109478.5859375
108834.078125
108403.0390625
108032.171875
107650.78125
107550.7734375
107652.1796875
107648.640625
107600.921875
107644.4453125
107742.921875
107867.71875
108048.3515625
108279.5859375
108626.25
108872.1015625
109061.0703125
109197.828125
109298.1015625
109413.7890625
109501.6171875
109568.28125
109634.53125
109700.40625
109731.796875
109692.7734375
109639.09375
109519.6171875
109353.34375
109167.734375
108977.0703125
108768.5703125
108548.3828125
108247.953125
107995.3203125
107791.53125
107601.6640625
107443.9921875
107295.234375
107161.3671875
107023.0
106889.3515625
106760.1640625
106628.109375
106504.78125
106380.6953125
106257.9296875
106145.265625
106017.28125
105887.46875
105761.546875
105674.640625
105612.7734375
105554.6953125
105495.4765625
105430.3515625
105359.84375
105281.484375
105199.9921875
105123.046875
105021.09375
104921.9609375
104813.3984375
104746.765625
104727.8046875
104717.2734375
104766.2265625
104835.1953125
104885.5078125
104924.2265625
104951.6796875
104970.0625
104983.8046875
104991.3671875
104994.5390625
104989.1640625
104981.4765625
104971.4453125
104955.5390625
104939.6171875
104923.1015625
104907.234375
104891.6171875
104878.078125
104864.203125
104849.9375
104833.890625
104816.2578125
104796.2421875
104774.78125
104753.4609375
104730.9140625
104708.0625
104682.0078125
