25400.0
25400.0
25400.0
25400.0
25400.0
25400.0
25400.0
25400.0
25400.0
25400.0
25400.0
25400.0
25400.0
25400.0
25400.0
25400.0
25400.0
25400.0
25400.0
25400.0
25400.0
25400.0
25400.0
25400.0
25400.0
25400.0
25400.0
25400.0
25400.0
25400.0
25400.0
25400.0
25400.0
25400.0
25400.0
25400.0
25400.0
25400.0
25400.0
25400.0
25400.0
25400.0
25400.0
25400.0
25400.0
25400.0
26939.783203125
36609.48828125
47240.25
54617.4375
59773.53125
64861.91015625
69968.3515625
74192.6484375
77718.4765625
81251.3046875
84304.2109375
86789.4765625
88927.875
90965.2578125
92796.859375
94442.6171875
96026.953125
97455.40625
98830.53125
100118.8125
101220.78125
102393.6640625
103657.3671875
104887.0234375
106004.171875
107136.4375
108258.0390625
109308.203125
110352.0078125
111308.6328125
112292.7109375
113461.2109375
114696.703125
116207.25
117751.796875
119372.7578125
120964.9921875
122645.453125
124421.1015625
126454.953125
129417.65625
132371.703125
135323.5
138207.25
140781.15625
143615.96875
146454.296875
149341.9375
151991.609375
154715.546875
157363.359375
159861.546875
162637.484375
165795.8125
168982.53125
172037.609375
174611.203125
179966.171875
184188.8125
186676.90625
188862.4375
190527.6875
190649.984375
187276.515625
184522.09375
182249.765625
180214.5
178603.53125
177395.984375
177001.515625
176915.5625
176834.859375
176725.375
176552.453125
176246.796875
175893.703125
175488.984375
174952.921875
174158.5
