25400.0
25400.0
25400.0
25174.8828125
25174.8828125
25174.8828125
25174.8828125
25174.8828125
25174.8828125
25174.8828125
25174.8828125
25174.8828125
25174.8828125
25174.8828125
25174.8828125
25174.8828125
41856.0859375
59804.0
78865.296875
93729.9453125
99875.1875
103740.796875
106195.640625
107775.34375
108577.203125
108996.953125
109028.6953125
108900.828125
108622.8203125
108279.84375
107747.7890625
107241.796875
106701.125
106175.8984375
105623.203125
105040.4609375
104496.0859375
103919.34375
103357.265625
102780.671875
102273.015625
101833.78125
101347.90625
100902.3515625
100451.9609375
100000.2109375
99624.296875
99430.390625
99177.28125
98943.7734375
98679.4765625
98714.515625
98901.7734375
99516.3125
100315.5234375
101180.703125
102044.0078125
102858.5
103516.5234375
104123.5390625
104582.9609375
104925.4296875
105170.8515625
105363.4765625
105540.1328125
105675.2265625
105796.046875
105876.0546875
105912.609375
105966.4140625
105978.9921875
105896.59375
105796.5390625
105682.0703125
105566.7578125
105468.640625
105347.265625
105251.7734375
105165.703125
105040.265625
104917.9375
104827.921875
104861.109375
104931.265625
104993.7890625
105027.6171875
105035.421875
105110.375
105151.1484375
105184.953125
105223.5
105257.953125
105283.65625
105251.328125
105219.015625
105215.1875
105236.734375
105262.84375
105274.140625
105289.1640625
105324.7265625
105405.3125
105401.9453125
105365.359375
105332.578125
105315.203125
105315.1015625
105339.890625
105371.046875
105401.375
105429.234375
105500.1484375
105575.5234375
105625.546875
105654.3515625
105661.1796875
105656.1640625
105741.125
106074.75
106394.765625
106658.953125
106891.6328125
107087.59375
107266.1328125
