25400.0
24899.423828125
22834.3984375
21692.451171875
21439.1640625
21702.578125
22175.416015625
23308.66015625
24169.4375
24181.009765625
24200.150390625
24233.904296875
25594.1484375
32880.890625
44813.890625
54180.36328125
64700.59375
73178.1640625
79489.28125
84840.3046875
88831.484375
91958.8671875
94565.8359375
96737.3828125
98399.0
99583.5859375
100488.34375
101202.578125
102129.5078125
102754.8203125
103166.9609375
103509.34375
103662.59375
103694.2421875
103682.265625
103662.484375
103594.109375
103476.21875
103329.34375
103198.078125
103063.65625
102906.65625
102753.6796875
102506.625
102213.8515625
101905.6484375
101615.3359375
101363.1796875
101131.578125
100922.0234375
100766.8828125
100681.0078125
100579.125
100454.265625
100354.1875
100225.34375
100081.90625
99925.953125
99775.703125
99625.953125
99486.6796875
99367.7421875
99251.6640625
99142.234375
99035.3828125
98933.8203125
98844.9921875
98753.0078125
98667.75
98583.9609375
98511.3984375
98440.265625
98364.859375
98293.3125
98220.2265625
98155.265625
98092.6640625
98034.8671875
97988.578125
97940.21875
97893.671875
97848.46875
97812.859375
97785.0078125
97765.6015625
97751.546875
97749.1953125
97753.1953125
97756.015625
97756.7734375
97762.171875
97762.53125
97753.6015625
97733.5546875
97706.3515625
97672.765625
97635.4921875
97592.3671875
97547.21875
97517.0
97531.578125
97595.609375
97698.7890625
97800.9296875
97883.8515625
97951.0546875
98003.6875
98067.15625
98226.796875
98493.140625
98730.390625
98922.0234375
99090.4375
99236.765625
99382.171875
99549.2265625
99697.1171875
99829.0625
99933.9453125
100021.625
100089.3046875
100132.609375
100171.859375
100206.234375
100237.671875
