25400.0
25400.0
25400.0
25400.0
25400.0
25400.0
25400.0
25400.0
25400.0
25400.0
25400.0
25400.0
25400.0
25400.0
25400.0
25400.0
25400.0
25400.0
25400.0
25400.0
25400.0
25400.0
25400.0
25400.0
25400.0
25400.0
25400.0
25400.0
25400.0
28901.28515625
45336.18359375
59387.99609375
69397.484375
76949.9375
84753.890625
92212.734375
98477.3671875
103678.9453125
107629.171875
111068.8828125
114061.9765625
116454.0859375
118750.7734375
120770.171875
122857.6953125
124800.9453125
126600.0
128221.0703125
129803.296875
131535.375
133164.90625
134657.015625
135974.234375
137084.734375
138218.40625
139236.453125
140219.296875
138709.640625
136393.015625
134298.484375
132053.828125
129933.828125
128068.8046875
126378.8671875
124823.8984375
123499.6484375
122054.8203125
120812.8984375
119610.59375
118443.7734375
117279.109375
116451.4296875
115942.3046875
115419.0078125
114794.953125
114136.3671875
113540.3046875
113035.5
112573.6171875
112297.03125
112163.0546875
112322.6953125
112451.2890625
112497.8671875
112545.1484375
112680.390625
112894.3359375
113157.8671875
113429.9375
113780.421875
114273.265625
114695.6796875
115079.46875
115429.4375
115764.3046875
116076.6875
116362.3515625
116654.5703125
116967.359375
117322.3671875
117684.5859375
117960.578125
118171.265625
118375.6171875
118590.2578125
118792.3984375
118984.390625
119134.8671875
119232.7890625
119290.3125
119311.3515625
119307.34375
119281.2421875
119282.0625
119273.4140625
119247.5625
119180.8515625
119096.2265625
118997.3046875
118820.3828125
118624.1796875
118427.2890625
118246.0703125
118073.1953125
