25400.0
25400.0
24689.5390625
25270.826171875
24006.1796875
21965.56640625
21616.013671875
22012.2265625
22678.412109375
23457.6015625
24298.77734375
24680.701171875
24792.53515625
24822.06640625
24834.619140625
24847.1640625
24861.072265625
24872.7578125
24881.861328125
24885.962890625
24958.890625
25560.27734375
27511.4296875
32528.904296875
39889.99609375
50152.71875
57017.01953125
64486.48046875
70460.7421875
75020.8125
79439.671875
83241.0234375
86773.3828125
89777.359375
92275.375
94222.109375
95700.296875
96869.296875
97793.453125
98550.984375
99166.1484375
99625.921875
100059.3828125
100405.3046875
100560.078125
100574.90625
100535.8359375
100472.3828125
100453.5625
100416.7734375
100349.6953125
100268.609375
100173.53125
100124.3046875
100077.7265625
100031.4140625
99972.1640625
99869.375
99766.3203125
99666.203125
99570.2734375
99466.9921875
99362.890625
99248.296875
99130.7890625
99022.1796875
98900.9921875
98784.5390625
98667.3203125
98556.5234375
98480.5703125
98508.3125
98521.234375
98528.9609375
98536.5625
98565.828125
98591.6328125
98606.0078125
98610.234375
98604.8515625
98587.90625
98567.1484375
98542.25
98514.8046875
98485.3203125
98452.765625
98418.6796875
98382.6171875
98343.2109375
98307.8984375
98268.75
98229.8203125
98190.0859375
98150.046875
98105.859375
98059.765625
98011.921875
97961.265625
97911.5859375
97859.515625
97806.7578125
97758.671875
97705.78125
97656.1640625
97604.9765625
97556.3828125
97516.0
97479.765625
97447.890625
97412.3671875
97374.2265625
97333.1796875
97292.8984375
97255.734375
97214.796875
97174.984375
97133.5390625
97092.8203125
97050.5859375
97008.15625
96967.625
96926.9765625
96914.796875
96930.1484375
