25400.0
25400.0
24692.197265625
24252.23828125
23879.408203125
23670.9453125
23603.392578125
23598.97265625
23604.470703125
23613.568359375
23643.326171875
23711.908203125
23883.953125
24281.814453125
26051.32421875
32703.751953125
47561.1953125
67906.6640625
90010.09375
108296.8828125
113630.296875
116730.8515625
117654.2109375
117369.625
116369.421875
115120.65625
113769.7421875
112239.921875
110605.0
109076.9609375
107633.296875
106362.078125
105339.0078125
104472.84375
103755.09375
103111.40625
102579.71875
102283.8125
102199.7734375
102074.2109375
101933.625
101824.8125
101634.328125
101414.953125
101116.71875
100868.8125
100640.8828125
100383.9296875
100124.28125
99980.3515625
99972.640625
99837.75
99631.5
99420.65625
99274.03125
99211.84375
99161.0546875
99081.9921875
98981.734375
98868.8046875
98761.984375
98678.296875
98615.4453125
98598.0390625
98622.15625
98617.7890625
98617.0703125
98619.4765625
98637.15625
98637.78125
98630.3828125
98622.9296875
98612.40625
98593.0
98578.53125
98566.1171875
98572.4453125
98610.8359375
98685.90625
98786.546875
98880.15625
98974.4453125
99057.4921875
99142.546875
99220.328125
99297.7890625
99387.4609375
99476.21875
99575.75
99691.046875
99852.0234375
100045.0703125
100248.578125
100530.421875
100784.625
101020.21875
101209.3203125
101379.15625
101548.3046875
101712.109375
101866.046875
101990.234375
102058.4453125
102090.65625
102103.2109375
102114.34375
102128.359375
102131.578125
102143.4609375
102178.0
102247.2109375
102322.4296875
102401.421875
102520.1015625
102897.1953125
103192.8203125
103393.4140625
103564.1875
103697.3828125
103806.5
103888.625
103951.8125
103998.9609375
104033.6953125
104056.5546875
104066.375
104066.140625
