25400.0
25400.0
25037.619140625
24475.1015625
23939.810546875
23444.3828125
23582.23828125
23579.125
23591.48046875
23613.4921875
23654.224609375
23735.1640625
23874.83203125
24458.240234375
24833.5
25785.16015625
29369.57421875
37719.8828125
50381.90234375
59983.84375
68869.75
76527.8984375
82620.4453125
87543.0078125
91329.0625
94482.3359375
96959.4375
99323.875
101201.0703125
102518.9609375
103544.0859375
104317.640625
104886.0625
105231.09375
105344.5078125
105320.40625
105191.0859375
105027.3359375
105123.375
105239.0390625
105293.375
105306.15625
105283.96875
105234.6328125
105100.25
104918.3984375
104700.0
104469.4296875
104235.2265625
103987.3515625
103735.1015625
103454.265625
103170.4765625
102958.84375
102717.921875
102475.796875
102224.1796875
101988.7265625
101797.265625
101633.6328125
101493.9765625
101416.8203125
101447.2265625
101492.34375
101512.703125
101504.9765625
101475.984375
101431.703125
101373.5703125
101308.15625
101236.40625
101162.3515625
101088.8359375
101011.6328125
100936.8203125
100860.4921875
100788.4765625
100728.984375
100663.6484375
100599.859375
100534.1171875
100474.765625
100411.109375
100347.0390625
100293.375
100235.15625
100176.0546875
100114.5234375
100053.78125
100000.21875
99943.0859375
99888.875
99831.9921875
99774.4765625
99721.171875
99668.0078125
99620.3671875
99574.28125
99531.6015625
99489.6328125
99449.671875
99404.1640625
99358.2109375
99314.6953125
99270.859375
99228.75
99186.09375
99143.34375
99103.4140625
99059.765625
99015.5234375
98968.1796875
98920.796875
98878.125
98831.5859375
98786.25
98739.0234375
98693.921875
98648.3046875
98603.96875
98562.3359375
98521.7734375
98483.6015625
98446.140625
