25400.0
25400.0
25400.0
25400.08984375
25178.21484375
25138.38671875
25138.38671875
25138.38671875
25138.38671875
25138.38671875
25138.38671875
25138.38671875
25138.38671875
25138.38671875
25138.38671875
25138.38671875
25138.38671875
25138.38671875
25138.38671875
25138.38671875
25138.38671875
25138.38671875
25138.38671875
25147.5546875
25159.46875
25161.943359375
25162.6328125
25162.900390625
25163.078125
25163.16796875
25163.189453125
25162.96484375
25162.158203125
25160.595703125
25158.94921875
25164.9765625
33387.671875
48567.73046875
60485.22265625
71283.015625
79633.203125
86608.625
93176.875
98280.3125
102150.9140625
105293.3203125
107919.6015625
109985.0
111514.59375
113095.5859375
114737.1171875
116572.9609375
118766.7421875
120592.328125
122324.8828125
123722.2265625
124878.7578125
125953.9375
126988.796875
127938.6875
128783.6640625
129584.296875
130283.09375
131089.625
131835.265625
132445.15625
133049.203125
133688.921875
134472.46875
135196.828125
135886.671875
137305.859375
137983.390625
135214.40625
132990.03125
130950.9453125
129189.2109375
127741.140625
126257.90625
124924.78125
123676.28125
122476.9453125
121142.8515625
119846.3125
118862.2421875
118065.703125
117594.921875
117004.0390625
116266.8359375
115532.765625
114709.28125
114013.7265625
113346.2421875
112749.9609375
112183.5546875
111639.671875
111200.46875
110841.5625
110518.5859375
110227.2265625
109943.34375
109678.5
109374.578125
109078.390625
108778.765625
108518.484375
108297.9765625
108120.046875
107995.234375
107892.3125
107803.1875
107786.78125
107820.140625
107938.7421875
108063.671875
108175.890625
108301.171875
108430.9765625
108571.4140625
108715.4609375
108857.8046875
109010.3828125
109166.3984375
109337.1875
