25400.0
25400.0
25400.0
25400.0
25400.0
25400.0
25400.0
25400.0
25400.0
25400.0
25400.0
25400.0
25400.0
25400.0
25400.0
25400.0
25400.0
45634.57421875
68421.859375
87538.140625
102711.0
115354.9296875
125918.2734375
134494.875
140710.734375
145027.046875
148084.03125
150282.625
151772.140625
152745.171875
155803.921875
156359.109375
147403.734375
142276.078125
137858.921875
134721.515625
132406.59375
130890.3203125
130667.4921875
130887.5546875
131449.765625
131935.859375
132311.75
132637.0625
132811.125
132821.734375
132566.84375
132163.53125
131580.53125
130783.2265625
129903.9453125
128908.515625
127833.359375
126833.6484375
125718.28125
124670.8671875
123636.46875
122686.9765625
121750.390625
120838.5078125
119999.234375
119169.0078125
118350.6015625
117564.65625
116833.796875
116203.7265625
115565.703125
114985.15625
114411.0078125
113875.984375
113347.90625
112842.2734375
112372.828125
111906.46875
111470.609375
111037.15625
110622.546875
110263.046875
109885.40625
109537.3515625
109202.7421875
108917.6484375
108705.0546875
108506.171875
108316.9375
108123.7734375
107930.5078125
107727.8984375
107516.2421875
107327.28125
107121.1640625
106900.609375
106699.7734375
106520.984375
106345.8046875
106181.1953125
106023.8671875
105855.6953125
105686.203125
105511.65625
105347.65625
105202.03125
105036.5703125
104867.671875
104686.8359375
104510.359375
104340.796875
104174.1171875
104025.9375
103886.7265625
103762.4453125
103642.1796875
103555.375
103575.9765625
103597.78125
103605.65625
103597.5703125
103597.6640625
103608.5546875
103610.1875
103606.1171875
103627.1953125
103648.6015625
103653.5078125
