25400.0
25400.0
24575.22265625
24963.859375
24497.6875
23682.84375
23482.4921875
23464.814453125
23490.001953125
23536.345703125
23618.462890625
23768.072265625
23967.35546875
24412.841796875
24830.162109375
25004.66796875
25062.32421875
25083.36328125
25101.1875
25134.26171875
25152.775390625
25159.615234375
25159.876953125
25281.1015625
26110.53515625
28781.189453125
34803.6640625
43260.66796875
53033.19140625
62320.69921875
71680.3515625
79028.1171875
86106.6328125
92234.359375
97370.921875
101633.5390625
104763.84375
105383.7109375
105925.609375
106314.21875
106499.9921875
106529.9609375
106236.6875
105789.484375
105265.0078125
104775.703125
104267.4296875
103763.296875
103325.0625
102882.1328125
102457.703125
102020.6953125
101575.6875
101195.4375
100793.4765625
100417.9296875
100061.2890625
99733.5
99398.0
99092.828125
98810.8203125
98531.4921875
98269.03125
98000.78125
97738.421875
97508.3671875
97262.703125
97033.859375
96803.734375
96597.3671875
96399.96875
96214.265625
96040.421875
95873.6640625
95746.6640625
95623.2890625
95498.0625
95412.2421875
95349.3046875
95306.109375
95293.7109375
95310.6328125
95366.96875
95452.09375
95555.1875
95715.765625
95943.8984375
96222.1328125
96520.7578125
96811.8125
97048.6875
97230.6015625
97346.7890625
97389.71875
97318.515625
97176.734375
97401.3203125
97679.4375
98254.421875
98859.84375
99335.59375
99665.09375
100117.5390625
100742.8359375
101275.1953125
101707.515625
102079.9921875
102407.921875
102709.40625
103062.109375
103358.5859375
103678.796875
103993.546875
104254.0
104511.8359375
104738.203125
104951.375
105155.234375
105355.6875
105538.765625
105695.6796875
105832.7265625
105954.1640625
106087.15625
