25400.0
25400.0
25400.0
25066.423828125
24756.623046875
24593.0390625
24672.142578125
24704.240234375
24709.521484375
24710.98046875
24712.423828125
24714.439453125
24716.69921875
24718.951171875
24721.310546875
24723.55859375
24725.828125
24727.978515625
24730.55078125
24733.84765625
24736.021484375
24737.859375
24739.54296875
24741.548828125
24744.548828125
24747.830078125
24751.49609375
24755.1796875
24763.61328125
25291.404296875
28985.45703125
36448.02734375
44866.05859375
54119.29296875
63266.09375
73383.953125
81856.65625
89258.9140625
96835.859375
103388.15625
109295.8828125
114731.3828125
118946.15625
120815.9453125
121096.484375
121212.90625
121156.703125
121016.7734375
120690.03125
120258.140625
119724.5234375
119136.375
118518.515625
117911.6953125
117369.84375
116779.4921875
116204.40625
115599.4140625
114971.171875
114291.203125
113613.359375
112996.125
112411.859375
111878.453125
111344.8359375
110829.53125
110453.9296875
110024.265625
109574.40625
109071.65625
108566.0390625
108046.3359375
107534.109375
107043.8515625
106545.6171875
106082.1484375
105638.578125
105228.4375
104902.265625
104590.375
104315.859375
104046.0546875
103815.5234375
103578.796875
103331.7109375
103086.3359375
102828.53125
102569.046875
102288.6015625
102015.6953125
101951.703125
102147.703125
102392.4765625
102885.0234375
103270.7109375
103648.859375
103969.90625
104236.859375
104471.484375
104678.9140625
104983.1953125
105293.8203125
105581.8828125
105714.125
105776.9296875
105820.15625
105802.765625
105838.859375
105849.8515625
105851.21875
105838.4609375
105811.8984375
105771.078125
105751.8671875
105716.515625
105657.4296875
105651.3515625
105694.5859375
105791.3671875
105864.3046875
105884.2421875
105861.75
105808.40625
105741.6328125
105729.4296875
