25400.0
25400.0
25400.0
25400.0
25400.0
25400.0
25400.0
25400.0
25400.0
25400.0
25400.0
25400.0
25400.0
25400.0
25400.0
25400.0
25400.0
25400.0
25400.0
25400.0
25400.0
25400.0
25400.0
25400.0
25400.0
25400.0
25400.0
25400.0
25400.0
25400.0
25400.0
25400.0
25400.0
35929.64453125
53830.21875
67750.140625
77069.7109375
82528.40625
86005.8359375
88595.6015625
90981.703125
93281.0546875
95795.3515625
98570.1875
101243.65625
103625.71875
105596.140625
107513.3828125
109556.390625
111415.546875
112967.3359375
114358.5078125
115609.6640625
116721.7890625
118024.515625
119419.0625
120819.6875
122094.2421875
123353.640625
124498.8046875
125528.3515625
126509.8203125
127318.640625
128072.953125
128787.59375
129611.8046875
130590.421875
131593.15625
132551.9375
133398.9375
134203.390625
135009.421875
136064.8125
138994.40625
139864.671875
140573.203125
141251.40625
141804.5
141737.609375
143496.6875
147498.4375
150944.65625
153991.578125
157499.15625
156003.03125
153340.609375
151342.53125
149659.6875
148193.765625
147054.75
145991.328125
145170.5
144733.65625
144685.25
144593.515625
144516.609375
144361.0
144148.40625
143977.765625
143798.203125
143422.0
143060.484375
142643.421875
142181.78125
141602.796875
140933.015625
140131.484375
139268.59375
138408.390625
137542.125
136727.625
135894.359375
135068.703125
134336.953125
133544.875
132826.84375
132102.84375
131408.1875
130698.875
129999.546875
129331.859375
128651.0703125
128021.8125
127379.6484375
