25400.0
25400.0
25400.0
25140.900390625
24951.494140625
24951.494140625
24951.494140625
24951.494140625
24951.494140625
24951.494140625
24971.021484375
24993.833984375
24999.02734375
25001.150390625
25003.5546875
25005.466796875
25006.64453125
25007.556640625
25008.46484375
25009.330078125
25010.13671875
25010.916015625
25011.541015625
25012.22265625
25012.8203125
25012.80859375
25011.7734375
25018.40625
29575.162109375
37474.47265625
44234.4765625
49754.12890625
55807.5546875
61180.8359375
66486.96875
71271.109375
76201.90625
81083.2109375
86165.5234375
91440.5234375
96595.3828125
101311.6953125
106624.484375
111611.96875
116676.3359375
121938.8984375
127393.6328125
132617.578125
136907.46875
136894.84375
137038.0
136811.515625
136042.390625
135155.578125
134114.921875
133159.046875
132049.5625
131149.125
130158.453125
129066.15625
127953.2421875
126780.796875
125690.953125
124600.921875
123569.921875
122641.8046875
121693.3359375
121163.3125
120669.5546875
120197.1171875
119731.1328125
119365.578125
119092.703125
118834.8203125
118628.0390625
118150.328125
117626.65625
117157.84375
116646.0625
116144.515625
115613.828125
115205.5078125
114924.9140625
114520.6796875
114034.734375
113498.015625
112987.9453125
112523.7578125
112212.7578125
111937.8046875
111634.578125
111355.7109375
111186.0546875
111066.8203125
110927.2578125
110755.4140625
110592.7265625
110402.203125
110241.859375
110097.4765625
109972.078125
109868.203125
109773.953125
109708.125
109662.359375
109634.625
109620.0859375
109616.4453125
109621.859375
109634.765625
109654.3671875
109679.0390625
109733.546875
109790.5
109837.015625
109863.4609375
109875.0625
109879.59375
109881.8125
109887.234375
109896.890625
109911.734375
109922.3359375
109929.9375
