25400.0
25400.0
25400.0
25400.0
25400.0
25400.0
25400.0
25400.0
25400.0
25400.0
25400.0
25400.0
25400.0
25400.0
25400.0
25400.0
25400.0
25400.0
25400.0
27410.966796875
48134.234375
67526.7578125
83723.9140625
96240.6328125
106740.0625
116096.015625
123722.25
129840.7578125
134526.78125
137729.84375
140593.03125
142910.125
144689.46875
146037.765625
147090.875
147926.109375
149187.21875
153021.109375
152738.640625
153389.1875
159981.953125
154443.625
150528.953125
148056.515625
146407.90625
145567.765625
144770.53125
143885.515625
142818.015625
141428.21875
139912.140625
138304.484375
136767.75
135475.40625
134069.3125
132732.75
131374.0625
130115.46875
128853.4765625
127643.546875
126518.4140625
125401.734375
124314.09375
123290.4921875
122324.484375
121486.46875
120597.265625
119770.2265625
118948.4453125
118181.0390625
117417.65625
116683.6015625
116000.09375
115328.9921875
114709.6015625
114094.9296875
113494.6875
112971.5390625
112398.640625
111867.8203125
111356.7890625
110881.3828125
110402.34375
109946.171875
109529.4765625
109121.2890625
108789.6953125
108465.4609375
108153.8671875
107886.484375
107610.8984375
107363.5
107127.4375
106916.515625
106716.1796875
106535.25
106379.8671875
106248.8203125
106190.7265625
106134.578125
106079.4375
106038.265625
105996.75
105968.921875
105906.2421875
105856.0703125
105816.1484375
105787.03125
105763.90625
105727.4140625
105685.5078125
105621.640625
105528.96875
105452.0703125
105365.5390625
105285.5703125
105204.546875
105124.875
105040.9375
105108.4296875
105145.1640625
105132.8984375
105085.4921875
105009.859375
