25400.0
25400.0
25400.0
25400.0
25400.0
25400.0
25400.0
25400.0
25400.0
25400.0
25400.0
25400.0
25400.0
25400.0
25400.0
25400.0
25400.0
25400.0
25400.0
25400.0
25400.0
25400.0
25400.0
25400.0
31859.61328125
52078.0625
69542.2578125
83552.3828125
95434.1953125
105491.125
114136.3671875
122111.46875
128410.453125
133726.78125
137777.609375
141260.53125
143883.890625
145941.40625
147569.40625
148833.578125
149772.421875
150442.640625
150915.921875
154838.65625
156105.140625
155429.34375
155992.765625
153381.28125
149230.09375
145737.03125
143501.203125
141844.015625
140805.234375
140843.765625
140817.03125
140686.5
140371.75
140211.421875
140044.96875
139707.671875
139150.8125
138401.453125
137472.15625
136524.171875
135483.640625
134356.96875
133368.8125
132302.40625
131306.828125
130306.0078125
129347.578125
128371.6875
127441.8984375
126547.4453125
125638.8203125
124777.8671875
123906.1171875
123048.1328125
122288.015625
121468.8046875
120696.765625
119924.7109375
119199.3046875
118470.203125
117765.453125
117094.0078125
116419.0625
115785.875
115152.7890625
114537.0390625
113996.609375
113408.6015625
112860.7109375
112312.40625
111791.0234375
111271.921875
110772.765625
110306.4921875
109842.2421875
109411.3046875
108979.6953125
108564.2578125
108200.8984375
107804.875
107434.828125
107067.2109375
106725.0
106384.875
106057.59375
105752.8125
105449.953125
105168.484375
104889.2734375
104624.140625
104394.1015625
104148.765625
103920.1484375
103693.4921875
103482.09375
103272.4140625
103071.265625
102885.28125
102700.5859375
102529.796875
102362.3515625
