25400.0
25400.0
25400.0
25400.0
25400.0
25400.0
25400.0
25400.0
25400.0
25400.0
25400.0
25400.0
25400.0
25400.0
25400.0
25400.0
25400.0
25400.0
25400.0
25400.0
25400.0
25400.0
37397.48046875
55366.6484375
69418.0859375
80452.7265625
89392.65625
96388.5078125
101999.0859375
105854.328125
108537.5546875
110874.078125
112903.7890625
114694.9609375
116173.1875
117591.0390625
118811.9921875
119785.21875
120701.578125
121561.8515625
122379.8203125
122957.5703125
123420.078125
123904.0859375
124320.1484375
124676.984375
124976.6171875
125287.578125
126280.109375
127598.765625
127985.40625
128004.140625
127193.1875
129761.1015625
131029.3359375
132990.796875
135287.390625
138130.15625
141285.375
145074.578125
149859.5625
150149.5
148166.71875
146292.015625
145041.75
143803.578125
143161.734375
142866.359375
142366.515625
141835.671875
141628.046875
141370.5
140989.921875
140601.71875
140282.75
139746.203125
139068.984375
138603.203125
138159.71875
137648.109375
137103.625
136445.65625
135684.703125
134881.46875
134077.890625
133278.921875
132422.65625
131609.828125
130715.3125
129794.25
129011.203125
128441.359375
127991.6484375
127396.109375
126757.8046875
126056.7890625
125266.1796875
124499.3203125
123720.828125
123066.7109375
122494.765625
121877.84375
121289.546875
120622.734375
119961.9921875
119215.0234375
118449.4765625
117679.0390625
116933.71875
116237.46875
115541.6015625
114885.546875
114357.3671875
113900.8828125
113462.8125
112968.59375
112495.734375
112019.1328125
111570.453125
111112.171875
110653.09375
110220.1484375
109786.984375
109383.875
108992.671875
