25400.0
25400.0
25400.0
25400.0
25400.0
25400.0
25400.0
25400.0
25400.0
25400.0
25400.0
25400.0
25400.0
25400.0
25400.0
25400.0
25400.0
25400.0
25400.0
25400.0
25400.0
25400.0
25400.0
25400.0
25400.0
25400.0
25400.0
25400.0
25400.0
25400.0
25400.0
25400.0
25400.0
25400.0
25400.0
25400.0
25400.0
25400.0
25400.0
25400.0
35247.75
48518.9453125
56222.48828125
61461.29296875
65651.546875
68214.5703125
70233.1015625
72103.28125
74302.1875
76592.5703125
78737.0859375
80706.328125
82525.3984375
84293.765625
85889.7421875
87600.546875
90344.7578125
93224.75
96377.65625
100143.234375
105027.125
109705.75
115008.1328125
121102.2265625
126971.921875
132737.9375
138421.03125
144185.078125
149827.265625
154630.4375
160100.8125
165279.09375
170417.03125
175355.796875
180056.453125
184234.046875
188010.671875
191590.25
194808.109375
198957.015625
206316.671875
209497.125
204638.640625
199643.765625
194882.078125
191574.109375
189090.078125
187222.609375
185610.453125
184229.40625
182940.671875
181255.875
179447.640625
177601.140625
175703.8125
174104.0625
172347.75
170461.3125
168388.40625
166231.0625
164274.46875
162290.734375
160315.78125
158265.875
156219.859375
154380.796875
152355.171875
150411.875
148430.3125
146540.78125
144688.34375
142881.0625
141231.5625
139655.546875
138160.390625
136662.875
135172.125
133857.65625
132570.0625
131355.46875
130123.234375
128955.828125
127782.9375
126645.65625
125580.3515625
124518.984375
123533.671875
122555.671875
