25400.0
25400.0
25400.0
24981.640625
24781.4296875
24737.9375
24737.9375
24766.341796875
24787.962890625
24791.55859375
24793.24609375
24794.92578125
24796.60546875
24798.16015625
24799.6875
24801.904296875
24803.744140625
24804.8828125
24805.771484375
24806.314453125
24805.95703125
24811.693359375
29706.72265625
45594.32421875
61931.8203125
77814.5
91170.5859375
103733.4375
114160.8046875
121365.65625
125954.125
129425.4375
128757.875
127138.953125
125967.6796875
124594.8828125
123346.3671875
122024.09375
120593.5625
119217.5390625
117846.15625
116541.34375
115452.1640625
114333.75
113255.6796875
112240.625
111366.421875
110531.3515625
109757.3515625
109025.7578125
108306.796875
107673.625
107071.0546875
106509.2578125
106042.59375
105464.703125
104949.9296875
104512.4375
104140.828125
103788.9609375
103467.828125
103217.5390625
103060.125
102970.953125
102825.1171875
102687.484375
102565.359375
102468.7421875
102468.515625
102399.53125
102282.4765625
102172.453125
102101.2421875
102004.8515625
101872.1484375
101841.296875
101860.2734375
101920.890625
101944.765625
101951.03125
101964.421875
102047.84375
102102.4375
102105.140625
102054.2578125
101971.03125
101873.3359375
101805.015625
101766.8046875
101763.015625
101783.359375
101852.109375
101968.765625
102132.0859375
102323.921875
102533.0546875
102731.5390625
102905.703125
103067.3984375
103205.1953125
103324.9453125
103418.4765625
103490.0390625
103572.140625
103669.953125
103788.9609375
103913.203125
104072.1953125
104243.1953125
104424.5859375
104603.1953125
104806.234375
105017.203125
105213.40625
105385.1484375
105575.96875
105762.6953125
105956.2109375
106141.953125
106329.78125
106512.5546875
106682.25
106826.4453125
106946.7421875
107098.390625
