25400.0
25400.0
24600.3359375
24019.921875
23073.337890625
21851.01953125
21003.51171875
20432.478515625
20612.85546875
21061.373046875
21611.462890625
22694.943359375
23688.111328125
24410.10546875
24996.8203125
25151.69921875
25097.533203125
25066.076171875
25058.646484375
25064.15234375
25075.55859375
25088.6875
25102.25390625
25116.287109375
25128.2109375
25140.25390625
25149.8203125
25157.34765625
25171.505859375
25209.134765625
25335.3671875
25840.193359375
27089.390625
30565.462890625
35755.1015625
42353.46875
50057.86328125
55150.55859375
60631.67578125
64830.14453125
68357.1328125
71555.4296875
74132.9921875
76562.375
78586.6953125
80488.8671875
82079.4453125
83521.40625
84725.4765625
85708.3359375
86604.4921875
87407.3984375
88178.140625
88870.3046875
89436.4453125
89996.5234375
90510.7890625
91024.84375
91456.234375
91823.03125
92153.390625
92451.359375
92738.3984375
92979.9921875
93200.0234375
93397.7734375
93562.4375
93718.9453125
93847.6953125
93959.046875
94050.6015625
94131.171875
94222.2890625
94308.15625
94380.6875
94428.9609375
94466.8359375
94491.234375
94490.8359375
94484.6640625
94476.9765625
94460.0078125
94433.0
94398.046875
94368.0625
94339.8046875
94315.1328125
94288.65625
94270.9140625
94262.8203125
94252.0
94247.8359375
94250.2109375
94269.578125
94386.59375
94561.90625
94886.0
95237.4765625
95675.484375
96115.984375
96555.125
96953.8203125
97279.0546875
97605.125
97888.75
98157.125
98396.5390625
98667.8515625
98919.03125
99149.34375
99575.859375
100046.8359375
100468.21875
100844.875
101157.46875
101486.6328125
101790.96875
102091.4453125
102365.8359375
102629.7109375
102874.3125
103101.3203125
103325.6328125
103529.546875
103728.984375
