25400.0
25400.0
25400.0
25008.6484375
24930.759765625
24930.759765625
24964.31640625
24977.01953125
24979.591796875
24981.33984375
24982.9296875
24984.779296875
24986.474609375
24987.578125
24988.61328125
24989.544921875
24989.87890625
24987.5625
28171.39453125
44983.05078125
54179.14453125
58762.38671875
62266.453125
65239.90234375
68273.875
71486.7109375
75119.1875
79228.2109375
84144.421875
87669.84375
90079.5625
91158.3515625
93528.984375
96149.0390625
99850.9296875
102857.984375
105418.609375
107945.28125
110292.25
112597.9921875
114837.296875
116935.8046875
119232.921875
121385.6875
123524.9140625
125704.90625
127668.6796875
130494.609375
133705.78125
131898.953125
128941.5390625
126589.71875
124732.8203125
122992.359375
121144.78125
119636.4609375
118675.78125
117644.140625
116835.8984375
115956.3203125
115107.34375
114228.890625
113545.3671875
113015.421875
112681.34375
112536.421875
112751.359375
112992.5703125
113180.4375
113438.5390625
113743.6640625
114075.46875
114403.0078125
114736.1640625
115062.0625
115390.6171875
115761.671875
116125.0703125
116521.515625
116845.375
117081.65625
117223.09375
117279.7734375
117382.625
117532.25
117731.9453125
117956.078125
118213.328125
118458.0859375
118664.9453125
118806.5
118934.3046875
119082.4453125
119218.0234375
119339.2890625
119458.2265625
119591.203125
119781.0078125
119929.3984375
119974.359375
119982.46875
119981.796875
119953.859375
119903.0703125
119810.3125
119688.0
119600.6171875
119575.3671875
119657.5859375
119671.125
119628.3828125
119515.7109375
119362.21875
119207.015625
118997.7109375
118749.2109375
118474.1015625
118203.78125
117925.8984375
117653.234375
117391.34375
117109.109375
116875.1171875
116679.0703125
