25400.0
25400.0
24561.1484375
23089.2890625
22477.421875
21947.216796875
22298.630859375
22867.390625
23497.244140625
23998.6796875
24010.53125
24027.734375
24051.16796875
24085.857421875
24135.0
24304.583984375
24791.966796875
25015.888671875
25568.68359375
27704.81640625
33441.88671875
42451.625
49609.1171875
56740.88671875
63407.375
69463.171875
74541.5625
78943.0859375
82629.53125
85537.4609375
88278.7890625
90555.0859375
92614.484375
94424.1484375
96051.3984375
97363.25
98440.203125
99388.1171875
100130.0546875
100784.4375
101318.125
101699.375
102009.1484375
102242.1640625
102379.359375
102539.5078125
102847.375
103084.875
103249.71875
103357.9921875
103430.0234375
103485.1796875
103526.078125
103554.2109375
103576.484375
103588.6875
103553.078125
103501.375
103403.6484375
103250.2421875
103072.6953125
102877.1171875
102666.4765625
102408.7578125
102181.1484375
101997.75
101807.6875
101633.9296875
101459.8671875
101335.8515625
101245.0703125
101163.734375
101082.6328125
100995.203125
100897.96875
100788.03125
100678.59375
100583.5625
100483.984375
100390.2890625
100295.8671875
100205.6328125
100113.1640625
100021.9140625
99936.1953125
99847.4921875
99764.8515625
99690.0703125
99616.6796875
99550.6171875
99476.7421875
99404.6484375
99332.4765625
99264.65625
99196.7734375
99130.1015625
99067.1484375
99003.3984375
98942.5390625
98879.375
98817.2109375
98760.984375
98699.8046875
98641.6953125
98582.296875
98527.0
98471.0859375
98417.8203125
98368.2734375
98319.4375
98274.265625
98228.9921875
98182.9765625
98144.6953125
98103.3046875
98063.84375
98024.0
97985.75
97947.5859375
97911.3671875
97875.3359375
97840.109375
97806.984375
97773.953125
