25400.0
25400.0
25400.0
25400.0
25400.0
25400.0
25400.0
25400.0
25400.0
25400.0
25400.0
25400.0
25400.0
25400.0
25400.0
25400.0
25400.0
25400.0
37832.92578125
63440.43359375
85592.046875
102418.421875
114122.328125
120874.4140625
120350.484375
119097.546875
118301.0546875
117522.046875
116377.1796875
115435.71875
114404.328125
113389.375
112323.2265625
111380.9140625
110448.0703125
109418.6328125
108532.328125
107706.1640625
106943.859375
106200.0234375
105519.0703125
104968.8515625
104422.3515625
103974.0
103590.328125
103253.328125
102924.171875
102615.2890625
102337.0625
102079.03125
101854.0625
101644.671875
101448.1484375
101279.453125
101275.1015625
101394.5546875
101477.25
101573.0859375
101792.765625
101915.2265625
102000.671875
102090.6484375
102156.390625
102201.828125
102231.3203125
102270.484375
102329.234375
102369.734375
102439.484375
102475.609375
102523.1328125
102577.9140625
102644.078125
102678.8046875
102672.046875
102701.59375
102867.3125
102989.984375
103061.515625
103084.375
103173.0234375
103242.7265625
103236.578125
103245.5859375
103248.6796875
103217.15625
103177.6328125
103100.6171875
102982.9765625
102896.421875
102807.5859375
102748.9609375
102732.4609375
102755.8984375
102805.7109375
102865.5859375
102920.015625
103037.0625
103198.109375
103385.8046875
103567.78125
103717.8359375
103868.9453125
104169.1328125
104596.359375
104964.90625
105291.328125
105569.546875
105805.015625
106024.375
106218.703125
106402.0390625
106571.625
106715.5625
106867.6328125
107003.71875
107131.09375
107242.2265625
107344.59375
107434.28125
107506.703125
107567.5625
107616.4921875
107677.0625
