25400.0
25400.0
25400.0
25400.0
25400.0
25400.0
25400.0
25400.0
25400.0
25400.0
25400.0
25400.0
25400.0
25400.0
25400.0
25400.0
25400.0
25400.0
25400.0
25400.0
25400.0
25400.0
25400.0
25400.0
36114.40234375
53390.875
67452.671875
78704.8203125
87970.8671875
95788.921875
102003.203125
107378.9375
111650.0625
115642.015625
118957.6015625
121833.71875
124513.6015625
126938.9296875
129197.078125
131130.625
132873.59375
134564.1875
135652.53125
136403.625
137325.46875
138464.609375
140050.859375
141231.671875
141878.359375
142179.296875
144676.265625
145046.234375
148367.6875
154442.53125
153528.875
149815.453125
147497.75
146048.21875
146290.40625
146528.6875
146959.90625
147377.609375
147760.625
148192.65625
148566.796875
148962.171875
149374.046875
149421.171875
149386.015625
149281.625
149085.421875
148755.0625
148727.484375
148602.125
148219.703125
147677.140625
146695.71875
145556.0625
144455.6875
143298.703125
142241.359375
141081.859375
139710.3125
138208.90625
136741.71875
135581.234375
134322.0625
133092.4375
131823.34375
130564.4453125
129432.0859375
128177.3203125
126955.3046875
125687.40625
124489.859375
123287.8515625
122123.5078125
121097.7109375
120084.6953125
119125.5234375
118160.4609375
117225.4921875
116407.359375
115535.0546875
114721.2734375
113911.453125
113158.28125
112415.1015625
111708.21875
111058.0
110421.7890625
109837.84375
109266.359375
108725.53125
108261.3984375
107775.046875
107332.7265625
106906.6640625
106518.609375
106141.390625
105786.25
105461.453125
105145.8046875
104856.96875
104576.7109375
