25400.0
25400.0
24558.494140625
24197.58203125
22525.734375
22346.3203125
22768.4765625
23193.03125
23393.1875
24099.080078125
24672.19140625
24894.615234375
24967.173828125
24991.794921875
25007.982421875
25023.296875
25037.611328125
25052.275390625
25054.291015625
25059.568359375
25068.935546875
25078.83984375
25087.857421875
25111.791015625
25129.529296875
25139.302734375
25144.064453125
25146.48828125
25146.53125
25149.228515625
25378.625
26157.5078125
28190.21484375
32964.12890625
39155.8125
44384.87890625
50099.171875
55838.32421875
61516.5859375
66044.609375
68554.65625
70253.4453125
71864.03125
73692.3671875
75448.5625
77097.46875
78696.9296875
80153.03125
81597.2890625
82943.5546875
84318.09375
85720.546875
87067.5625
88448.984375
89818.28125
91197.3046875
92493.671875
93765.296875
94965.8671875
96070.5625
97331.671875
98540.140625
99690.1796875
100769.40625
101637.5390625
102492.390625
103235.828125
103922.1796875
104526.1875
105106.0625
105638.0859375
106137.2265625
106630.171875
107069.4921875
107467.9296875
107810.109375
108017.5546875
108280.1640625
108520.78125
108730.140625
108945.0625
109113.5625
109592.1640625
109966.90625
110304.8125
110602.1015625
110882.6484375
111138.765625
111357.140625
111574.3046875
111756.203125
111918.046875
112049.46875
112158.5234375
112243.2265625
112312.484375
112388.9921875
112445.5234375
112472.3671875
112427.4609375
112380.3828125
112322.1796875
112262.625
112196.5546875
112128.5
112052.484375
111968.34375
111883.28125
111791.6015625
111699.875
111600.546875
111499.75
111403.0859375
111289.4375
111173.640625
111036.6953125
110894.921875
110742.3828125
110590.9921875
110449.6328125
110308.75
110170.296875
110026.5546875
