25400.0
25400.0
25400.0
25400.0
25400.0
25400.0
25400.0
25400.0
25400.0
25400.0
25400.0
25400.0
25400.0
25400.0
25400.0
25400.0
25400.0
25400.0
25400.0
25400.0
25400.0
25400.0
25400.0
25400.0
27227.810546875
43962.83203125
60576.3203125
74783.453125
85535.09375
94493.5234375
102037.59375
109570.578125
115107.4921875
119702.0234375
123337.53125
126481.125
129014.109375
131202.90625
133195.578125
134991.859375
136635.375
137998.921875
138986.5
139389.9375
139432.328125
139414.0
139367.859375
139532.59375
136954.109375
133494.734375
130220.2890625
127385.5546875
124834.859375
122426.75
120298.8671875
118393.4609375
117120.828125
115659.78125
114363.6875
113122.3046875
112047.609375
111279.4609375
110631.1171875
110055.8125
109549.125
109168.0078125
108918.6875
108731.109375
108625.578125
108596.4140625
108637.2734375
108748.0859375
108928.2109375
109195.1171875
109769.09375
110629.2578125
111586.703125
112615.03125
113671.9765625
114791.8984375
115741.078125
116496.3515625
116934.6328125
117073.9765625
116997.3125
116988.8359375
117059.25
117665.78125
118186.0
118587.71875
118869.78125
119096.890625
119257.0
119403.6484375
119543.9453125
119664.0
119720.6328125
119750.7109375
119753.8515625
119680.4453125
119547.3984375
119376.7578125
119196.09375
118960.515625
118743.4609375
118530.59375
118336.6640625
118138.7734375
117941.8046875
117750.71875
117545.7890625
117336.7421875
117112.7578125
116880.140625
116667.9765625
116432.671875
116197.8125
115944.9140625
115686.796875
115410.390625
115139.59375
114887.6953125
114639.1953125
114405.0390625
114173.3671875
