25400.0
25400.0
25400.0
25400.0
25400.0
25400.0
25400.0
25400.0
25400.0
25400.0
25400.0
25400.0
25400.0
25400.0
25400.0
25400.0
25400.0
25400.0
25400.0
25400.0
25400.0
25400.0
25400.0
25400.0
25400.0
29047.462890625
45463.0859375
61825.14453125
75656.921875
85241.8203125
94622.78125
102743.78125
109894.515625
115925.0078125
120783.390625
124460.9140625
127657.6015625
130493.265625
132865.5625
134903.921875
136219.953125
137068.3125
138338.5625
139387.03125
140791.59375
141886.921875
142798.328125
143507.578125
144322.34375
146975.84375
149506.90625
145576.625
141438.875
137972.0625
134744.6875
132536.484375
130120.578125
127928.5703125
126199.9921875
124705.4609375
123380.953125
122175.234375
121187.0390625
120348.5390625
119679.984375
119197.4921875
118740.96875
118424.109375
118302.15625
118511.0859375
118750.0859375
118937.7890625
119031.6484375
119116.1875
119128.15625
119041.3515625
118907.984375
118767.0234375
118594.3828125
118407.765625
118189.46875
117958.09375
117684.1171875
117424.828125
117184.1640625
116933.046875
116711.984375
116555.71875
116423.1875
116309.828125
116184.109375
116059.3828125
115933.46875
115824.5703125
115726.6953125
115657.3125
115646.3125
115638.703125
115633.2109375
115639.2734375
115650.8515625
115666.1484375
115687.515625
115718.0078125
115750.0859375
115773.40625
115792.96875
115817.5546875
115846.1484375
115822.4296875
115759.234375
115765.7890625
115833.25
115905.3125
115977.0234375
116037.90625
116088.5234375
116126.5625
116158.59375
116185.640625
116315.2265625
116477.1171875
116608.1015625
116708.3984375
