25400.0
25400.0
24806.7109375
24649.44140625
24420.66796875
23747.064453125
23247.03125
22850.58203125
22774.142578125
22777.9375
22807.701171875
22875.0390625
23018.6328125
23323.09375
24102.78125
24590.46875
24783.84375
24842.6953125
24860.99609375
24872.228515625
24884.53515625
24899.939453125
24914.41796875
24930.83984375
24943.9296875
24955.1796875
24979.3671875
25030.623046875
25199.009765625
25856.640625
27148.375
30645.015625
36201.65234375
43566.55859375
51820.7265625
61876.19140625
71376.5703125
78850.796875
86407.4921875
93796.8828125
99770.984375
102053.0234375
103789.828125
105090.5546875
106220.4765625
107254.4453125
107940.09375
108244.8671875
108291.9140625
108284.28125
108207.6953125
108207.4765625
108198.8203125
108151.0703125
108065.609375
107927.265625
107725.703125
107462.3125
107176.5390625
106867.3515625
106554.453125
106249.5625
105932.078125
105635.203125
105340.265625
105065.5
104826.3828125
104556.265625
104286.8828125
104006.953125
103734.3125
103450.34375
103167.28125
102897.5546875
102634.5
102438.7421875
102246.6875
102053.5625
101876.9765625
101677.9140625
101488.6328125
101300.5703125
101125.6953125
100952.2421875
100786.4921875
100629.6640625
100473.765625
100332.046875
100190.9375
100053.2734375
99928.4296875
99793.6640625
99663.515625
99528.015625
99395.171875
99258.6015625
99131.265625
99010.4140625
98886.546875
98766.2734375
98636.0625
98512.5546875
98400.828125
98282.421875
98182.5
98091.8515625
98003.703125
97914.1328125
97827.8203125
97749.625
97699.921875
97667.1484375
97685.9140625
97716.8203125
97747.1328125
97781.9453125
97821.6875
97870.6796875
97947.015625
98039.0390625
98141.828125
98242.6328125
98351.4609375
98467.6640625
98590.5859375
