25400.0
25400.0
25400.0
25400.0
25400.0
25400.0
25400.0
25400.0
25400.0
25400.0
25400.0
25400.0
25400.0
25400.0
25400.0
25400.0
25400.0
25400.0
25400.0
25400.0
25400.0
25400.0
25400.0
25400.0
25400.0
25400.0
25400.0
25400.0
25400.0
26039.9921875
37678.84375
50435.44921875
60946.9375
70437.421875
78136.8046875
84582.5
89956.28125
94840.5703125
99125.984375
102822.9296875
105985.859375
108757.0546875
111532.796875
113891.28125
116025.2265625
117886.6640625
119758.9296875
121462.65625
122910.0859375
124459.546875
125907.6953125
127336.2578125
128647.15625
129818.4296875
131014.75
131948.5
132661.84375
133011.8125
133271.25
133526.34375
134018.953125
135537.921875
138661.609375
142024.46875
146970.53125
144663.625
142567.453125
140561.890625
138496.890625
136636.34375
134647.984375
132922.5625
131706.421875
130414.0234375
129493.3359375
128947.3046875
128520.25
128252.1796875
127917.4375
127748.9375
127635.578125
127641.25
127889.7734375
128198.8359375
128508.2421875
128822.203125
129130.0234375
129451.53125
129758.8984375
130021.484375
130307.8828125
130567.890625
130808.0625
131024.671875
131534.765625
132010.359375
132408.921875
132758.421875
133035.859375
133266.1875
133396.28125
133328.640625
133112.859375
132834.5
132492.171875
132116.890625
131664.390625
131163.390625
130552.5
129948.984375
129533.7421875
129140.8203125
128750.3984375
128381.578125
127940.46875
127580.3828125
127256.8359375
127015.7578125
126707.7578125
126365.0546875
125995.5078125
125590.0078125
125177.5703125
124711.8359375
