25400.0
25400.0
25400.0
25147.51953125
24805.416015625
24673.8828125
24712.3671875
24715.11328125
24715.53515625
24716.28515625
24717.353515625
24718.5390625
24719.720703125
24720.92578125
24722.0546875
24723.181640625
24724.2578125
24725.216796875
24726.23046875
24727.220703125
24728.869140625
24729.7890625
24730.638671875
24731.44140625
24732.189453125
24732.9375
24733.625
24734.421875
24735.115234375
24735.525390625
24736.08984375
24736.67578125
24745.458984375
26813.48828125
38431.39453125
50352.15625
58370.9296875
65345.296875
71064.5390625
76337.265625
80882.09375
84452.8046875
87673.0859375
90513.125
93133.2265625
95403.1484375
97538.9140625
99506.734375
101413.0234375
103154.2890625
104676.234375
106185.7109375
107716.0546875
109084.34375
110574.6484375
111930.3671875
113226.0546875
114385.1015625
115688.8046875
116904.53125
117947.9375
118950.6953125
119868.8515625
120737.1875
121604.7734375
122395.5
123267.21875
124102.7265625
125010.6875
125907.3671875
126803.7734375
127659.703125
128453.9140625
129307.3984375
131249.296875
130690.2421875
129005.09375
127683.046875
126306.40625
125020.2734375
123767.8125
122634.8515625
121542.875
120518.59375
119593.4921875
118567.2890625
117576.5390625
116586.71875
115741.7421875
115367.8203125
115077.40625
114663.6171875
114098.0625
113482.6796875
112832.28125
112203.359375
111676.34375
111229.984375
110843.4140625
110478.046875
110120.6015625
109811.15625
109545.75
109313.3671875
109054.0078125
108783.53125
108574.3671875
108436.671875
108258.0078125
108051.625
107836.8984375
107609.1171875
107403.2890625
107235.7890625
107070.8828125
106934.9296875
106820.203125
106795.9609375
106816.9921875
106983.46875
107106.0546875
107199.4453125
107282.3359375
107375.0234375
