25400.0
25400.0
25400.0
25007.318359375
24871.998046875
24871.998046875
24871.998046875
24871.998046875
24871.998046875
24871.998046875
24871.998046875
24871.998046875
24871.998046875
24871.998046875
24886.033203125
24894.142578125
24895.783203125
24895.966796875
24895.564453125
24895.171875
34797.08203125
53329.69140625
68508.1171875
74344.0
78009.421875
80870.1640625
83464.0078125
85322.3359375
86777.9140625
88149.734375
89323.7109375
90390.671875
91235.1484375
91890.7265625
92431.296875
93110.453125
93771.78125
94362.2890625
94944.125
95468.4375
96047.5625
96636.296875
97155.1484375
97701.203125
98219.6796875
98734.203125
99214.78125
99692.9296875
100065.65625
100355.7578125
100671.2578125
101029.9375
101392.8515625
101690.0390625
102027.4765625
102710.9921875
103353.8984375
103993.7421875
104571.6484375
105116.6171875
105591.8125
105975.828125
106324.328125
106646.1171875
107007.4296875
107336.8125
107582.015625
107779.671875
107894.890625
107954.1796875
107972.953125
107966.0859375
107935.0859375
107896.3125
107845.5859375
107773.765625
107665.0390625
107540.6640625
107435.8125
107325.953125
107262.7578125
107218.0
107181.734375
107145.8125
107083.6328125
107014.0546875
106944.46875
106879.015625
106803.8515625
106720.9140625
106638.3203125
106540.921875
106443.0390625
106335.8515625
106230.6171875
106117.6953125
106047.890625
105973.4140625
105885.796875
105795.84375
105697.2890625
105591.8828125
105490.7265625
105377.0859375
105267.3359375
105173.375
105100.90625
105035.234375
104970.8515625
104905.6953125
104833.2109375
104740.8515625
104646.1015625
104548.8828125
104459.1171875
104358.78125
104261.4140625
104160.4375
104062.703125
103948.7890625
103868.1875
103792.3125
103740.15625
103704.109375
103672.90625
