25400.0
25400.0
25400.0
25400.0
25400.0
25400.0
25400.0
25400.0
25400.0
25400.0
25400.0
25400.0
25400.0
25400.0
25400.0
25400.0
25400.0
40407.65234375
58062.13671875
76827.2421875
92318.2265625
105554.8359375
116339.6015625
125116.296875
131853.5
136833.84375
140824.421875
143904.0625
146297.578125
148088.046875
149347.46875
151157.671875
155733.859375
152261.40625
145260.515625
140060.625
136657.921875
134614.875
133214.75
132501.0625
132005.59375
131599.4375
131151.03125
130561.046875
129915.9453125
129493.640625
129166.421875
128865.8515625
128689.3046875
128543.625
128436.1484375
128369.2578125
128262.3515625
128205.28125
128267.5
128262.65625
128143.9453125
127929.3515625
127635.265625
127260.1875
127064.765625
126877.3671875
126588.84375
126206.8515625
125632.234375
124732.59375
123918.640625
123029.9765625
122174.703125
121358.2265625
120574.765625
119756.3515625
118928.984375
118349.4921875
117921.0078125
117474.515625
116956.6796875
116405.0546875
115886.8984375
115301.453125
114730.234375
114136.3671875
113559.4921875
112963.7265625
112364.3125
111790.5
111209.78125
110663.265625
110116.7109375
109593.8671875
109157.3046875
108700.75
108272.171875
107843.5
107439.765625
107037.84375
106652.2109375
106294.5625
105942.1328125
105617.5234375
105300.4921875
105000.8828125
104744.4609375
104477.859375
104235.1171875
104000.359375
103786.1171875
103576.7578125
103377.8359375
103195.0
103016.140625
102851.0625
102690.125
102539.5546875
102411.0625
102278.375
102158.453125
102043.125
101939.875
101841.859375
101752.5078125
101672.5859375
101594.703125
101526.5625
101462.5546875
