25400.0
25400.0
25400.0
25400.0
25400.0
25400.0
25400.0
25400.0
25400.0
25400.0
25400.0
25400.0
25400.0
25400.0
25400.0
25400.0
25400.0
25400.0
25400.0
25400.0
25400.0
25400.0
25400.0
25400.0
25400.0
25400.0
25400.0
25400.0
25400.0
25400.0
25400.0
25400.0
25400.0
25400.0
25400.0
25400.0
25400.0
25400.0
25400.0
25400.0
25400.0
25400.0
25400.0
27358.611328125
33561.41015625
40270.05078125
46590.171875
49857.94140625
51969.5625
53737.4453125
55549.96484375
57239.40234375
58844.484375
60442.0625
62259.5
64091.98828125
66012.9140625
68318.625
70894.1875
74120.359375
77472.6875
81655.4921875
86754.2421875
92758.796875
99368.125
105576.125
111682.8515625
117120.546875
122729.71875
129262.7109375
135137.515625
140200.9375
144384.109375
148613.5
152870.4375
156882.015625
160552.15625
163564.90625
166188.65625
168362.96875
170364.703125
172576.859375
174536.453125
176234.09375
177717.84375
178975.484375
180122.15625
181027.09375
182331.609375
184319.875
187790.59375
192794.5
195285.71875
201451.9375
210887.1875
222523.15625
220240.171875
214995.796875
211655.34375
209024.875
206188.828125
203881.515625
201392.234375
198849.578125
196851.28125
194696.109375
192425.09375
189992.78125
187508.453125
184832.375
182092.4375
179494.53125
177759.671875
175939.015625
173693.859375
171275.140625
169014.640625
166346.109375
163695.265625
161135.359375
158762.203125
156386.703125
154063.859375
151852.375
149665.625
147579.953125
145472.9375
