25400.0
25400.0
25170.447265625
24541.96484375
24850.42578125
24324.630859375
24105.416015625
24050.169921875
24039.31640625
24040.96484375
24052.16015625
24072.083984375
24112.59375
24175.21484375
24276.16796875
24657.1484375
25054.259765625
25177.494140625
25211.287109375
25219.232421875
25513.140625
27844.40625
35209.109375
44832.203125
52150.60546875
59022.6328125
65886.6796875
72151.8984375
78434.359375
84325.734375
90803.4375
97871.203125
104892.0703125
111940.359375
118838.7109375
120523.4296875
121413.7421875
122101.796875
122486.328125
122600.765625
122567.125
122332.84375
121934.515625
121508.7265625
120993.7421875
120327.4140625
119559.1015625
118774.1796875
118628.890625
118422.0390625
118159.3359375
117866.109375
117540.65625
117263.0
116988.671875
116726.6796875
116504.203125
116213.4921875
115979.3125
115628.2578125
115241.0859375
114637.78125
114140.421875
113677.046875
113191.3515625
112945.8125
112577.9296875
112161.2578125
111825.265625
111436.265625
111016.2421875
110623.8671875
110338.3984375
110109.0
109914.15625
109744.2265625
109524.6484375
109347.0390625
109226.09375
109150.296875
109100.2890625
109068.8359375
109075.7578125
109170.71875
109285.828125
109398.734375
109499.0859375
109616.546875
109842.390625
110063.015625
110251.40625
110403.4140625
110514.5703125
110611.9921875
110700.625
110820.90625
110980.65625
111200.484375
111381.46875
111633.421875
111834.2109375
111954.7109375
112017.2890625
112033.34375
112016.6328125
111982.078125
111937.8984375
111804.25
111611.59375
111398.234375
111191.2109375
111001.2890625
110807.0703125
110612.2578125
110362.2578125
110096.2734375
109847.4921875
109564.640625
109286.921875
108990.6328125
108686.890625
108369.578125
108057.4296875
107761.9140625
107460.671875
107174.03125
106877.25
