25400.0
25400.0
25400.0
25400.0
25400.0
25400.0
25400.0
25400.0
25400.0
25400.0
25400.0
25400.0
25400.0
25400.0
25400.0
25400.0
25400.0
25400.0
25400.0
25400.0
25400.0
25400.0
25400.0
25400.0
25400.0
25400.0
25400.0
25400.0
25400.0
25400.0
25400.0
25400.0
25400.0
25400.0
25400.0
29528.984375
41049.4140625
49422.7578125
56140.015625
61872.62109375
67540.5078125
71522.7578125
74487.3125
77420.46875
80226.890625
82820.28125
85281.171875
87911.75
90411.015625
92628.2109375
94753.296875
96709.8671875
98699.3125
100722.03125
102669.34375
104977.7578125
107376.25
110181.2109375
113146.578125
116353.0234375
119652.4765625
122933.328125
126621.609375
130320.140625
134138.109375
137994.265625
141503.359375
145351.0625
149441.78125
153589.921875
157321.359375
160863.09375
164463.796875
167874.21875
171024.140625
173833.296875
177310.359375
183798.765625
186868.625
189983.578125
194447.21875
189041.859375
184840.578125
181603.734375
179158.21875
177333.765625
176040.609375
175089.921875
174037.953125
173235.09375
172704.203125
172051.1875
171399.78125
170779.671875
170126.421875
169319.484375
168864.515625
168293.015625
167368.203125
166296.9375
165000.546875
163406.90625
161832.8125
160045.6875
158258.6875
156309.375
154324.390625
152289.5
150427.71875
148644.234375
146767.484375
144853.453125
142894.578125
140976.515625
139289.5
137480.015625
135852.953125
134276.5
132817.328125
131363.53125
129996.25
128748.3203125
127522.265625
126400.015625
125303.25
