25400.0
25400.0
25400.0
25400.0
25400.0
25400.0
25400.0
25400.0
25400.0
25400.0
25400.0
25400.0
25400.0
25400.0
25400.0
25400.0
25400.0
25400.0
25400.0
25400.0
25400.0
35385.34375
55650.8125
71361.0234375
82574.890625
93117.2109375
101272.1171875
107908.46875
113247.8359375
117024.796875
120774.5625
123862.390625
126501.484375
128338.5
130150.3203125
132162.234375
134334.328125
136243.609375
137601.953125
138686.078125
139623.046875
140429.234375
141291.96875
144692.03125
145440.859375
145089.703125
140011.8125
136291.34375
133136.84375
130629.59375
128619.859375
126981.109375
125638.6953125
124561.2890625
123568.0078125
122796.4609375
122170.7421875
121861.828125
122449.640625
123129.25
123762.96875
124449.3828125
125128.8359375
125832.421875
126408.7734375
127024.3359375
127920.703125
128671.921875
129320.4765625
130018.9140625
131081.59375
131778.53125
132035.296875
131873.53125
131441.75
130766.203125
129952.375
129177.109375
128770.5859375
128491.359375
128039.9921875
127486.4765625
126830.15625
126124.703125
125406.3203125
124634.3828125
123862.3671875
123045.0625
122218.3125
121518.859375
120798.9765625
120175.46875
119603.6953125
119048.09375
118452.9375
117829.265625
117229.1640625
116622.6171875
116049.2109375
115477.625
114927.234375
114446.5625
113933.328125
113450.4453125
112965.828125
112506.1875
112032.84375
111563.1171875
111119.2265625
110678.0546875
110268.9765625
109863.3515625
109474.453125
109143.71875
108804.7109375
108500.171875
108207.4453125
107941.75
107684.0
107441.7109375
107219.3828125
107004.9609375
106811.1015625
106620.9296875
