25400.0
25400.0
25400.0
25289.005859375
25001.40625
24771.18359375
24771.18359375
24827.51953125
24841.0703125
24843.5703125
24844.732421875
24845.9140625
24847.154296875
24848.474609375
24849.76171875
24851.03515625
24852.275390625
24853.34765625
24854.46875
24855.716796875
24857.68359375
24858.724609375
24859.580078125
24860.369140625
24861.11328125
24860.763671875
24860.4609375
24858.4921875
24864.818359375
27508.1953125
40675.703125
55135.71875
70688.1171875
82692.875
92704.6171875
101762.5234375
110607.2734375
119713.59375
126897.8984375
132776.640625
137378.0
140778.0
143911.484375
146401.5625
148215.671875
149570.25
147897.75
145139.9375
142586.15625
140030.375
137653.921875
135314.234375
133089.75
131122.828125
129055.8359375
127220.9375
125522.3359375
123745.75
122002.4140625
120543.3671875
119184.7421875
117890.6796875
116721.28125
115553.8046875
114451.3125
113546.9375
112674.40625
111864.453125
111079.4140625
110387.859375
109724.859375
109113.1015625
108565.046875
108208.2734375
107873.0078125
107497.8984375
107122.3671875
106874.453125
106639.1796875
106403.9375
106137.4609375
105858.9453125
105580.03125
105396.125
105268.734375
105243.9921875
105225.96875
105242.859375
105297.46875
105372.5859375
105460.2265625
105531.828125
105594.84375
105648.28125
105696.265625
105774.34375
105846.609375
105908.2578125
105967.46875
106040.734375
106130.4921875
106222.609375
106331.2421875
106435.6640625
106537.4765625
106627.328125
106712.5859375
106789.0703125
106857.09375
106926.15625
106994.6875
107069.03125
107145.9375
107216.3203125
107291.9375
107361.140625
107429.1171875
107495.5703125
107565.015625
107636.3125
107729.3359375
107829.15625
107924.109375
108019.5703125
