18648.115234375
17536.560546875
16626.138671875
16052.0263671875
15818.9052734375
16231.978515625
16958.396484375
17681.787109375
18381.802734375
19000.845703125
19584.34765625
20122.787109375
20614.1875
21104.953125
21610.2578125
22171.712890625
26971.447265625
34554.50390625
42369.01953125
51162.4296875
57857.8984375
63016.8203125
67634.359375
72029.34375
75615.9296875
78438.640625
80445.5546875
81950.921875
83194.90625
84192.4453125
85199.171875
86282.65625
87761.9921875
88990.953125
90080.5546875
91014.3046875
91789.7578125
92548.0859375
93198.1796875
93699.0625
94135.515625
94490.015625
94828.3984375
95104.65625
95339.90625
95531.6953125
95695.8671875
95831.6796875
95940.15625
96031.6484375
96104.953125
96167.71875
96238.9296875
96318.8125
96420.6953125
96523.8671875
96629.8203125
96727.2890625
96818.921875
96898.7890625
96967.3046875
97032.4609375
97085.296875
97130.046875
97166.5078125
97194.578125
97220.4140625
97241.5703125
97257.9921875
97267.890625
97274.3125
97274.9921875
97272.640625
97265.75
97267.4765625
97300.921875
97357.1953125
97418.5390625
97487.3828125
97548.828125
97608.6484375
97662.1328125
97713.484375
97761.4765625
97804.8671875
97849.671875
97886.0234375
97919.875
97951.0703125
97972.8671875
97989.734375
98005.671875
98024.1171875
98043.2734375
98064.5859375
98087.65625
98109.8203125
98133.265625
98155.6328125
98179.8203125
98205.0078125
98228.359375
98255.328125
98281.6484375
98309.3046875
98336.1484375
98368.3515625
98410.0859375
98456.4296875
98508.8203125
98570.1484375
98641.09375
98709.9375
98772.390625
98837.390625
98897.8046875
98957.0
99011.9140625
99066.7109375
99119.046875
99166.2421875
99211.1328125
99250.421875
99288.625
