25400.0
25400.0
25400.0
25400.0
25400.0
25400.0
25400.0
25400.0
25400.0
25400.0
25400.0
25400.0
25400.0
25400.0
25400.0
25400.0
25400.0
25400.0
25400.0
25400.0
25400.0
25400.0
27547.046875
46766.4765625
58013.4453125
65183.59765625
70668.453125
75967.3515625
80516.6875
85180.3203125
89976.75
93827.046875
98054.8984375
101804.8046875
105411.953125
109081.8984375
112473.8203125
115491.4609375
118373.734375
121542.8984375
124388.171875
127148.359375
129757.5
131919.421875
134004.171875
136106.1875
137920.59375
139214.28125
140651.359375
143425.015625
142989.15625
145601.4375
149699.296875
148934.953125
145230.453125
142379.328125
139479.015625
137214.671875
135307.15625
133857.9375
133128.5625
132672.40625
132306.65625
132323.015625
132428.28125
132596.0625
132765.109375
132844.1875
132814.15625
132734.9375
132647.28125
132614.59375
132438.0
132132.046875
131742.84375
131308.0625
130871.1953125
130386.4140625
129889.140625
129437.5859375
129016.6640625
128592.328125
128103.2421875
127588.9140625
127021.8671875
126414.921875
125811.96875
125177.84375
124573.4375
123972.3828125
123386.84375
122862.9453125
122286.0546875
121730.8125
121156.984375
120605.125
120039.0390625
119472.421875
118906.671875
118327.4921875
117775.9296875
117210.3359375
116661.2578125
116173.6328125
115637.78125
115121.5625
114595.0625
114094.2890625
113589.0390625
113098.3671875
112638.4921875
112184.59375
111801.234375
111399.4609375
110997.703125
110644.21875
110269.7578125
109921.390625
109589.421875
109310.296875
109040.078125
108780.984375
108541.171875
108322.1328125
108142.8984375
107958.09375
