25400.0
25400.0
25400.0
25400.0
25400.0
25400.0
25400.0
25400.0
25400.0
25400.0
25400.0
25400.0
25400.0
25400.0
25400.0
25400.0
25400.0
25400.0
25400.0
32514.240234375
51126.53125
64036.8828125
75155.46875
83743.625
89640.4765625
93956.125
97751.265625
101526.5546875
104810.53125
107400.9453125
109851.4375
113243.2890625
117667.359375
124635.3984375
132380.265625
140497.546875
148375.28125
156124.015625
163180.203125
158496.40625
153475.375
149069.765625
144786.78125
141588.5
139356.296875
137656.78125
136107.828125
135090.046875
134328.03125
133870.078125
133734.15625
133995.28125
134345.078125
134752.453125
135214.5
135443.421875
135590.828125
135584.609375
135387.71875
134983.1875
134353.5625
133445.9375
132455.09375
131403.9375
130566.2890625
129680.46875
128736.65625
128111.0859375
127468.5
126738.9609375
125913.59375
125036.640625
124148.9609375
123203.0390625
122248.7734375
121239.5859375
120223.703125
119319.7578125
118342.6796875
117425.90625
116509.7421875
115653.03125
114802.7734375
113958.453125
113143.265625
112344.3984375
111613.9140625
110902.5625
110233.171875
109660.3046875
109063.7578125
108522.046875
108020.59375
107580.5859375
107146.59375
106730.125
106347.078125
105976.0078125
105633.6875
105301.1875
104989.234375
104723.375
104447.4765625
104196.625
103953.1640625
103731.4453125
103517.578125
103321.828125
103150.5703125
102991.4375
102852.8671875
102725.03125
102609.9921875
102514.125
102416.53125
102331.0703125
102252.21875
102183.9453125
102120.9453125
102065.8203125
102022.0390625
101990.5078125
101967.203125
101946.0390625
