25400.0
25400.0
25400.0
25400.0
25400.0
25400.0
25400.0
25400.0
25400.0
25400.0
25400.0
25400.0
25400.0
25400.0
25400.0
25400.0
25400.0
25400.0
25400.0
25400.0
25400.0
25400.0
25400.0
25400.0
25400.0
25400.0
25400.0
25400.0
25400.0
25400.0
25400.0
25400.0
25400.0
31562.634765625
43658.8671875
51754.35546875
57785.69140625
62674.0234375
67014.59375
70172.8828125
72652.640625
74750.4140625
76789.6328125
78912.7109375
81060.609375
83183.640625
85240.390625
88190.4765625
92888.0234375
98545.6015625
105163.1171875
111571.4609375
118368.203125
125169.875
131838.15625
139338.9375
145822.234375
151949.4375
158143.421875
164496.828125
170654.140625
176102.921875
181337.40625
185761.671875
189861.765625
193816.484375
200740.875
205449.0625
197481.953125
189591.703125
185063.8125
179970.5
175956.328125
173167.09375
171112.921875
169906.640625
169243.515625
168575.6875
167826.9375
167004.078125
166108.515625
164672.484375
163103.421875
161461.8125
159716.015625
157886.59375
155897.53125
153752.96875
151512.40625
149339.859375
147519.640625
145537.59375
143594.15625
141594.609375
139678.5625
137747.15625
135892.34375
134186.03125
132504.453125
130923.3828125
129375.8515625
127919.90625
126675.171875
125380.9765625
124202.3203125
123059.3125
122075.03125
121238.90625
120469.7421875
119787.6484375
119177.234375
118624.96875
118095.546875
117598.3984375
117169.90625
116725.7734375
116326.9296875
115941.671875
115593.8046875
115270.703125
114951.1484375
114641.265625
114319.9296875
114009.2421875
113690.984375
