25400.0
25400.0
25180.41796875
24729.025390625
24729.025390625
24766.375
24829.224609375
24854.541015625
24862.845703125
24868.703125
24873.7734375
24878.9375
24885.21875
24889.0390625
24892.068359375
24893.919921875
25262.544921875
32642.16796875
45192.6953125
60972.59765625
77206.2109375
91148.734375
102873.9453125
112156.3046875
119495.3046875
119502.90625
118757.9765625
117729.5703125
116580.0859375
115455.953125
114465.328125
113299.359375
112127.0859375
110905.1328125
109777.625
108683.109375
107688.171875
106818.140625
105979.3671875
105223.8984375
104470.75
103768.3359375
103421.0390625
103150.109375
103013.9609375
103246.421875
103409.1171875
103568.9765625
104087.6875
104782.6484375
105282.921875
105732.40625
106157.5390625
106380.328125
106520.3828125
106581.7734375
106573.0390625
106585.1875
106459.03125
106217.1640625
105998.796875
105857.859375
105998.8671875
106248.0703125
106345.328125
106304.0234375
106214.625
106141.8359375
106084.4453125
106052.2421875
106073.984375
106121.625
106193.1875
106261.6953125
106317.296875
106370.953125
106457.3203125
106554.8046875
106671.375
106811.3671875
106954.875
107109.421875
107262.234375
107419.265625
107574.3828125
107725.5234375
107878.984375
108036.8984375
108201.5
108359.5
108431.0
108498.234375
108608.25
108753.3515625
108885.640625
109071.3046875
109394.984375
109794.9296875
110162.90625
110484.4375
110781.4765625
111050.5078125
111275.5703125
111507.96875
111700.078125
111885.046875
112058.0859375
112225.796875
112377.4296875
112505.1171875
112636.1015625
112746.515625
112934.2578125
113116.1640625
113240.625
113325.5546875
113360.2890625
113348.6171875
113301.6484375
113234.2734375
113138.3359375
113068.5703125
112926.9296875
112747.046875
112527.671875
