25400.0
25400.0
25400.0
25400.0
25400.0
25400.0
25400.0
25400.0
25400.0
25400.0
25400.0
25400.0
25400.0
25400.0
25400.0
25400.0
25400.0
25400.0
25400.0
25400.0
25400.0
25400.0
25400.0
25400.0
36159.58984375
50344.33203125
61702.125
71469.9765625
79607.84375
85765.9921875
90103.421875
94570.5703125
98590.5078125
102165.84375
105359.375
108325.6640625
111278.2578125
116852.078125
124013.3125
131494.484375
140316.46875
148484.484375
155368.140625
162394.328125
169128.046875
175364.734375
169846.296875
163992.484375
158664.71875
154262.421875
150064.296875
146522.984375
143956.0
141755.859375
140205.90625
139015.546875
138300.0
137949.65625
138100.859375
138353.0625
138669.671875
139024.296875
139365.15625
139581.625
139616.375
139637.421875
139937.53125
140253.421875
140368.28125
140416.578125
140236.609375
139566.21875
138948.78125
138543.171875
137924.75
137132.515625
136104.28125
134966.71875
133949.171875
133099.890625
132191.078125
131193.828125
130180.1328125
129085.4140625
127959.734375
126873.890625
125847.765625
124833.9140625
123771.4140625
122709.8984375
121737.359375
120655.0234375
119628.4296875
118603.78125
117646.7421875
116712.703125
115823.6328125
115002.5859375
114195.03125
113449.203125
112722.1171875
112037.1875
111447.4140625
110828.765625
110263.015625
109707.703125
109198.0
108683.84375
108190.7265625
107740.15625
107302.9453125
106904.5546875
106517.625
106153.703125
105842.8203125
105518.921875
105223.234375
104934.890625
104671.171875
104414.0234375
104171.5234375
103949.0546875
103731.9921875
103531.4765625
103331.84375
