25400.0
25400.0
25399.98828125
24948.82421875
24682.5859375
24797.498046875
24840.7421875
24851.40234375
24855.56640625
24858.896484375
24865.455078125
24872.318359375
24878.62109375
24884.587890625
24891.927734375
24896.80078125
24901.029296875
24904.724609375
24908.3125
24911.787109375
24913.814453125
25138.23046875
33989.4375
46722.88671875
55568.20703125
61699.1015625
66811.2265625
71139.8203125
75657.296875
79786.2109375
83761.9765625
87848.4140625
91359.40625
94994.296875
98437.4765625
102408.515625
105175.6015625
108370.921875
112950.6875
117955.0390625
122555.5625
127002.0390625
132504.640625
138147.734375
139193.640625
137337.875
135678.15625
133912.84375
132148.421875
130325.5625
128599.28125
126943.1796875
125315.1875
123739.5
122309.1015625
121405.4296875
120432.5859375
119601.6875
118749.390625
117869.421875
117092.2578125
116508.0078125
116045.8671875
115726.828125
115469.0078125
115241.0
115062.1015625
114936.6484375
114802.390625
114680.8203125
114519.3203125
114413.5859375
114366.0
114353.40625
114363.0703125
114505.5546875
114647.8515625
114782.1640625
114904.125
114995.03125
115052.4375
115101.1796875
115138.9765625
115169.3671875
115186.75
115170.25
115111.234375
115091.6796875
115157.359375
115213.9140625
115229.921875
115208.9609375
115139.2109375
115071.3125
114994.28125
114920.9921875
114833.2578125
114724.1484375
114603.6953125
114472.40625
114408.8671875
114460.4140625
114608.5234375
114696.03125
114734.7265625
114736.5703125
114701.9453125
114626.6015625
114517.8828125
114391.65625
114268.390625
114177.1171875
114101.515625
114026.6171875
113932.3515625
113815.265625
113684.5390625
113512.4375
113320.6796875
113095.21875
112872.3125
112604.984375
112302.25
112026.671875
111764.96875
111540.6328125
111326.1015625
