25400.0
25400.0
25400.0
25157.28515625
24948.06640625
24887.46875
24887.46875
24887.46875
24893.318359375
24943.337890625
24952.74609375
24956.025390625
24958.37109375
24960.544921875
24962.65625
24966.017578125
24968.09375
24969.638671875
24970.787109375
24972.005859375
24972.98046875
24973.068359375
24972.0390625
24982.16015625
32931.48046875
46106.1171875
54865.9453125
62101.9375
69667.96875
77108.84375
83013.171875
88755.1484375
93663.1875
98542.6953125
102969.6953125
107109.7421875
110839.5078125
114138.4609375
117384.265625
120529.75
123754.9140625
126896.5
129657.8828125
132713.75
132657.640625
131169.828125
129805.921875
128426.8125
127147.2109375
125931.4609375
124653.0703125
123458.1328125
122378.9140625
121401.4765625
120570.1875
119691.859375
118919.4453125
118001.859375
117215.4296875
116450.1484375
115690.8359375
114923.2109375
114066.8203125
113234.015625
112465.6015625
111999.7265625
111809.1953125
111507.1953125
111108.390625
110608.8671875
110172.7265625
109811.2421875
109554.8359375
109302.609375
109060.75
108759.9921875
108402.5859375
108070.8671875
107849.1171875
107800.203125
107825.703125
107897.640625
108023.65625
108202.9921875
108441.8515625
108668.421875
108871.21875
109033.1640625
109182.4140625
109337.28125
109494.7421875
109688.203125
109889.6640625
110105.28125
110332.609375
110560.7265625
110773.5625
110960.3203125
111151.90625
111336.7734375
111522.5390625
111698.21875
111847.5390625
112003.296875
112139.2890625
112266.328125
112379.375
112491.078125
112601.2890625
112740.890625
112885.5
113010.0390625
113120.2734375
113212.8984375
113289.046875
113373.8828125
113450.1328125
113516.625
113569.3203125
113568.65625
113560.0390625
113550.875
113540.0
113530.5078125
113519.7734375
