25400.0
25400.0
25400.0
25400.0
25400.0
25400.0
25400.0
25400.0
25400.0
25400.0
25400.0
25400.0
25400.0
25400.0
25400.0
25400.0
25400.0
25400.0
25400.0
28210.185546875
47445.0859375
62665.10546875
75799.109375
85906.90625
93537.5078125
100151.5390625
105812.40625
110191.5390625
113876.734375
117013.640625
120014.9140625
122645.5546875
125094.6328125
127192.9921875
129260.875
131151.171875
132407.953125
133309.5625
134025.5625
134087.515625
135955.953125
141101.65625
143698.890625
139956.140625
136778.890625
134203.4375
132117.484375
130139.0234375
129129.625
129028.7578125
129286.6640625
129779.5078125
130338.6171875
130842.15625
131451.5
132276.921875
133496.0625
134387.4375
134954.703125
134958.40625
134632.609375
134131.78125
133405.9375
132537.40625
131935.15625
131577.328125
131057.4921875
130408.3671875
129644.4609375
128840.3203125
127954.2109375
127075.4921875
126212.53125
125293.734375
124491.34375
123744.359375
123082.6640625
122441.9296875
121724.8671875
121041.5390625
120332.0859375
119644.2109375
118904.5
118154.7421875
117434.09375
116703.796875
116014.484375
115323.6328125
114630.2890625
114031.390625
113397.4375
112810.75
112230.2265625
111691.7890625
111170.625
110675.0234375
110248.484375
109828.4296875
109429.9453125
109025.546875
108632.546875
108289.3125
107923.546875
107586.5390625
107259.2109375
106959.1171875
106665.1796875
106388.2734375
106136.609375
105893.1484375
105670.8984375
105454.765625
105251.921875
105079.71875
104901.625
104740.78125
104586.7578125
104448.6171875
104317.1015625
104192.4765625
104079.8984375
103972.1875
103875.5859375
103782.9765625
