25400.0
25400.0
25400.0
25312.177734375
25134.857421875
25095.75390625
25095.75390625
25095.75390625
25095.75390625
25095.75390625
25095.75390625
25095.75390625
25095.75390625
25095.75390625
25095.75390625
25099.177734375
25115.6171875
25118.734375
25119.427734375
25119.875
25120.23828125
25120.623046875
25120.9609375
25121.302734375
25121.609375
25121.896484375
25122.166015625
25122.380859375
25122.630859375
25122.86328125
25122.599609375
25122.19140625
25121.333984375
25120.560546875
25139.326171875
37010.5078125
51189.859375
61069.4765625
70250.09375
76847.1875
82847.921875
87677.0546875
91120.1953125
93915.8828125
96358.6015625
98688.2265625
101037.9296875
103261.953125
105375.546875
107362.2890625
109267.7890625
110952.2578125
112558.7890625
114116.9375
115332.4140625
116456.59375
117399.2890625
118288.21875
119134.1640625
120002.4375
121179.5078125
122460.84375
123722.171875
124819.3828125
125854.3828125
126777.6953125
127607.515625
128543.3125
129453.2578125
130345.2421875
131187.6875
131967.640625
132597.625
133044.578125
136251.671875
137060.53125
137278.359375
134785.140625
133131.734375
131706.109375
130393.9296875
129057.1015625
128116.2109375
127249.0234375
126145.2890625
125146.3359375
124479.578125
123768.4453125
122951.5625
122454.1953125
122014.5078125
121472.21875
120911.2421875
120359.0625
119945.6171875
119661.609375
119545.1796875
119738.3046875
119886.40625
119930.9921875
119903.0390625
119858.140625
119830.46875
119858.7578125
119924.5390625
120005.6015625
120084.0078125
120240.53125
120385.9609375
120520.015625
120716.1171875
120892.734375
121053.3671875
121197.34375
121318.9375
121458.390625
121602.625
121736.2421875
121883.46875
122050.2109375
122218.625
122422.0
122596.859375
122736.6796875
122856.8984375
