25400.0
25400.0
24922.3203125
24625.265625
24837.703125
24750.7109375
24398.890625
24259.326171875
24209.220703125
24205.103515625
24209.935546875
24216.611328125
24225.91796875
24241.00390625
24259.27734375
24282.171875
24310.87109375
24352.322265625
24407.796875
24476.54296875
24675.072265625
25015.970703125
25162.87109375
25211.251953125
25227.9140625
25236.41015625
25242.029296875
25246.65625
25250.60546875
25253.478515625
25253.041015625
25464.318359375
26293.98828125
28218.77734375
32573.4375
38650.55859375
45561.7109375
52024.1796875
57591.09765625
62620.609375
67062.09375
70686.0
73971.2421875
76645.2578125
79416.2265625
81629.5390625
85494.5390625
90445.8828125
97078.6796875
104520.6953125
111734.5859375
119501.6796875
127678.578125
135597.078125
143230.359375
150000.671875
157173.578125
159310.609375
157798.78125
156250.453125
154504.09375
152619.90625
150797.78125
148860.9375
146965.9375
145101.015625
143793.21875
142513.34375
141104.40625
139766.953125
138408.625
137120.40625
135852.453125
134642.953125
133594.234375
132352.6875
131079.328125
129767.7890625
128349.4609375
127061.7421875
126061.984375
125673.3984375
125084.234375
124289.6015625
123436.2890625
122720.1640625
122164.8515625
121673.09375
121270.203125
120931.65625
120610.5625
120324.3671875
120057.1875
120038.28125
120048.5546875
120046.578125
120048.8359375
120073.5
120115.2265625
120181.140625
120256.078125
120350.34375
120470.109375
120561.6484375
120646.0234375
120704.2890625
120685.1171875
120622.078125
120551.609375
120474.6171875
120379.0
120269.984375
120154.015625
120006.28125
119902.578125
119797.546875
119633.640625
119434.78125
119190.3125
118913.6953125
118583.25
118227.7109375
117906.0546875
117574.453125
117295.8984375
117028.9765625
