25400.0
25400.0
25400.0
25400.0
25398.140625
25396.380859375
25394.30078125
25392.625
25391.3359375
25390.451171875
25389.83203125
25389.423828125
25389.1640625
25388.9921875
25388.884765625
25388.814453125
25388.771484375
25388.74609375
25388.728515625
25388.720703125
25388.60546875
25388.25390625
25387.78125
27073.30078125
46989.5078125
63552.265625
76606.984375
85697.2109375
91652.0390625
95207.7421875
98347.015625
101691.3828125
105029.8359375
107861.8359375
110586.03125
113000.4765625
114976.1484375
116761.8984375
118358.9765625
119862.3671875
121219.6796875
122361.59375
123500.546875
124706.5390625
126138.7265625
127630.90625
128872.7265625
129957.828125
130947.1875
134150.359375
135517.6875
135868.6875
132492.875
130035.5703125
127557.796875
125870.84375
124274.984375
122938.3515625
121352.203125
119964.203125
119193.4453125
118510.4921875
117927.4765625
117432.4609375
117144.515625
116942.0078125
116731.6484375
116599.6875
116748.6015625
117320.8828125
117888.4765625
118441.25
118907.1796875
119723.484375
120496.7265625
121228.390625
121885.859375
122458.6171875
123059.0078125
123575.859375
123900.1875
124209.2890625
124448.8359375
124723.75
124982.8828125
125181.3984375
125200.9296875
125002.8046875
124691.484375
124410.328125
124119.203125
123842.6171875
123551.4453125
123257.515625
123066.15625
122905.53125
122682.6796875
122384.359375
122052.2578125
121717.8125
121366.1875
121012.0546875
120587.9140625
120146.5703125
119657.3359375
119171.2265625
118668.890625
118170.2421875
117692.03125
117202.25
116733.90625
116260.03125
115794.1875
115378.484375
114925.7421875
114496.515625
114062.6015625
113645.7109375
113216.28125
112790.8125
112385.484375
111974.6640625
111579.8359375
111178.609375
