25400.0
25400.0
25400.0
25400.0
25400.0
25400.0
25400.0
25400.0
25400.0
25400.0
25400.0
25400.0
25400.0
25400.0
25400.0
25400.0
25400.0
25400.0
25400.0
25400.0
25400.0
25400.0
25400.0
25400.0
25400.0
25400.0
25400.0
25400.0
25400.0
25400.0
25400.0
25400.0
25400.0
25400.0
25400.0
25400.0
25400.0
25400.0
25400.0
25400.0
25400.0
25400.0
25400.0
25400.0
25400.0
25400.0
25400.0
25400.0
25400.0
25400.0
25400.0
25400.0
25400.0
25400.0
25400.0
25400.0
25400.0
25400.0
25400.0
25400.0
25400.0
25400.0
32766.94140625
41723.1015625
46826.3984375
49696.56640625
51835.4140625
53461.16015625
54937.05078125
56344.78125
57539.515625
58459.80859375
59204.0546875
59959.7109375
60697.34765625
61477.3203125
62311.4375
63089.671875
64054.01171875
64885.59375
65705.09375
66492.78125
67296.7578125
68151.2578125
69105.765625
70294.265625
71494.265625
72850.015625
74334.015625
76133.96875
78839.0859375
81625.09375
85050.2890625
88538.125
92379.84375
96622.2421875
100552.3515625
104667.5859375
109031.453125
113264.65625
117276.5859375
120814.53125
124580.3046875
128122.0390625
131757.609375
135461.0
139437.875
143384.6875
146820.359375
150119.640625
153032.875
155748.75
158144.3125
159952.265625
161879.21875
163580.4375
165275.6875
167175.90625
169074.796875
170871.9375
172558.875
174170.65625
175658.71875
176959.28125
