25400.0
25399.607421875
24803.603515625
25103.73046875
24841.001953125
24171.11328125
23485.6015625
23448.59765625
23589.7734375
23865.775390625
24500.416015625
24791.78125
24893.517578125
24933.75
25303.482421875
27436.078125
34722.046875
47566.98828125
62741.453125
81183.2578125
95795.921875
107184.1875
111191.2421875
113651.0703125
114714.1171875
114911.421875
114530.1640625
113959.7109375
113228.75
112433.8515625
111670.4296875
110750.5390625
109656.7421875
108505.4375
107463.328125
106485.265625
105585.421875
104821.234375
104136.3203125
103569.5390625
103025.6875
102517.5
102080.53125
101633.421875
101235.0703125
100878.390625
100593.5078125
100430.1640625
100341.65625
100236.0
100122.140625
100011.3359375
99901.890625
99876.921875
99856.25
99836.9453125
99710.546875
99564.6484375
99420.8359375
99273.015625
99124.4921875
98934.578125
98811.609375
98994.875
98931.7421875
98774.5625
98612.3359375
98433.328125
98265.1875
98095.890625
97954.7421875
97922.984375
97875.4765625
97796.5625
97705.359375
97620.359375
97538.0546875
97446.1640625
97365.6875
97283.4765625
97209.890625
97153.59375
97119.328125
97099.0078125
97087.1328125
97078.6328125
97076.5546875
97149.28125
97238.6015625
97298.3046875
97326.8515625
97337.515625
97359.671875
97404.640625
97434.234375
97474.34375
97524.3828125
97587.4453125
97663.8125
97743.625
97828.734375
97915.4921875
97992.4375
98075.296875
98151.6171875
98221.9765625
98294.171875
98404.4921875
98518.0859375
98628.9140625
98747.7734375
98875.3671875
99015.671875
99171.796875
99330.7890625
99518.9375
99705.328125
99898.34375
100081.5859375
100266.1953125
100474.03125
100663.859375
100864.25
101068.8984375
101356.5234375
