25400.0
25400.0
24527.076171875
24192.1953125
22964.111328125
22012.9921875
21724.556640625
22129.681640625
22743.4765625
22842.2109375
23155.544921875
24100.2265625
24624.712890625
24790.712890625
24841.048828125
24863.1171875
24879.98046875
24896.203125
24913.06640625
24940.71484375
24973.873046875
25226.005859375
26229.86328125
30030.29296875
37954.73046875
48679.1953125
60019.921875
66044.09375
69346.9921875
71893.5546875
73889.875
75864.578125
77708.5625
79277.4296875
80558.3828125
81876.6484375
82975.1328125
83835.75
84607.6796875
85264.2109375
85853.0
86487.4375
87011.25
87632.203125
88264.328125
88837.734375
89316.03125
89745.2734375
90124.1171875
90442.8984375
90747.5859375
91051.234375
91367.1328125
91680.0859375
91959.4375
92275.6015625
92592.5625
92935.75
93309.21875
93695.4375
94067.4453125
94507.9609375
94935.640625
95293.6875
95615.640625
95890.359375
96079.1015625
96264.59375
96462.359375
96679.9296875
96894.8515625
97033.1171875
97102.90625
97141.625
97160.65625
97151.125
97131.3515625
97112.890625
97136.171875
97186.4921875
97237.9296875
97300.5390625
97366.28125
97577.4375
97800.1875
97972.125
98097.296875
98186.4765625
98451.6171875
98761.8828125
99041.1953125
99341.3046875
99606.015625
99845.796875
100030.8671875
100203.6171875
100374.78125
100532.3828125
100680.4375
100812.15625
100939.7109375
101072.625
101197.640625
101346.875
101496.21875
101650.734375
101806.390625
101974.34375
102133.1953125
102261.9375
102367.0859375
102482.3046875
102550.3515625
102610.5625
102645.1484375
102665.5859375
102669.4296875
102658.203125
102639.1171875
102609.3125
102571.2578125
102526.828125
102462.640625
102407.6171875
102342.75
