25400.0
25400.0
24818.41015625
24729.62109375
23148.240234375
21714.361328125
21911.36328125
22636.935546875
23623.2421875
24445.640625
24748.59765625
24826.982421875
24852.466796875
24872.318359375
24890.080078125
24902.662109375
24940.234375
25286.646484375
27082.8515625
32275.181640625
41173.47265625
51990.16015625
60322.84765625
68214.3125
74281.1171875
79555.8125
84028.8125
88039.4375
91335.578125
93634.9609375
95562.03125
96896.7109375
97926.9375
98725.1875
99387.953125
99921.96875
100224.859375
100285.171875
100261.1953125
100196.8515625
100187.0703125
100144.390625
100065.4609375
99968.7421875
99921.4765625
99883.78125
99830.3515625
99717.796875
99606.9609375
99495.203125
99381.1796875
99256.078125
99121.203125
98994.3203125
98851.59375
98714.03125
98576.46875
98449.515625
98466.1796875
98489.546875
98500.5546875
98531.0546875
98564.7421875
98584.046875
98587.6171875
98577.53125
98553.640625
98524.921875
98491.328125
98453.859375
98411.65625
98368.953125
98320.90625
98273.53125
98226.890625
98178.453125
98128.609375
98079.5703125
98021.875
97962.9453125
97900.859375
97839.71875
97774.8828125
97710.0234375
97649.6015625
97587.46875
97534.484375
97490.5546875
97449.1796875
97410.015625
97359.9609375
97310.5625
97259.703125
97210.90625
97159.828125
97108.1015625
97057.1015625
97004.7578125
96955.078125
96915.453125
96929.359375
96950.359375
96972.7734375
96990.15625
97009.453125
97022.203125
97031.171875
97037.359375
97042.0546875
97047.015625
97052.515625
97058.6328125
97065.6953125
97072.6015625
97079.921875
97091.90625
97117.5546875
97135.015625
97147.5078125
97155.171875
97160.875
97165.015625
97167.34375
97169.5546875
