38.2107
49.2348
59.5064
60.3696
61.2933
61.2933
61.2933
61.2933
61.2933
61.2933
61.2933
61.2933
61.2933
61.2933
61.2933
61.2933
68.3904
69.924
69.9508
69.9508
69.9508
69.9508
69.9508
69.9508
69.9508
69.9508
69.9508
69.9508
69.9508
69.9508
71.3737
86.2357
88.1317
88.1317
88.1317
88.1317
88.1317
88.1317
88.1317
88.1317
88.1317
88.1317
88.1317
88.1317
88.1317
88.1317
88.1317
88.1317
91.1981
100.314
100.314
100.314
100.314
100.314
100.314
100.314
100.314
100.314
100.314
100.314
100.314
100.314
102.525
102.525
102.525
102.525
102.525
102.525
102.525
102.525
102.525
102.525
102.525
102.525
102.525
102.525
102.525
102.525
102.525
104.942
110.452
142.46
151.163
171.437
172.017
186.13
194.384
208.018
211.208
221.726
227.977
231.044
232.97
245.254
255.272
255.272
255.272
260.876
262.311
262.404
