20000.0
20000.0
20000.0
20000.0
20000.0
20000.0
20000.0
20000.0
20000.0
20000.0
20000.0
20000.0
20000.0
20000.0
20000.0
20000.0
20000.0
20000.0
20000.0
20000.0
20000.0
20000.0
20000.0
20000.0
20000.0
20000.0
20000.0
20000.0
20000.01171875
20000.0
19999.9765625
20000.0
20000.0
20000.0
20000.0
20000.0
20000.0
19999.998046875
20000.0
20000.0
20000.0
20000.0
20000.0
20000.0
20000.0
20000.0
20000.0
20000.0
20000.0
19881.423828125
19520.4765625
19177.58203125
18826.87109375
18459.591796875
18037.517578125
17618.404296875
17261.662109375
16880.7109375
16437.751953125
15971.0986328125
15545.2333984375
15134.291015625
14746.837890625
14378.7568359375
14019.0712890625
13685.6279296875
13356.814453125
13038.6484375
12762.791015625
12471.5625
12203.443359375
11948.580078125
11722.5322265625
11499.822265625
11284.1669921875
11095.4794921875
10907.3955078125
10730.3974609375
10547.033203125
10367.283203125
10209.9228515625
10041.0498046875
9890.80859375
9727.43359375
9563.8046875
9413.056640625
9250.572265625
9086.7919921875
8937.3720703125
8806.3662109375
8682.2978515625
8549.802734375
8440.5703125
8321.744140625
8211.5927734375
8096.08251953125
7976.68603515625
7850.87158203125
7730.271484375
7621.44091796875
7516.3720703125
7420.22216796875
7322.6005859375
7224.32470703125
7133.49609375
7028.23876953125
6929.5302734375
6832.5224609375
6742.55712890625
6652.76318359375
6565.9921875
6484.64013671875
6403.39404296875
6326.35205078125
6248.38427734375
6172.19921875
6105.11962890625
6032.71826171875
5964.05615234375
5894.89111328125
5829.86865234375
5764.4931640625
5702.79296875
5646.994140625
5590.69482421875
5536.90625
5482.38134765625
