20000.0
20000.0
20000.0
20000.0
20000.0
20000.0
20000.0
20000.0
20000.0
20000.0
20000.0
20000.0
20000.0
20000.0
20000.0
20000.0
20000.0
20000.0
20000.0
20000.0
20000.0
20000.0
20000.0
20000.0
20000.0
20000.0
20000.0
19999.994140625
20000.0
20000.0
20000.0
20000.0
20000.0
20000.0
20000.0
20000.0
20000.0
20000.0
20000.0
20000.0
20000.0
20000.0
20000.0
19999.998046875
20000.0
19999.998046875
20000.0
20000.0
20000.0
20000.0
20000.0
20000.0
19999.998046875
19999.998046875
19999.998046875
18957.18359375
17493.986328125
16383.5595703125
15476.21484375
14661.2861328125
13805.181640625
13027.9443359375
12374.236328125
11766.8857421875
11229.693359375
10701.671875
10189.6875
9729.8154296875
9273.0478515625
8874.4609375
8504.3779296875
8178.99169921875
7870.6279296875
7586.73046875
7336.677734375
7104.64208984375
6900.759765625
6706.77392578125
6530.5322265625
6386.23681640625
6246.5712890625
6122.267578125
6003.595703125
5896.95556640625
5794.59716796875
5699.4384765625
5613.65380859375
5531.3671875
5458.54638671875
5387.162109375
5316.9052734375
5254.65087890625
5189.44384765625
5129.9501953125
5071.892578125
5018.3798828125
4965.43896484375
4914.63720703125
4867.375
4820.42919921875
4776.67333984375
4733.13916015625
4692.125
4657.35205078125
4620.28369140625
4585.2509765625
4549.75927734375
4516.025390625
4481.71923828125
4447.7939453125
4414.94775390625
4381.27001953125
4348.94384765625
4315.841796875
4283.11279296875
4253.91650390625
4222.14111328125
4193.05419921875
4162.2265625
4130.54541015625
4096.36376953125
4061.22119140625
4026.615234375
3990.30615234375
3954.943603515625
3917.796142578125
