20000.0
20000.0
20000.0
19999.99609375
20000.0
19999.99609375
20000.0
20000.0
20000.0
20000.0
20000.0
20000.0
20000.0
20000.0
20000.0
20000.0
20000.0
20000.0
20000.0
20000.0
20000.0
20000.0
20000.0
19999.76171875
19999.82421875
20000.0
20000.0
20000.0
20000.0
20000.0
20000.0
20000.0
20000.0
20000.0
19817.5234375
19078.087890625
18303.1796875
17547.029296875
16958.505859375
16468.8203125
16022.2060546875
15670.8623046875
15349.5302734375
14975.9326171875
14523.890625
14119.7255859375
13828.8759765625
13525.5146484375
13228.04296875
12944.759765625
12659.251953125
12393.9072265625
12134.71875
11910.6005859375
11728.5595703125
11535.3154296875
11343.802734375
11165.2021484375
11008.1357421875
10860.74609375
10724.9814453125
10602.2255859375
10476.8564453125
10358.5380859375
10239.8408203125
10125.5087890625
10025.8642578125
9918.12890625
9814.9326171875
9708.8818359375
9605.7919921875
9494.884765625
9384.6259765625
9279.46484375
9172.4609375
9069.1708984375
8963.572265625
8862.5908203125
8772.5673828125
8673.033203125
8577.7275390625
8482.935546875
8394.31640625
8307.3076171875
8225.1025390625
8149.2109375
8074.87890625
8006.02392578125
7936.755859375
7867.52099609375
7802.2216796875
7732.70947265625
7668.4462890625
7586.3974609375
7509.7568359375
7437.509765625
7371.56884765625
7312.544921875
7255.6123046875
7203.69384765625
7152.97705078125
7105.13427734375
7064.0546875
7020.8466796875
6980.54541015625
6939.86279296875
6901.47802734375
6862.94482421875
6825.7626953125
6791.59716796875
6757.72412109375
6726.5537109375
6695.98974609375
6666.68798828125
6641.3017578125
6614.3916015625
6589.58837890625
6565.04345703125
6542.1474609375
6519.41552734375
6497.498046875
6477.0576171875
6456.22265625
6435.74169921875
6414.6064453125
