20000.0
20000.0
20000.0
20000.0
20000.0
19999.998046875
20000.0
20000.0
20000.0
20000.0
20000.0
20000.0
20000.0
20000.0
20000.0
20000.0
20000.0
20000.0
20000.0
20000.0
20000.0
20000.0
20000.0
20000.0
20000.0
20000.0
20000.0
20000.0
20000.0
20000.0
20000.0
20000.0
20000.0
20000.0
20000.0
20000.0
20000.0
19999.79296875
20000.009765625
19999.998046875
19999.9921875
20000.0
20000.0
19999.984375
20000.0
20000.0
20000.0
20000.0
20000.0
20000.0
20000.0
20000.0
20000.0
20000.0
20000.0
20000.0
20000.0
20000.0
20000.0
20000.0
20000.0
20000.0
20000.0
20000.0
20000.0
19737.8203125
18954.046875
18243.890625
17658.69921875
17071.296875
16505.994140625
15984.48046875
15497.2431640625
15026.728515625
14592.779296875
14200.00390625
13815.59375
13466.4501953125
13073.3935546875
12747.7236328125
12485.8369140625
12213.9931640625
11964.1005859375
11716.43359375
11493.591796875
11277.439453125
11048.7333984375
10801.2158203125
10565.5751953125
10360.494140625
10159.626953125
9953.3740234375
9768.017578125
9559.1201171875
9362.1240234375
9172.8583984375
9005.6796875
8842.759765625
8681.984375
8529.076171875
8375.978515625
8232.8271484375
8090.64794921875
7954.4443359375
7842.203125
7726.57275390625
7614.779296875
7500.36376953125
7391.40625
7280.07373046875
7169.12158203125
7049.74755859375
6925.13232421875
6807.39111328125
6689.1533203125
6572.6787109375
6469.58203125
6357.705078125
6250.83740234375
6141.87158203125
6038.41845703125
5935.4892578125
5837.806640625
5753.24072265625
5668.4794921875
5586.99755859375
5503.45458984375
