20000.0
20000.0
20000.0
20000.0
20000.0
20000.0
20000.0
20000.0
20000.0
20000.0
20000.0
20000.0
20000.0
20000.0
20000.0
20000.0
20000.0
20000.0
20000.0
20000.0
20000.0
20000.0
20000.0
20000.0
20000.0
20000.0
20000.0
20000.0
20000.0
20000.0
20000.0
20000.0
20000.0
20000.0
20000.0
20000.0
20000.0
20000.0
20000.0
20000.0
20000.0
20000.0
20000.0
19999.998046875
20000.0
19999.99609375
20000.0
20000.0
20000.0
19999.99609375
20000.0
20000.0
20000.0
20000.0
20000.0
20000.0
20000.0
20000.0
20000.0
20000.0
20000.0
20000.0
20000.0
20000.0
20000.0
20000.0
20000.0
19999.994140625
20000.0
20000.0
20000.0
20000.0
20000.0078125
20000.0
20000.0
20000.0
20000.0
20000.0
20000.0
20000.0
20000.0
20000.0
20000.0
20000.0
20000.0
20000.0
20000.0
20000.0
20000.0
20000.0
20000.0
20000.0
20000.0
19572.318359375
18695.212890625
17906.994140625
17200.783203125
16525.57421875
15911.783203125
15318.0400390625
14765.701171875
14310.64453125
13879.5146484375
13455.1904296875
13078.439453125
12691.4287109375
12346.6181640625
12017.513671875
11714.697265625
11413.4609375
11124.1767578125
10855.55859375
10588.9365234375
10338.4951171875
10087.4921875
9836.1640625
9614.5029296875
9359.3623046875
9116.8681640625
8878.74609375
8658.6748046875
8438.154296875
8219.2412109375
8010.56787109375
7798.57421875
7608.89794921875
7419.16650390625
