20000.0
20000.0
18806.20703125
18111.0703125
17651.73046875
17509.376953125
17833.73046875
18270.734375
18747.615234375
19200.603515625
19645.296875
20000.0
20000.0
20000.0
20000.0
20000.0
20000.0
20000.0
20000.0
20000.0
20000.0
19999.978515625
20000.0
20000.001953125
20000.0
18482.333984375
17103.353515625
16143.2958984375
15349.595703125
14720.736328125
14093.9375
13568.125
13095.958984375
12699.7822265625
12328.0068359375
11993.0908203125
11696.6416015625
11411.9130859375
11155.0927734375
10909.75
10680.671875
10487.0791015625
10289.6708984375
10114.6650390625
9937.689453125
9777.9443359375
9628.2197265625
9491.0771484375
9367.8837890625
9248.5146484375
9136.099609375
9025.5537109375
8921.0732421875
8831.240234375
8748.578125
8680.287109375
8612.357421875
8548.283203125
8483.2236328125
8419.380859375
8359.0087890625
8298.2412109375
8240.8818359375
8180.783203125
8121.29931640625
8069.28271484375
8013.70361328125
7961.33642578125
7908.5947265625
7858.66943359375
7808.08056640625
7758.359375
7710.99755859375
7663.27294921875
7620.7294921875
7577.3544921875
7533.60009765625
7492.9248046875
7447.68017578125
7404.271484375
7359.92138671875
7317.4267578125
7273.9990234375
7231.03369140625
7189.3251953125
7146.79638671875
7106.517578125
7065.86669921875
7026.08251953125
6990.75537109375
6952.267578125
6915.58837890625
6878.37060546875
6843.03857421875
6807.52978515625
6772.62060546875
6739.166015625
6704.91552734375
6672.45849609375
6639.65625
6607.45751953125
6578.82861328125
6547.66259765625
6517.9423828125
6487.7470703125
6459.05908203125
6429.99658203125
6401.45751953125
6374.97021484375
6348.6279296875
6323.51806640625
6297.82470703125
6272.98193359375
6250.8212890625
6226.32763671875
6202.71435546875
6178.4150390625
6155.05078125
6131.15771484375
6107.64208984375
6085.2958984375
6062.60302734375
6041.28564453125
6019.81103515625
