20000.0
20000.0
20000.0
20000.0
20000.0
20000.0
20000.0
20000.0
20000.0
20000.0
20000.0
20000.0
20000.0
20000.0
20000.0
20000.0
20000.0
20000.0
20000.0078125
20000.0
20000.0
20000.0
20000.0
20000.0
19999.98828125
20000.0
19999.99609375
20000.0
20000.0
20000.0
20000.0
20000.0
19999.98828125
20000.0
20000.0
19999.998046875
19999.998046875
19838.04296875
19042.451171875
18304.447265625
17476.916015625
16696.4296875
16071.19921875
15501.1533203125
14880.2724609375
14317.072265625
13756.328125
13256.4970703125
12797.7568359375
12410.9775390625
12065.1796875
11742.9951171875
11413.0673828125
11077.8291015625
10753.96875
10469.056640625
10164.9833984375
9891.3154296875
9621.8212890625
9358.423828125
9090.123046875
8852.953125
8644.1162109375
8427.5048828125
8219.5302734375
8008.962890625
7780.2724609375
7575.5869140625
7365.0322265625
7172.83984375
6984.87353515625
6817.36669921875
6659.28466796875
6515.5595703125
6385.62890625
6259.3857421875
6143.439453125
6029.59033203125
5922.033203125
5829.40087890625
5732.04150390625
5642.61328125
5556.220703125
5477.8076171875
5401.396484375
5329.494140625
5263.8115234375
5198.830078125
5138.73779296875
5079.0673828125
5021.6259765625
4972.009765625
4919.833984375
4871.6640625
4823.75634765625
4779.22998046875
4734.97998046875
4693.7451171875
4654.7314453125
4614.9423828125
4576.09228515625
4536.12109375
4495.98388671875
4459.24072265625
4418.38671875
4379.10107421875
4338.81005859375
4300.09765625
4260.427734375
4221.12646484375
4183.8203125
4145.828125
4109.24658203125
4071.6142578125
4039.6083984375
4009.512939453125
3975.5048828125
3942.42333984375
3907.1787109375
3869.75439453125
3828.4482421875
3785.757080078125
3743.589599609375
3699.456787109375
3656.676513671875
3612.5537109375
