20000.0
20000.0
20000.0
20000.0
20000.0
20000.0
20000.0
20000.0
20000.0
20000.0
20000.0
20000.0
20000.0
20000.0
20000.0
20000.0
20000.0
20000.0
20000.0
20000.0
20000.0
20000.0
20000.0
20000.0
20000.0
20000.0
20000.0
20000.0
20000.0
20000.0
20000.0
20000.0
20000.0
20000.0
20000.0
19999.388671875
19997.869140625
19999.96484375
20000.0
19999.994140625
20000.0
20000.0
20000.0
20000.0
20000.0
20000.0
20000.0
20000.0
20000.0
20000.0
19999.9921875
20000.0
20000.0
19999.998046875
20000.0
19999.962890625
20000.0
20000.0
20000.0
20000.0
20000.0
20000.0
20000.0
20000.0
19999.994140625
20000.0
20000.0
20000.0
20000.0
20000.0
19999.99609375
20000.0
20000.0
20000.0
20000.0
19999.98828125
19216.412109375
18456.013671875
17710.44140625
17039.015625
16332.197265625
15659.4775390625
14999.2412109375
14384.462890625
13848.740234375
13343.607421875
12874.658203125
12425.525390625
12014.7236328125
11671.0390625
11294.78515625
10951.9404296875
10618.7080078125
10310.7998046875
10000.9375
9697.80078125
9407.4150390625
9110.75
8831.6806640625
8535.1826171875
8235.650390625
7979.78271484375
7714.169921875
7473.6298828125
7240.36865234375
7039.75048828125
6844.64892578125
6657.31298828125
6485.31298828125
6321.46484375
6177.91064453125
6038.03857421875
5910.65673828125
5805.54443359375
5696.20556640625
5595.2880859375
5494.31396484375
5399.8037109375
5306.7900390625
5221.5087890625
5143.03125
5064.81005859375
4991.87548828125
4919.6171875
