20000.0
20000.0
20000.0
20000.0
20000.0
20000.0
20000.0
20000.0
20000.0
20000.0
20000.0
20000.0
20000.0
20000.0
20000.0
20000.0
20000.0
20000.0
20000.0
20000.0
20000.0
20000.0
20000.0
20000.0
20000.0
20000.0
20000.0
20000.0
20000.0
20000.0
20000.0
19999.994140625
20000.0
20000.0
20000.0
20000.0
20000.0
20000.0
20000.0
20000.0
20000.0
20000.0
20000.0
20000.0
19999.998046875
20000.0
20000.0
20000.0
20000.0
20000.0
20000.0
20000.0
19999.998046875
20000.0
20000.0
20000.0
20000.0
20000.0
20000.0
20000.0
20000.0
20000.0
20000.0
20000.0
20000.0
20000.0
20000.0
20000.0
20000.0
20000.0
20000.0
19999.998046875
20000.0
20000.0
20000.0
20000.0
20000.0
20000.0
20000.0
20000.001953125
19973.951171875
18943.4296875
17906.40625
16928.482421875
15992.96875
15141.78125
14380.7890625
13642.7861328125
12955.3935546875
12285.3310546875
11657.6884765625
11117.4267578125
10553.79296875
10036.64453125
9538.79296875
9090.62109375
8656.1552734375
8245.798828125
7868.626953125
7503.1728515625
7169.70703125
6862.5478515625
6581.01806640625
6354.61767578125
6131.765625
5923.66796875
5714.2080078125
5518.7314453125
5321.90625
5134.04150390625
4963.3505859375
4799.048828125
4652.87158203125
4510.63330078125
4375.1494140625
4257.9404296875
4130.888671875
4012.95654296875
3899.233642578125
3796.32763671875
3696.592041015625
3602.752197265625
3516.65576171875
3432.057373046875
3354.165771484375
3277.60595703125
