20000.0
20000.0
20000.0
20000.0
20000.0
20000.0
20000.0
20000.0
20000.0
20000.0
20000.0
20000.0
20000.0
20000.0
20000.0
20000.0
20000.0
20000.0
20000.0
20000.0
20000.0
20000.0
20000.0
20000.0
20000.0
20000.0
20000.0
20000.0
19999.998046875
19999.96875
19999.986328125
20000.0
20000.0
20000.0
20000.0
20000.0
19999.966796875
20000.0
20000.0
20000.0
20000.0
19878.501953125
19346.890625
18863.328125
18392.55078125
17965.92578125
17552.708984375
17158.822265625
16794.482421875
16432.041015625
16098.638671875
15775.4736328125
15470.0849609375
15205.966796875
14925.3642578125
14665.1796875
14408.91796875
14138.9521484375
13838.4306640625
13599.48828125
13386.171875
13174.55078125
12978.73046875
12786.4013671875
12602.6201171875
12461.5341796875
12325.2109375
12198.3095703125
12071.552734375
11953.4873046875
11814.494140625
11593.9404296875
11391.8134765625
11235.111328125
11117.3369140625
11018.1806640625
10930.78125
10857.869140625
10771.7626953125
10687.0888671875
10603.32421875
10525.8212890625
10447.861328125
10365.021484375
10282.927734375
10202.1220703125
10128.0107421875
10054.6884765625
9984.96484375
9925.5498046875
9864.5791015625
9810.015625
9757.408203125
9708.2216796875
9658.1630859375
9609.109375
9563.666015625
9518.2578125
9475.6875
9433.0537109375
9391.546875
9354.98046875
9315.4306640625
9278.314453125
9241.01953125
9205.89453125
9170.5869140625
9136.2685546875
9103.91796875
9069.8740234375
9034.982421875
8999.5341796875
8965.53125
8936.0302734375
8904.587890625
8875.29296875
8845.8779296875
8818.2060546875
8790.3681640625
8763.189453125
8737.517578125
8711.6171875
8687.083984375
8662.3408203125
