20000.0
20000.0
20000.0
20000.0
20000.0
20000.0
20000.0
20000.0
20000.0
20000.0
20000.0
20000.0
20000.0
20000.0
20000.0
20000.0
20000.0
20000.0
20000.0
20000.0
20000.0
20000.0
19999.998046875
20000.0
19999.99609375
20000.0
20000.0
20000.001953125
20000.0
20000.0
19999.998046875
19999.998046875
20000.0
20000.021484375
20000.0
19554.228515625
18976.818359375
18447.78515625
17987.025390625
17551.6484375
17134.54296875
16785.01171875
16424.083984375
16091.8271484375
15767.3046875
15469.654296875
15179.9453125
14904.255859375
14646.3408203125
14393.6240234375
14160.798828125
13936.669921875
13718.5576171875
13527.0810546875
13324.0244140625
13136.201171875
12950.3466796875
12777.078125
12604.2001953125
12445.7734375
12305.8466796875
12162.38671875
12026.5341796875
11890.7158203125
11759.611328125
11645.921875
11533.8369140625
11435.7158203125
11341.2470703125
11254.6748046875
11169.8466796875
11087.2060546875
11004.171875
10919.935546875
10841.6396484375
10764.9873046875
10692.654296875
10630.6123046875
10564.494140625
10499.904296875
10434.4462890625
10377.826171875
10321.8115234375
10256.9169921875
10205.087890625
10157.3173828125
10115.66796875
10076.140625
10039.7861328125
10010.1875
9976.9326171875
9939.0
9903.623046875
9873.19140625
9826.095703125
9779.0888671875
9732.759765625
9682.525390625
9614.2841796875
9533.6904296875
9449.455078125
9370.5859375
9275.8173828125
9179.0234375
9071.9638671875
8964.232421875
8849.7861328125
8737.1923828125
8633.896484375
8532.1865234375
8438.16796875
8344.5927734375
8255.9677734375
8179.37744140625
8098.1240234375
8021.66552734375
7942.4072265625
7864.1943359375
7783.93212890625
7705.8466796875
7632.35888671875
7556.19580078125
7482.8115234375
7404.44482421875
