20000.0
20000.0
20000.0
20000.0
20000.0
20000.0
20000.0
20000.0
20000.0
20000.0
20000.0
20000.0
20000.0
20000.0
20000.0
20000.0
20000.0
20000.0
20000.0
20000.0
20000.0
20000.0
20000.0
20000.0
20000.0
20000.0
20000.0
20000.0
20000.0
20000.0
20000.0
19999.998046875
20000.001953125
19999.998046875
19999.994140625
20000.0
19999.9921875
20000.0
20000.0
20000.0
20000.0
20000.0
20000.0
19295.38671875
18447.1171875
17748.9453125
17166.0546875
16604.994140625
16086.2734375
15641.7109375
15213.0
14844.0986328125
14491.17578125
14031.47265625
13636.1220703125
13278.8193359375
12963.8623046875
12652.822265625
12350.1982421875
12039.0498046875
11764.4599609375
11520.751953125
11285.7021484375
11066.7275390625
10843.546875
10628.09765625
10423.1552734375
10207.4423828125
10011.7978515625
9819.146484375
9639.62890625
9459.181640625
9279.6513671875
9105.5751953125
8932.7158203125
8778.9287109375
8619.833984375
8460.7880859375
8318.578125
8164.30859375
8020.66650390625
7878.5498046875
7744.76171875
7604.3134765625
7467.6474609375
7341.00390625
7214.689453125
7103.53125
6999.576171875
6892.65234375
6795.5048828125
6688.07861328125
6585.6435546875
6482.5576171875
6385.41650390625
6287.44873046875
6191.63232421875
6099.19091796875
6005.73779296875
5920.2392578125
5834.478515625
5748.7255859375
5670.79931640625
5587.84375
5510.78466796875
5433.833984375
5361.6865234375
5288.87646484375
5218.09619140625
5150.77783203125
5082.29150390625
5017.37646484375
4945.6640625
4877.97021484375
4819.48681640625
4756.4970703125
4697.89599609375
4638.95556640625
4585.3232421875
4532.4921875
4480.40869140625
4430.20947265625
4379.27294921875
4330.87060546875
4282.3408203125
