17582.51953125
16589.541015625
15713.46484375
15293.654296875
15112.4814453125
15081.22265625
15197.9462890625
15670.240234375
16174.1357421875
16687.67578125
17157.01171875
17609.4609375
18028.826171875
18405.89453125
18768.06640625
19098.9765625
19424.583984375
19738.9765625
20000.0
20000.0
20000.0
20000.0
18738.419921875
16543.06640625
14944.81640625
13937.82421875
13185.7958984375
12584.2099609375
12000.5068359375
11481.26953125
11075.8212890625
10687.830078125
10356.2685546875
10038.271484375
9754.2607421875
9495.8720703125
9261.96484375
9051.1201171875
8849.0966796875
8668.3935546875
8492.8427734375
8319.15234375
8173.947265625
8031.45458984375
7921.97216796875
7831.8896484375
7750.650390625
7672.744140625
7599.39599609375
7531.31005859375
7463.92333984375
7401.5771484375
7340.16259765625
7281.3408203125
7229.76708984375
7174.06982421875
7121.36572265625
7068.2431640625
7018.1474609375
6967.73876953125
6918.64892578125
6872.25537109375
6825.45556640625
6781.19189453125
6735.38134765625
6689.115234375
6648.38427734375
6604.8203125
6565.02734375
6525.1435546875
6486.98681640625
6447.9111328125
6409.1552734375
6372.0966796875
6334.28955078125
6298.17919921875
6261.7431640625
6226.14404296875
6194.80029296875
6160.78466796875
6128.28857421875
6095.099609375
6063.4482421875
6031.18603515625
5999.36083984375
5968.384765625
5936.47900390625
5905.9697265625
5875.0791015625
5844.77197265625
5817.8984375
5788.7578125
5761.107421875
5733.1298828125
5706.54443359375
5679.47119140625
5652.74365234375
5627.2373046875
5601.21484375
5576.34228515625
5550.94580078125
5525.83740234375
5503.3857421875
5478.8076171875
5455.29833984375
5431.29638671875
5408.31884765625
5385.564453125
5363.9228515625
5343.44970703125
5322.86181640625
5303.32470703125
5283.24365234375
5263.17724609375
5245.31982421875
5226.484375
5208.697265625
5190.55712890625
5173.18603515625
5155.47216796875
5138.107421875
5121.80908203125
5105.41943359375
5089.9091796875
5074.27099609375
