20000.0
20000.0
20000.0
20000.0
20000.0
20000.0
20000.0
20000.0
20000.0
20000.0
20000.0
20000.0
20000.0
20000.0
20000.0
20000.0
20000.0
20000.0
20000.0
20000.0
19999.99609375
20000.0
20000.0
20000.0
20000.0
20000.0
20000.0
20000.0
20000.0
20000.0
20000.0
20000.0
20000.0
20000.0
20000.0
20000.0
20000.0
20000.0
20000.0
19999.998046875
19999.998046875
20000.0
20000.0
19999.998046875
19997.802734375
19352.888671875
18539.96875
17905.3203125
17367.15234375
16825.654296875
16337.7841796875
15877.6201171875
15439.3173828125
15063.7255859375
14650.294921875
14289.3876953125
13954.6787109375
13667.34375
13401.38671875
13160.7890625
12946.3466796875
12738.8115234375
12546.4033203125
12363.0166015625
12187.6396484375
12027.158203125
11849.1142578125
11673.5537109375
11494.8916015625
11329.1943359375
11161.8125
10998.01953125
10831.072265625
10628.7392578125
10447.4931640625
10264.642578125
10085.7724609375
9928.38671875
9761.8876953125
9609.5927734375
9455.533203125
9302.8447265625
9144.552734375
8990.365234375
8845.3955078125
8704.052734375
8577.0234375
8448.33203125
8322.71875
8212.53125
8093.40087890625
7981.76220703125
7871.53662109375
7770.037109375
7671.1904296875
7578.8876953125
7490.29296875
7400.9013671875
7317.11962890625
7232.982421875
7151.17724609375
7079.0693359375
7000.13427734375
6923.34375
6843.09326171875
6764.732421875
6683.14404296875
6601.27734375
6523.6611328125
6445.392578125
6372.09521484375
6298.85400390625
6227.064453125
6163.47802734375
6094.4091796875
6027.94189453125
5958.29931640625
5885.95556640625
5806.52734375
5724.43701171875
5643.59130859375
5559.03857421875
5476.9609375
5392.6796875
