19533.431640625
18264.810546875
17374.283203125
16836.171875
16709.3984375
16832.60546875
17094.615234375
17783.3046875
18421.115234375
19019.423828125
19538.47265625
20000.0
20000.0
20000.0
20000.0
20000.0
20000.0
20000.0
20000.0
20000.0
19999.45703125
17514.763671875
16226.2744140625
15292.767578125
14501.193359375
13903.458984375
13428.142578125
13052.3232421875
12718.2490234375
12417.4443359375
12162.2255859375
11914.6826171875
11697.5947265625
11490.0537109375
11301.9140625
11121.498046875
10955.1884765625
10797.4365234375
10629.3251953125
10465.51171875
10299.7939453125
10137.5068359375
9997.236328125
9851.501953125
9718.1455078125
9582.8046875
9447.962890625
9304.09765625
9161.572265625
9020.134765625
8870.990234375
8731.3798828125
8593.51953125
8461.6083984375
8346.8359375
8249.4482421875
8162.001953125
8072.40478515625
7986.4033203125
7896.55078125
7811.40283203125
7723.9072265625
7631.08203125
7543.83447265625
7456.59228515625
7370.63037109375
7293.796875
7210.07177734375
7130.3232421875
7049.2197265625
6971.96728515625
6893.27001953125
6815.56494140625
6741.27587890625
6665.0556640625
6591.99951171875
6517.4453125
6443.4814453125
6376.99853515625
6303.8115234375
6233.40771484375
6161.20654296875
6092.81982421875
6017.14892578125
5943.08642578125
5874.38818359375
5806.2197265625
5742.60693359375
5678.25
5614.94287109375
5559.11572265625
5499.46240234375
5443.85498046875
5388.02783203125
5334.931640625
5280.7392578125
5227.34326171875
5176.61181640625
5125.50927734375
5076.99169921875
5027.8525390625
4979.82373046875
4937.52587890625
4891.94580078125
4849.0009765625
4805.67236328125
4764.3203125
4721.94140625
4679.9072265625
4639.708984375
4598.85498046875
4560.04931640625
4520.68994140625
4482.0654296875
4447.7373046875
4410.41943359375
4374.98291015625
4339.44677734375
4305.89111328125
4271.79296875
4238.21923828125
4206.197265625
4173.61767578125
4142.60986328125
4111.01708984375
