20000.0
20000.0
20000.0
20000.0
20000.0
20000.0
20000.0
20000.0
20000.0
20000.0
20000.0
20000.0
20000.0
20000.0
20000.0
20000.0
20000.0
20000.0
20000.0
20000.0
20000.0
20000.0
20000.0
20000.0
20000.0
20000.0
20000.0
20000.0
20000.0
20000.0
20000.0
19999.548828125
20000.0
19999.96484375
19999.998046875
20000.0
20000.0
19580.15625
18926.828125
18323.4609375
17800.658203125
17384.81640625
16973.251953125
16600.740234375
16243.4404296875
15931.9912109375
15639.1982421875
15362.6201171875
15107.677734375
14860.8251953125
14636.6884765625
14418.30859375
14201.4267578125
14016.029296875
13823.0068359375
13643.57421875
13463.6611328125
13296.810546875
13128.96484375
12959.9111328125
12800.623046875
12640.1962890625
12489.46875
12342.609375
12199.8251953125
12072.072265625
11932.6875
11801.185546875
11675.7021484375
11562.9755859375
11444.79296875
11328.4169921875
11219.1298828125
11110.60546875
11010.1064453125
10910.8291015625
10815.642578125
10735.4443359375
10649.140625
10566.998046875
10483.107421875
10403.1767578125
10322.94140625
10245.6318359375
10174.994140625
10104.533203125
10038.2041015625
9972.4814453125
9909.236328125
9855.0771484375
9799.5302734375
9749.2578125
9698.84375
9653.056640625
9609.6005859375
9569.7294921875
9533.873046875
9499.1630859375
9466.9423828125
9432.1552734375
9401.4580078125
9375.1103515625
9349.8837890625
9312.0458984375
9263.5869140625
9218.8173828125
9158.763671875
9080.583984375
8997.5126953125
8909.8212890625
8820.0849609375
8724.7666015625
8629.779296875
8541.6103515625
8442.203125
8349.458984375
8258.189453125
8173.92529296875
8087.88232421875
8000.388671875
7918.14404296875
7837.43505859375
7763.265625
7689.92724609375
