20000.0
20000.0
20000.0
20000.0
20000.0
20000.0
20000.0
20000.0
20000.0
20000.0
20000.0
20000.0
20000.0
20000.0
20000.0
20000.0
20000.0
20000.0
20000.0
20000.0
20000.0
20000.0
20000.0
19999.94921875
20000.0
20000.0
20000.0
20000.0
20000.0
20000.0
20000.0
20000.0
20000.0
20000.0
20000.0
19999.994140625
20000.0
20000.0
20000.0
20000.0
20000.0
19999.9921875
19952.16015625
19199.4453125
18271.5234375
17460.220703125
16776.33984375
16083.232421875
15440.783203125
14911.83984375
14437.064453125
14031.453125
13683.345703125
13375.5810546875
13119.2783203125
12848.8916015625
12596.498046875
12341.251953125
12095.4580078125
11838.982421875
11584.6337890625
11341.6689453125
11097.26171875
10867.7783203125
10630.0107421875
10400.9228515625
10205.9521484375
10002.57421875
9805.982421875
9608.2578125
9427.5869140625
9251.5615234375
9084.3173828125
8929.0224609375
8772.681640625
8627.052734375
8485.65234375
8350.33984375
8229.0078125
8098.40087890625
7979.14013671875
7863.10693359375
7757.05078125
7653.35302734375
7555.13330078125
7465.7998046875
7379.62890625
7300.076171875
7221.513671875
7146.45751953125
7081.49072265625
7013.17138671875
6950.2294921875
6890.24462890625
6834.9091796875
6779.791015625
6726.5419921875
6676.33251953125
6625.6416015625
6577.732421875
6529.79150390625
6483.5078125
6443.16162109375
6400.10498046875
6359.27294921875
6318.84814453125
6281.36083984375
6243.98681640625
6208.09130859375
6174.716796875
6141.544921875
6110.62060546875
6079.765625
6050.0908203125
6024.20751953125
5996.5888671875
5970.81494140625
5945.166015625
5921.169921875
5897.31396484375
5874.24609375
5852.69775390625
5831.283203125
5811.53662109375
5791.99658203125
