20000.0
20000.0
20000.0
20000.0
20000.0
20000.0
20000.0
20000.0
20000.0
20000.0
20000.0
20000.0
20000.0
20000.0
20000.0
20000.0
20000.0
20000.0
20000.0
20000.0
20000.0
20000.0
20000.0
20000.0
20000.0
20000.0
19999.998046875
20000.0
19999.990234375
20000.0
20000.0
20000.0
19999.98828125
20000.0
20000.0
19999.98828125
20000.0
20000.0
20000.0
19999.99609375
20000.0
20000.0
20000.0
20000.0
20000.0
20000.0
20000.0
20000.0
20000.0
20000.0
20000.0
20000.0
19686.03125
19169.64453125
18695.1015625
18285.9765625
17653.8046875
16895.89453125
16140.8662109375
15502.2568359375
14930.0771484375
14428.57421875
13994.076171875
13568.6240234375
13197.3564453125
12851.6640625
12536.64453125
12269.3720703125
11988.744140625
11715.9228515625
11436.6611328125
11175.4130859375
10932.126953125
10723.6796875
10534.8486328125
10350.2451171875
10181.4541015625
10016.439453125
9859.5107421875
9722.9990234375
9576.048828125
9432.146484375
9284.265625
9147.3369140625
9010.7294921875
8878.71484375
8754.162109375
8628.248046875
8510.853515625
8394.666015625
8283.255859375
8185.68017578125
8074.669921875
7965.41455078125
7852.91845703125
7746.5166015625
7634.16015625
7491.2626953125
7377.0283203125
7272.412109375
7175.1552734375
7078.16015625
6985.6376953125
6905.6982421875
6818.38916015625
6724.28369140625
6622.45703125
6524.96728515625
6430.0029296875
6341.9541015625
6262.30517578125
6184.69287109375
6113.11474609375
6041.6416015625
5971.173828125
5908.72412109375
5840.83203125
5775.44384765625
5708.3564453125
5644.26953125
5578.7900390625
5514.8583984375
5453.5166015625
5389.8671875
5322.21826171875
5251.2578125
