20000.0
20000.0
20000.0
20000.0
20000.0
20000.0
20000.0
20000.0
20000.0
20000.0
20000.0
20000.0
20000.0
20000.0
20000.0
20000.0
20000.0
20000.0
20000.0
20000.0
20000.0
20000.0
20000.0
20000.0
20000.0
20000.0
20000.0
20000.0
20000.0
19999.998046875
20000.0
19999.650390625
20000.0
20000.0
20000.0
19999.99609375
20000.0
20000.0
20000.0
19999.998046875
20000.0
20000.0
20000.0
20000.0
20000.0
20000.0
19999.998046875
20000.0
20000.0
20000.0
20000.0
20000.0
20000.0
20000.0
20000.0
20000.0
20000.0
20000.0
20000.0
20000.0
19999.9921875
20000.0
20000.0
20000.0
19999.99609375
19999.998046875
20000.0
20000.0
20000.0
20000.0
20000.0
19659.58984375
18734.97265625
17912.9765625
17115.6484375
16321.0478515625
15528.87109375
14832.4580078125
14198.576171875
13642.810546875
13049.025390625
12447.5302734375
11934.0654296875
11407.1826171875
10918.017578125
10436.353515625
9983.0517578125
9530.94921875
9100.875
8709.541015625
8332.0283203125
8026.49658203125
7706.72021484375
7393.89990234375
7120.802734375
6833.7568359375
6570.9521484375
6315.76123046875
6085.39990234375
5864.51025390625
5661.30029296875
5474.8544921875
5283.99169921875
5108.962890625
4936.646484375
4773.56494140625
4632.365234375
4483.56005859375
4346.61328125
4208.373046875
4080.92041015625
3955.271484375
3837.867431640625
3726.31884765625
3618.326171875
3520.41845703125
3425.947509765625
3337.273193359375
3261.513427734375
3182.51123046875
3112.338134765625
3045.2255859375
2982.311767578125
2919.090087890625
2857.3173828125
2798.79052734375
2739.6240234375
2682.97216796875
2624.653076171875
