20000.0
20000.0
20000.0
20000.0
20000.0
20000.0
20000.0
20000.0
20000.0
20000.0
20000.0
20000.0
20000.0
20000.0
20000.0
20000.0
20000.0
20000.0
20000.0
20000.0
20000.0
20000.0
20000.0
20000.0
20000.0
20000.0
20000.0
20000.0
20000.0
20000.0
20000.0
20000.0
20000.0
20000.0
20000.0
20000.0
20000.0
20000.0
20000.0
20000.0
20000.0
20000.0
20000.0
19999.908203125
20000.0
20000.0
19999.99609375
20000.0
19999.962890625
20000.0
20000.0
20000.0
20000.0
19999.9921875
20000.001953125
20000.0
20000.0
20000.0
19999.9921875
20000.0
19999.990234375
20000.0
20000.0
20000.0
20000.0
20000.0
20000.0
20000.0
20000.0
20000.0
20000.0
20000.0
20000.0
20000.0
20000.0
20000.0
20000.0
20000.0
20000.0
20000.0
20000.0
20000.0
20000.0
20000.0
20000.0
20000.0
20000.0
20000.0
20000.0
20000.0
20000.0
20000.0
20000.0
20000.0
20000.0
19999.994140625
20000.0
20000.0
20000.0
20000.0
20000.0
20000.0
20000.0
20000.0
20000.0
20000.0
19931.96875
19508.408203125
19066.044921875
18643.755859375
18205.142578125
17796.36328125
17406.6484375
16966.0
16539.302734375
16096.3427734375
15700.3671875
15338.986328125
15024.1181640625
14740.23046875
14482.7587890625
14241.056640625
13995.048828125
13745.912109375
13422.9970703125
