20000.0
20000.0
20000.0
20000.0
20000.0
20000.0
20000.0
20000.0
20000.0
20000.0
20000.0
20000.0
20000.0
20000.0
20000.0
20000.0
20000.0
19999.990234375
19999.994140625
20000.0
20000.0
20000.0
20000.0
19789.99609375
18498.384765625
17441.4140625
16556.798828125
15844.6513671875
15249.30859375
14729.3974609375
14301.1669921875
13876.6318359375
13496.068359375
13141.146484375
12835.01953125
12550.2158203125
12285.2939453125
12045.5390625
11815.8056640625
11604.173828125
11344.05859375
11148.6650390625
10984.712890625
10810.408203125
10652.25
10488.9267578125
10328.578125
10170.611328125
10011.330078125
9858.9716796875
9706.7373046875
9563.8251953125
9398.0771484375
9236.3857421875
9105.287109375
8977.99609375
8855.2841796875
8727.95703125
8611.9296875
8501.8349609375
8401.3408203125
8310.140625
8213.62109375
8119.09033203125
8022.83544921875
7927.578125
7842.82373046875
7756.029296875
7677.74853515625
7602.6083984375
7534.603515625
7466.84423828125
7399.39111328125
7335.078125
7270.14453125
7208.86279296875
7148.06396484375
7089.39453125
7038.9541015625
6989.1298828125
6942.220703125
6893.87255859375
6847.3115234375
6799.4931640625
6752.373046875
6707.52734375
6661.7392578125
6617.60498046875
6572.095703125
6525.953125
6483.83251953125
6437.56005859375
6393.64892578125
6349.1572265625
6306.48583984375
6262.90478515625
6219.806640625
6178.29833984375
6135.72021484375
6094.74609375
6052.34765625
6009.8515625
5971.98486328125
5929.576171875
5887.837890625
5845.0986328125
5804.33740234375
5762.556640625
5720.96142578125
5680.9453125
5639.91650390625
5600.57421875
5560.3505859375
5520.658203125
5486.15966796875
5449.52099609375
5415.55029296875
5381.75
5350.15478515625
5318.5673828125
5287.7841796875
5258.59716796875
5228.69677734375
5198.3154296875
5168.30419921875
