20000.0
20000.0
20000.0
20000.0
20000.0
20000.0
20000.0
20000.0
20000.0
20000.0
20000.0
20000.0
20000.0
20000.0
20000.0
20000.0
20000.0
20000.0
20000.0
20000.0
20000.0
20000.0
20000.0
20000.0
20000.0
20000.0
20000.0
20000.0
20000.0
20000.0
20000.0
20000.0
20000.0
20000.0
20000.0
20000.0
20000.0
19995.451171875
19999.986328125
20000.0
20000.0
20000.0
19999.998046875
20000.0
19999.994140625
20000.0
19999.99609375
20000.0
20000.0
20000.0
20000.0
20000.0
20000.0
20000.0
20000.0
20000.0
20000.0
19999.998046875
20000.0
19999.912109375
20000.0
20000.0
20000.0
20000.0
20000.0
20000.0
20000.0
20000.0
20000.0
20000.0
20000.0
20000.0
20000.0
20000.0
20000.0
20000.0
20000.0
20000.0
20000.0
20000.0
19999.998046875
20000.0
19772.375
19362.419921875
18929.779296875
18489.9140625
18074.822265625
17703.552734375
17335.23046875
16991.67578125
16708.966796875
16415.8125
16139.1171875
15854.72265625
15585.533203125
15325.408203125
15084.306640625
14867.5224609375
14655.6083984375
14457.990234375
14260.8876953125
14073.3984375
13911.1171875
13738.029296875
13574.5185546875
13412.30859375
13271.7841796875
13130.5517578125
12999.2265625
12870.4697265625
12738.888671875
12614.720703125
12488.712890625
12356.3115234375
12237.8388671875
12109.935546875
11987.568359375
11863.615234375
11744.8876953125
11622.40625
11500.5380859375
11382.9501953125
11262.0107421875
11145.8349609375
11026.3212890625
