20000.0
20000.0
20000.0
19253.78125
18735.119140625
18504.7265625
18561.314453125
18826.01171875
19243.6875
19647.541015625
20000.0
20000.0
20000.0
20000.0
20000.0
20000.0
20000.0
20000.0
20000.0
20000.0
20000.0
20000.0
20000.0
19999.9921875
19638.58984375
18872.28515625
18190.458984375
17543.146484375
17004.986328125
16518.85546875
16068.3095703125
15612.7412109375
15157.794921875
14770.087890625
14364.3408203125
13984.73828125
13627.017578125
13300.1875
13000.822265625
12699.890625
12421.2861328125
12147.8037109375
11892.2509765625
11635.263671875
11385.2490234375
11165.53125
10927.408203125
10701.2841796875
10464.6181640625
10237.375
10020.83203125
9820.12890625
9629.7626953125
9441.7431640625
9269.3896484375
9111.7919921875
8984.923828125
8867.880859375
8743.78125
8627.7880859375
8511.16796875
8401.3994140625
8290.8134765625
8179.88232421875
8072.01513671875
7961.564453125
7856.064453125
7748.95068359375
7642.06396484375
7546.3134765625
7442.8603515625
7346.7294921875
7251.9775390625
7164.76171875
7080.388671875
7000.1376953125
6924.93310546875
6847.70458984375
6771.1533203125
6697.80615234375
6628.59619140625
6568.970703125
6505.15966796875
6445.31201171875
6384.71044921875
6326.63037109375
6266.82763671875
6207.42529296875
6150.25439453125
6091.5576171875
6035.35498046875
5978.0
5921.41796875
5871.47216796875
5819.39794921875
5768.529296875
5716.2783203125
5666.61279296875
5616.10693359375
5564.095703125
5513.88671875
5464.36865234375
5419.75830078125
5377.59521484375
5335.34716796875
5296.14990234375
5252.486328125
5210.7275390625
5168.59326171875
5129.0380859375
5090.12890625
5053.2509765625
5019.13134765625
4985.20263671875
4953.359375
4920.59326171875
4888.8095703125
4861.17138671875
4831.65087890625
4803.92724609375
4776.0908203125
4749.771484375
4723.18701171875
4697.1201171875
4672.39599609375
4647.27294921875
4623.408203125
4599.0908203125
