20000.0
20000.0
20000.0
20000.0
20000.0
20000.0
20000.0
20000.0
20000.0
20000.0
20000.0
20000.0
20000.0
20000.0
20000.0
20000.0
20000.0
20000.0
20000.0
20000.0
20000.0
20000.0
20000.0
20000.0
20000.0
20000.0
20000.0
20000.0
20000.0
20000.0
20000.0
20000.0
20000.0
20000.0
20000.0
20000.0
19999.76953125
20000.0
19999.9453125
20000.0
19999.958984375
20000.0
20000.0
19999.998046875
20000.0
20000.0
20000.00390625
20000.0
20000.0
20000.0
20000.0
20000.0
19999.998046875
20000.0
19999.998046875
19999.869140625
20000.0
20000.0
20000.0
20000.0
20000.0
20000.0
20000.0
20000.0
20000.0
20000.0
20000.0
19999.998046875
19999.99609375
20000.0
20000.0
20000.0
19999.99609375
19775.064453125
19398.126953125
18932.03515625
18398.099609375
17963.0859375
17528.919921875
17150.25
16782.04296875
16429.01171875
16083.7919921875
15767.763671875
15482.119140625
15199.9736328125
14950.2578125
14721.0859375
14513.24609375
14340.111328125
14159.5
13992.1220703125
13826.2626953125
13673.341796875
13527.9326171875
13383.888671875
13249.544921875
13115.181640625
12988.625
12861.291015625
12735.9560546875
12623.6162109375
12501.5458984375
12386.0654296875
12273.005859375
12165.7490234375
12055.927734375
11947.2822265625
11844.115234375
11740.556640625
11643.2978515625
11544.85546875
11448.2900390625
11363.6337890625
11272.3193359375
11186.119140625
11099.3623046875
11017.4638671875
10933.640625
10850.833984375
10772.2822265625
10692.58203125
10616.6611328125
10539.4228515625
