20000.0
20000.0
20000.0
20000.0
20000.0
20000.0
20000.0
20000.0
20000.0
20000.0
20000.0
20000.0
20000.0
20000.0
20000.0
20000.0
20000.0
20000.0
20000.0
20000.0
20000.0
20000.0
20000.0
20000.0
20000.0
20000.0
20000.0
20000.0
20000.0
20000.0
20000.0
20000.0
20000.0
20000.0
20000.0
20000.0
20000.0
20000.0
20000.0
20000.0
20000.0
19999.857421875
20000.0
20000.001953125
19999.9765625
20000.0
20000.0
19999.9921875
20000.0
20000.0
20000.0078125
20000.0
20000.001953125
20000.001953125
20000.0
20000.0
19999.994140625
20000.0
20000.0
20000.0
20000.0
20000.0
20000.0
20000.0
20000.0
20000.0
20000.0
20000.0
20000.0
20000.0
20000.0
20000.0
20000.0
20000.0
20000.0
20000.0
20000.0
20000.0
19999.939453125
20000.0
20000.0
20000.0
19999.99609375
20000.0
19999.9296875
19999.927734375
19999.9765625
20000.0
19643.642578125
19152.6953125
18732.783203125
18271.7890625
17859.818359375
17488.958984375
17181.935546875
16881.451171875
16605.111328125
16362.279296875
16135.404296875
15929.046875
15718.32421875
15514.9609375
15337.578125
15149.8046875
14975.9521484375
14807.015625
14654.2587890625
14500.28125
14350.0537109375
14213.08984375
14077.17578125
13949.455078125
13820.4697265625
13694.8408203125
13584.0205078125
13464.3271484375
13351.1240234375
13236.9853515625
13128.732421875
13019.5625
12912.8203125
12811.1787109375
12706.2958984375
12606.1494140625
12503.46875
