20000.0
20000.0
18861.37109375
18308.11328125
17757.05859375
17431.275390625
17334.123046875
17562.77734375
17924.32421875
18338.126953125
18738.86328125
19136.923828125
19512.455078125
19853.787109375
20000.0
20000.0
20000.0
20000.0
20000.0
20000.0
20000.0
20000.0
20000.0
20000.0
20000.0
20000.0
20000.0
20000.0
20000.0
20000.0
20000.0
20000.0
20000.0
20000.0
20000.0
20000.0
19999.990234375
19999.9453125
20000.0
19730.962890625
18505.74609375
17691.796875
17195.953125
16839.099609375
16604.244140625
16428.484375
16237.263671875
16006.76953125
15712.2109375
15452.80078125
15228.1123046875
15044.771484375
14878.984375
14722.853515625
14585.46875
14433.38671875
14292.79296875
14158.6181640625
14039.3154296875
13906.3134765625
13751.2197265625
13598.5087890625
13446.0458984375
13307.1953125
13172.126953125
13046.1796875
12937.3818359375
12822.32421875
12713.962890625
12602.5615234375
12495.34375
12391.0244140625
12292.7265625
12195.1591796875
12093.1533203125
11994.5947265625
11893.158203125
11794.5703125
11706.4443359375
11605.5537109375
11498.34765625
11388.1318359375
11282.98046875
11177.0908203125
11074.4912109375
10968.9990234375
10856.9580078125
10748.716796875
10638.279296875
10528.6640625
10429.1484375
10318.3505859375
10212.9306640625
10102.904296875
9995.884765625
9883.6806640625
9772.087890625
9666.3388671875
9560.6416015625
9462.80078125
9366.7841796875
9274.634765625
9189.09375
9088.828125
8990.041015625
8889.666015625
8796.533203125
8719.0712890625
8648.2392578125
8581.0
8515.5185546875
8454.97265625
8394.2802734375
8334.5771484375
8280.546875
8219.6630859375
8160.052734375
8098.43603515625
8039.419921875
7979.494140625
7920.814453125
7865.23583984375
7808.822265625
7753.5341796875
7695.814453125
