20000.0
20000.0
20000.0
20000.0
20000.0
20000.0
20000.0
20000.0
20000.0
20000.0
20000.0
20000.0
20000.0
20000.0
20000.0
20000.0
20000.0
20000.0
20000.0
20000.0
20000.0
20000.0
20000.005859375
20000.0
19999.82421875
19999.998046875
20000.0
20000.0
20000.013671875
19999.990234375
20000.0
19999.99609375
19999.970703125
20000.0
20000.0
19717.74609375
19092.23828125
18529.3203125
17971.4296875
17455.10546875
16968.697265625
16529.94921875
16126.171875
15715.802734375
15336.4951171875
14972.98828125
14539.5849609375
14176.0947265625
13857.7607421875
13573.697265625
13300.197265625
13052.5947265625
12812.5341796875
12585.4345703125
12387.3212890625
12171.7353515625
11947.1201171875
11736.2216796875
11550.4873046875
11374.9462890625
11212.0234375
11021.8095703125
10819.5283203125
10627.7314453125
10453.240234375
10298.8388671875
10167.60546875
10016.814453125
9863.04296875
9692.404296875
9529.9013671875
9368.76171875
9212.2880859375
9059.4521484375
8901.515625
8748.84765625
8593.2568359375
8442.5556640625
8312.2978515625
8179.71240234375
8057.1923828125
7930.9560546875
7810.78662109375
7690.373046875
7576.28662109375
7471.328125
7357.2041015625
7248.74755859375
7140.02392578125
7032.03369140625
6935.42919921875
6830.9072265625
6732.95361328125
6633.25927734375
6537.00146484375
6438.2626953125
6350.751953125
6263.7490234375
6172.45458984375
6084.236328125
5994.92431640625
5907.53662109375
5829.8056640625
5744.51025390625
5662.38720703125
5578.2978515625
5498.00732421875
5416.9296875
5338.31201171875
5264.26513671875
5189.53173828125
5120.83447265625
5051.22314453125
4982.38818359375
4920.55615234375
4853.74755859375
4790.98974609375
4727.431640625
4667.21337890625
4610.8076171875
4554.40966796875
4500.373046875
4446.99365234375
4396.95068359375
4346.31689453125
