20000.0
20000.0
20000.0
20000.0
20000.0
19999.998046875
20000.0
20000.0
20000.0
20000.0
20000.0
20000.0
20000.0
20000.0
20000.0
20000.0
20000.0
20000.0
20000.0
20000.0
20000.0
20000.0
20000.0
20000.0
20000.0
20000.0
20000.0
20000.0
20000.0
20000.0
20000.0
20000.0
20000.0
20000.0
20000.0
20000.0
20000.0
20000.0
20000.0
20000.0
20000.0
20000.0
20000.0
20000.0
19999.845703125
19999.96484375
19998.666015625
19999.58984375
20000.001953125
20000.0
20000.0
19999.994140625
20000.0
19999.982421875
20000.00390625
20000.00390625
20000.0
20000.0
20000.0
19999.9921875
20000.0
20000.0
20000.0
20000.0
20000.0
20000.0
20000.0
19999.998046875
20000.0
20000.0
20000.0
19999.998046875
20000.0
20000.0
20000.0
20000.0
19999.990234375
20000.0
20000.0
20000.0
20000.0
20000.0
20000.0
20000.0
20000.0
20000.0
20000.0
20000.0
20000.0
20000.0
20000.0
20000.0
20000.0
20000.0
20000.0
19998.64453125
20000.0
20000.0
20000.0
20000.0
20000.0
19999.9921875
20000.0
19999.994140625
20000.0
20000.0
20000.0
20000.0
20000.0
19999.982421875
19835.5625
19510.953125
19207.583984375
18963.328125
18712.09765625
18482.22265625
18240.671875
18008.689453125
17776.52734375
17557.162109375
17357.23828125
17161.24609375
16982.302734375
16807.671875
