20000.0
20000.0
20000.0
20000.0
20000.0
20000.0
20000.0
20000.0
20000.0
20000.0
20000.0
20000.0
20000.0
20000.0
20000.0
20000.0
20000.0
20000.0
20000.0
20000.0
20000.0
20000.0
20000.0
20000.0
20000.0
20000.0
20000.0
20000.0
20000.0
20000.0
20000.0
20000.0
20000.0
20000.0
20000.0
19974.7421875
20000.0
20000.0
19999.89453125
20000.0
19999.9921875
19999.998046875
20000.0
20000.0
20000.0
20000.00390625
20000.0
20000.001953125
20000.0
20000.0
19999.994140625
20000.0
20000.0
19999.99609375
20000.0
20000.0
20000.0
20000.0
20000.0
20000.0
20000.0
20000.0
20000.0
20000.0
20000.0
20000.0
20000.0
20000.0
20000.0
20000.0
20000.0
20000.0
20000.0
20000.0
20000.0
20000.0
20000.0
19999.994140625
19999.99609375
19999.986328125
20000.0
19999.9921875
19999.998046875
20000.0
19805.44140625
19319.546875
18849.837890625
18427.169921875
18080.052734375
17719.96484375
17403.662109375
17100.392578125
16823.025390625
16548.8828125
16283.6123046875
16029.6064453125
15767.1474609375
15520.224609375
15284.5888671875
15061.6669921875
14871.5087890625
14666.2685546875
14472.8671875
14278.154296875
14095.1025390625
13917.560546875
13745.125
13581.8408203125
13419.341796875
13268.173828125
13117.2607421875
12971.123046875
12843.16796875
12705.5673828125
12575.0458984375
12445.310546875
12324.6298828125
12199.0751953125
12073.6943359375
11954.271484375
11833.1005859375
11691.16796875
11543.6142578125
