20000.0
20000.0
20000.0
20000.0
20000.0
20000.0
20000.0
20000.0
20000.0
20000.0
20000.0
20000.0
20000.0
20000.0
20000.0
20000.0
20000.0
20000.0
20000.0
20000.0
20000.0
20000.0
20000.0
20000.0
20000.0
20000.0
20000.0
20000.001953125
19999.99609375
20000.0
19999.99609375
20000.0
20000.0
19999.99609375
20000.0
20000.0
20000.0
19999.998046875
19999.9609375
20000.0
20000.0
20000.0
20000.0
20000.0
20000.0
19999.99609375
19999.99609375
20000.0
20000.0
20000.0
20000.0
19999.982421875
20000.0
20000.0
20000.0
19419.95703125
18855.767578125
18329.609375
17812.509765625
17323.951171875
16889.64453125
16479.71484375
16062.6416015625
15521.884765625
15014.294921875
14636.62109375
14269.93359375
13939.6025390625
13582.7607421875
13230.689453125
12887.6845703125
12590.5693359375
12339.8486328125
12085.6923828125
11847.9716796875
11615.69921875
11394.474609375
11196.0205078125
10973.408203125
10767.1298828125
10565.9716796875
10378.9794921875
10192.1259765625
10009.208984375
9838.7451171875
9669.4873046875
9512.1005859375
9354.0986328125
9194.2041015625
9054.181640625
8903.779296875
8730.68359375
8543.427734375
8367.3232421875
8193.3017578125
8025.490234375
7868.68115234375
7710.19970703125
7560.236328125
7409.5146484375
7264.3408203125
7141.49951171875
7011.16162109375
6888.556640625
6766.55810546875
6653.13134765625
6540.83935546875
6433.2646484375
6331.44921875
6224.2666015625
6124.21484375
6025.90673828125
5932.68115234375
5852.009765625
5767.47998046875
5690.5185546875
5614.52197265625
5544.03955078125
5473.619140625
5405.4716796875
5343.30810546875
5284.2890625
5227.001953125
5167.740234375
