20000.0
20000.0
20000.0
20000.0
20000.0
20000.0
20000.0
20000.0
20000.0
20000.0
20000.0
20000.0
20000.0
20000.0
20000.0
20000.0
20000.0
20000.0
20000.0
20000.0
20000.0
20000.0
20000.0
20000.0
20000.0
20000.0
20000.0
20000.0
20000.0
20000.0
20000.0
20000.0
20000.0
20000.0
20000.0
20000.0
20000.0
20000.0
20000.0
20000.0
20000.0
20000.0
20000.0
20000.0
20000.0
20000.0
20000.0
20000.0
19999.962890625
19999.978515625
20000.0
20000.001953125
20000.01953125
20000.0
20000.0
20000.0
20000.005859375
20000.0
20000.005859375
20000.00390625
20000.0
20000.0
20000.0
19999.9921875
20000.0
20000.0
20000.001953125
20000.0
20000.0
20000.0
20000.0
20000.0
20000.0
20000.0
20000.0
20000.0
19999.99609375
19999.98828125
20000.0
20000.0
20000.0
20000.0
20000.0
20000.0
20000.0
20000.0
20000.0
20000.0
20000.0
20000.0
20000.0
19561.84765625
19009.650390625
18478.193359375
18002.89453125
17551.341796875
17132.076171875
16708.580078125
16312.5673828125
15975.259765625
15528.2451171875
15118.42578125
14784.8388671875
14464.0537109375
14186.2255859375
13908.359375
13640.70703125
13364.76171875
13091.3505859375
12836.6328125
12596.3369140625
12379.45703125
12164.1826171875
11962.2587890625
11789.3359375
11607.6845703125
11438.2939453125
11273.7412109375
11122.3330078125
10968.58984375
10815.8154296875
10673.2587890625
10529.60546875
10386.6650390625
10236.6357421875
