20000.0
20000.0
19999.998046875
20000.0
20000.0
20000.0
20000.0
20000.0
20000.0
20000.0
20000.0
20000.0
20000.0
20000.0
20000.0
20000.0
20000.0
20000.0
20000.0
20000.0
20000.0
20000.0
20000.0
20000.0
20000.0
20000.0
20000.0
20000.0
20000.0
20000.0
19999.95703125
20000.0
20000.0
20000.0
20000.0
20000.0
20000.013671875
20000.00390625
20000.0
20000.0
20000.0
19805.201171875
19493.302734375
19267.22265625
19051.892578125
18821.70703125
18584.37109375
18294.5859375
18039.078125
17776.2265625
17518.697265625
17283.3203125
17053.0625
16833.6171875
16607.46484375
16382.6298828125
16182.958984375
15969.5615234375
15771.8662109375
15574.8583984375
15393.7998046875
15212.1455078125
15037.236328125
14872.6845703125
14705.9814453125
14538.4658203125
14367.4794921875
14200.1708984375
14052.56640625
13892.1640625
13739.396484375
13584.173828125
13435.228515625
13282.451171875
13131.9775390625
12989.7265625
12847.626953125
12714.6279296875
12581.056640625
12444.974609375
12322.8837890625
12191.935546875
12070.2099609375
11949.3505859375
11836.439453125
11723.337890625
11613.673828125
11510.603515625
11407.40234375
11310.5078125
11213.0673828125
11117.5869140625
11031.8291015625
10939.4404296875
10852.9375
10766.4384765625
10685.068359375
10601.9423828125
10516.71484375
10432.49609375
10343.791015625
10256.7607421875
10166.2197265625
10075.2138671875
9992.38671875
9900.0302734375
9810.759765625
9719.681640625
9633.2607421875
9545.560546875
9462.15625
9395.837890625
9326.833984375
9259.1904296875
9188.7587890625
9119.59375
9058.7421875
8993.328125
8931.6044921875
8869.2353515625
8810.4775390625
8749.8095703125
8688.2734375
8628.2578125
8566.28515625
8506.896484375
8446.330078125
