20000.0
20000.0
20000.0
20000.0
20000.0
20000.0
19999.9921875
20000.0
20000.0
20000.0
20000.0
20000.0
20000.0
20000.0
20000.0
20000.0
20000.0
20000.0
20000.0
20000.0
20000.0
20000.0
20000.0
20000.0
20000.0
20000.0
20000.0
20000.0
20000.0
20000.0
20000.0
20000.0
20000.0
20000.0
20000.0
19999.4921875
19999.96875
19999.90625
20000.0
20000.0
20000.0
19559.9296875
18948.865234375
18340.3984375
17815.666015625
17296.78125
16848.296875
16443.62890625
16069.1845703125
15749.4833984375
15466.9150390625
15244.513671875
15041.26953125
14853.9111328125
14694.7060546875
14514.818359375
14342.3740234375
14171.900390625
14016.015625
13834.4765625
13654.4150390625
13492.8203125
13339.888671875
13203.1044921875
13071.0234375
12945.505859375
12835.708984375
12716.9248046875
12604.0478515625
12488.3798828125
12374.84765625
12257.740234375
12142.6494140625
12034.5693359375
11927.806640625
11829.70703125
11734.3525390625
11645.1298828125
11568.9423828125
11488.55859375
11413.3212890625
11336.5166015625
11261.9189453125
11184.515625
11102.9833984375
11017.3271484375
10923.361328125
10833.447265625
10742.98046875
10656.3125
10579.7548828125
10465.6220703125
10324.509765625
10177.6767578125
10037.2236328125
9892.552734375
9750.8994140625
9617.4970703125
9479.6796875
9347.91796875
9240.771484375
9143.0625
9057.1396484375
8964.25390625
8875.66015625
8785.0078125
8697.9599609375
8608.8681640625
8521.677734375
8443.4609375
8363.2734375
8281.7294921875
8197.4208984375
8115.02099609375
8042.27001953125
7963.5224609375
7889.64013671875
7816.5419921875
7753.1171875
7689.49169921875
7624.69384765625
7561.59375
7496.7412109375
7433.9931640625
7369.21044921875
