20000.0
20000.0
20000.0
20000.0
20000.0
20000.0
20000.0
20000.0
20000.0
20000.0
20000.0
20000.0
20000.0
20000.0
20000.0
20000.0
20000.0
20000.0
20000.0
20000.0
20000.0
20000.0
20000.0
20000.0
20000.0
20000.0
20000.0
20000.0
20000.0
20000.0
20000.0
20000.0
20000.0
20000.0
20000.0
20000.0
19999.998046875
20000.0
20000.0
20000.0
19999.966796875
20000.0
19999.431640625
20000.0
20000.0
20000.0
20000.005859375
19999.94921875
19999.998046875
20000.0
20000.0
20000.0
20000.0
20000.0
20000.0
20000.0
19999.978515625
19999.96484375
20000.0
20000.0
20000.0
20000.0
20000.0
20000.0
20000.0
20000.0
20000.0
20000.0
20000.0
20000.0
20000.0
20000.0
20000.0
20000.0
20000.0
19922.796875
19562.232421875
19247.912109375
18908.3046875
18549.15234375
18203.078125
17904.787109375
17625.892578125
17372.669921875
17093.27734375
16802.84765625
16551.044921875
16290.087890625
16028.4306640625
15808.009765625
15585.009765625
15385.2373046875
15192.2236328125
15018.6884765625
14843.3818359375
14668.4609375
14498.0078125
14324.0419921875
14163.4931640625
14008.3837890625
13866.4931640625
13747.1591796875
13623.2998046875
13510.1865234375
13395.7763671875
13285.6982421875
13172.2490234375
13059.6201171875
12949.9765625
12834.19140625
12727.1318359375
12624.1455078125
12527.291015625
12442.85546875
12351.6572265625
12266.3505859375
12185.822265625
12108.166015625
12030.298828125
11958.1591796875
11891.126953125
11823.671875
11759.853515625
11694.5654296875
