20000.0
20000.0
20000.0
20000.0
19999.998046875
20000.0
20000.0
20000.0
20000.0
20000.0
20000.0
20000.0
20000.0
20000.0
20000.0
20000.0
20000.0
20000.0
20000.0
20000.0
20000.0
20000.0
20000.0
20000.0
20000.0
20000.0
20000.0
20000.0
20000.0
20000.0
20000.0
20000.0
20000.0
20000.0
20000.0
20000.0
20000.0
20000.0
20000.0
20000.0
19996.77734375
20000.0
20000.0
20000.0
20000.0
20000.0
19999.98828125
20000.0
20000.005859375
20000.0
20000.0
20000.0
19999.98046875
19999.99609375
20000.0
20000.001953125
20000.0
20000.0
20000.0
20000.0
20000.0
19999.998046875
20000.0
20000.0
20000.0
20000.0
20000.0
20000.0
20000.0
20000.0
19709.228515625
19332.615234375
18984.7578125
18636.056640625
18268.232421875
17913.458984375
17553.396484375
17205.4375
16902.666015625
16577.666015625
16269.5107421875
15950.3232421875
15651.9169921875
15358.208984375
15081.84375
14828.466796875
14578.900390625
14346.3916015625
14113.4755859375
13881.5595703125
13675.7392578125
13454.8486328125
13247.80078125
13040.814453125
12847.107421875
12648.091796875
12453.47265625
12271.2236328125
12090.35546875
11927.7421875
11787.943359375
11656.0830078125
11539.7958984375
11412.8671875
11291.0859375
11165.966796875
11016.4326171875
10855.248046875
10714.6123046875
10586.703125
10459.84765625
10342.4140625
10223.373046875
10105.5791015625
10002.8623046875
9894.70703125
9795.0673828125
9693.8310546875
9595.0751953125
9496.0029296875
9395.6328125
9304.00390625
9212.1708984375
9126.740234375
9041.1611328125
