20000.0
20000.0
20000.0
20000.0
20000.0
20000.0
20000.0
20000.0
20000.0
20000.0
20000.0
20000.0
20000.0
20000.0
20000.0
20000.0
20000.0
20000.0
20000.0
20000.0
20000.0
20000.0
20000.0
20000.0
20000.0
20000.0
20000.0
20000.0
20000.0
20000.0
20000.0
20000.0
20000.0
20000.0
20000.0
20000.0
20000.0
20000.0
20000.0
20000.0
20000.0
20000.0
20000.0
20000.0
20000.0
20000.0
20000.0
19999.98828125
19998.05859375
20000.0
19999.998046875
20000.0
20000.0
19999.9609375
20000.0
20000.00390625
20000.0
20000.0
20000.0
20000.0
20000.01953125
20000.0
20000.005859375
20000.0
20000.0
19999.978515625
20000.001953125
20000.00390625
20000.0
20000.0
20000.0
20000.001953125
20000.0
20000.0
20000.0
20000.0
20000.0
20000.0
20000.0
20000.0
20000.0
20000.0
19936.564453125
19557.587890625
19198.3828125
18851.0078125
18507.27734375
18191.935546875
17882.564453125
17593.65625
17345.873046875
17084.50390625
16841.734375
16599.859375
16365.4443359375
16130.1435546875
15906.8994140625
15699.716796875
15494.734375
15238.1376953125
14940.08984375
14645.685546875
14394.712890625
14061.8369140625
13778.822265625
13533.3251953125
13320.0380859375
13103.908203125
12901.8525390625
12723.7138671875
12558.2548828125
12409.7978515625
12267.79296875
12132.5341796875
11992.8662109375
11834.61328125
11686.9921875
11543.861328125
11411.7841796875
11283.0048828125
11155.52734375
11028.03515625
10894.396484375
10763.55078125
10630.49609375
