20000.0
20000.0
20000.0
20000.0
20000.0
20000.0
20000.0
20000.0
20000.0
20000.0
20000.0
20000.0
20000.0
20000.0
20000.0
20000.0
20000.0
20000.0
20000.0
20000.0
20000.0
20000.0
20000.0
20000.0
20000.0
20000.0
20000.0
19999.951171875
20000.0
20000.0
20000.0
19999.974609375
19896.3203125
18771.654296875
17706.5
16776.3515625
15913.1328125
15146.5048828125
14416.6787109375
13767.0986328125
13223.19140625
12724.6455078125
12262.708984375
11806.2626953125
11376.6474609375
11012.5595703125
10683.9384765625
10387.111328125
10098.4775390625
9830.873046875
9566.470703125
9313.7421875
9080.5947265625
8851.859375
8641.6748046875
8436.5791015625
8242.8837890625
8076.04931640625
7901.05712890625
7741.72509765625
7582.24560546875
7426.8466796875
7276.8994140625
7134.60546875
7001.0
6866.1416015625
6739.56982421875
6608.3076171875
6453.20263671875
6336.119140625
6215.5869140625
6104.0537109375
6000.3310546875
5903.5732421875
5804.52392578125
5713.109375
5612.07470703125
5507.201171875
5415.49560546875
5332.298828125
5235.17626953125
5147.87939453125
5063.04638671875
4985.29345703125
4903.34375
4828.73486328125
4760.50048828125
4694.40234375
4632.45654296875
4567.99365234375
4504.6923828125
4438.12255859375
4373.54296875
4318.26025390625
4260.72021484375
4211.40869140625
4161.751953125
4115.1943359375
4068.156982421875
4021.816162109375
3977.591552734375
3932.11865234375
3888.13525390625
3842.664794921875
3796.830810546875
3754.975341796875
3708.2451171875
3663.50048828125
3619.326904296875
3576.212646484375
3531.64794921875
3486.953125
3443.630859375
3398.671142578125
3355.004150390625
3309.8271484375
3264.5302734375
3222.62890625
3176.831298828125
3133.94189453125
3090.85791015625
3050.064697265625
3008.575927734375
2967.670654296875
2928.622802734375
2888.62158203125
2850.40673828125
2811.94189453125
