20000.0
20000.0
20000.0
20000.0
20000.0
20000.0
20000.0
20000.0
20000.0
20000.0
20000.0
20000.0
20000.0
20000.0
20000.0
20000.0
20000.0
20000.0
20000.0
20000.0
20000.0
20000.0
20000.0
20000.0
20000.0
20000.0
20000.0
20000.0
20000.0
20000.0
20000.0
20000.0
20000.0
20000.0
20000.0
20000.0
20000.0
20000.0
20000.0
20000.0
20000.0
20000.0
20000.0
20000.0
20000.0
20000.0
20000.0
20000.0
20000.0
20000.0
20000.0
20000.0
20000.0
20000.0
20000.0
20000.0
20000.0
20000.0
19999.97265625
20000.0
20000.0
20000.0
19999.99609375
20000.0
19999.966796875
20000.0
20000.0
20000.0
20000.0
20000.0
20000.0
20000.0
19999.994140625
20000.0
20000.0
20000.0
19999.99609375
20000.0
20000.0
20000.001953125
20000.0
20000.0
19999.92578125
20000.0
19651.580078125
19021.19921875
18463.896484375
17941.095703125
17468.63671875
17007.35546875
16570.64453125
16194.8076171875
15803.0908203125
15465.359375
15156.033203125
14883.544921875
14611.591796875
14359.267578125
14128.0400390625
13902.0712890625
13692.431640625
13483.4775390625
13259.1435546875
12996.609375
12774.033203125
12577.7060546875
12382.798828125
12200.11328125
12013.90625
11806.3759765625
11619.2939453125
11449.912109375
11299.08984375
11134.052734375
10972.9423828125
10832.0986328125
10674.7568359375
10526.255859375
10363.4111328125
10204.2041015625
10039.630859375
9875.6142578125
9723.53125
9574.28515625
9437.025390625
9304.14453125
