20000.0
20000.0
20000.0
20000.0
20000.0
20000.0
20000.0
20000.0
20000.0
20000.0
20000.0
20000.0
20000.0
20000.0
20000.0
20000.0
20000.0
20000.0
20000.0
20000.0
20000.0
20000.0
20000.0
20000.0
20000.0
19996.48046875
20000.0
20000.0
20000.0
20000.0
20000.0
20000.0
20000.0
20000.0
20000.0
20000.0
20000.0
19999.998046875
19635.3046875
19092.951171875
18569.998046875
18110.94921875
17637.279296875
17221.998046875
16816.236328125
16452.673828125
16101.439453125
15747.1259765625
15413.3798828125
15087.310546875
14796.9580078125
14519.90625
14263.205078125
14045.05859375
13817.7763671875
13601.984375
13396.998046875
13202.162109375
12953.5986328125
12754.0830078125
12577.697265625
12405.48046875
12247.1328125
12091.1748046875
11937.6533203125
11803.40234375
11658.23046875
11519.5166015625
11379.798828125
11255.287109375
11127.09375
10998.3212890625
10874.3251953125
10758.1865234375
10629.939453125
10517.9453125
10416.3818359375
10317.7060546875
10212.427734375
10118.1142578125
10025.38671875
9910.296875
9768.796875
9626.4072265625
9493.3486328125
9365.3037109375
9252.8583984375
9141.6953125
9034.5380859375
8935.142578125
8811.6923828125
8692.37890625
8570.625
8451.2275390625
8327.1767578125
8204.5224609375
8088.23974609375
7971.93017578125
7858.4091796875
7742.81201171875
7630.57080078125
7531.037109375
7422.978515625
7320.3076171875
7216.4033203125
7117.9921875
7017.81201171875
6919.33740234375
6826.697265625
6745.53662109375
6666.96337890625
6582.95751953125
6497.345703125
6419.86181640625
6334.39013671875
6251.5517578125
6168.2158203125
6088.86767578125
6007.919921875
5927.9560546875
5851.25830078125
5771.9404296875
5695.46630859375
5618.01513671875
