20000.0
20000.0
20000.0
20000.0
20000.0
20000.0
20000.0
20000.0
20000.0
20000.0
20000.0
20000.0
20000.0
20000.0
20000.0
20000.0
20000.0
20000.0
20000.0
20000.0
20000.0
20000.0
20000.0
20000.0
20000.0
20000.0
20000.0
20000.0
20000.0
20000.0
20000.0
20000.0
20000.0
20000.0
20000.0
20000.0
20000.0
20000.0
20000.0
20000.0
20000.0
20000.0
20000.0
20000.0
20000.0
20000.0
20000.0
20000.0
20000.0
20000.0
20000.0
20000.0
20000.0
20000.0
20000.0
20000.0
20000.0
20000.0
20000.0
20000.0
20000.0
20000.0
20000.0
20000.0
20000.0
20000.0
20000.0
20000.0
20000.0
20000.0
20000.0
20000.0
20000.0
20000.0
20000.0
20000.0
20000.0
20000.0
20000.0
19726.548828125
19298.203125
18787.4453125
18273.884765625
17808.6328125
17421.392578125
17082.876953125
16755.22265625
16441.947265625
16109.8115234375
15762.5966796875
15451.0234375
15122.8623046875
14813.21875
14514.62890625
14236.5517578125
13950.771484375
13671.2021484375
13433.0849609375
13212.59375
13016.2119140625
12823.5595703125
12644.0625
12491.814453125
12331.828125
12175.380859375
12021.802734375
11876.060546875
11725.302734375
11573.3369140625
11426.7763671875
11272.0078125
11120.265625
10964.220703125
10806.087890625
10663.1259765625
10516.92578125
10381.46484375
10244.5830078125
10118.421875
9991.37109375
9867.5966796875
9753.330078125
9640.0107421875
9533.7890625
9424.0556640625
