20000.0
20000.0
20000.0
20000.0
20000.0
20000.0
20000.0
20000.0
20000.0
20000.0
20000.0
20000.0
20000.0
20000.0
20000.0
20000.0
20000.0
20000.0
20000.0
20000.0
20000.0
20000.0
20000.0
20000.0
20000.0
20000.0
20000.0
20000.0
20000.0
20000.0
20000.0
20000.0
20000.0
20000.0
20000.0
20000.0
20000.0
20000.0
20000.0
20000.0
20000.0
20000.0
20000.0
20000.0
20000.0
20000.0
20000.0
20000.0
20000.0
20000.0
20000.0
20000.0
20000.0
20000.0
20000.0
20000.0
20000.0
20000.0
20000.0
20000.0
20000.0
20000.0
20000.0
20000.0
20000.0
20000.0
20000.0
20000.0
20000.0
20000.0
20000.0
19999.998046875
19999.990234375
20000.0
20000.0
20000.0
19999.986328125
20000.0
19999.998046875
19999.98828125
20000.0
20000.0
20000.0
19999.998046875
20000.0
20000.0
20000.0
20000.0
20000.0078125
19999.943359375
20000.0
20000.0
20000.001953125
20000.001953125
20000.001953125
20000.0
19999.98046875
20000.0
20000.0
20000.0
20000.0
20000.0
20000.0
20000.0
20000.0
20000.0
19697.7109375
18986.98828125
18343.28515625
17760.630859375
17241.392578125
16764.46875
16344.5009765625
15834.38671875
15317.009765625
14881.08984375
14435.9775390625
14019.3037109375
13603.7060546875
13209.78125
12815.81640625
12454.021484375
12138.068359375
11841.7314453125
11583.3486328125
11324.7958984375
