20000.0
20000.0
20000.0
20000.0
20000.0
20000.0
20000.0
20000.0
20000.0
20000.0
20000.0
20000.0
20000.0
20000.0
20000.0
20000.0
20000.0
20000.0
20000.0
20000.0
20000.0
20000.0
20000.0
20000.0
20000.0
20000.0
20000.0
20000.0
20000.0
20000.0
20000.0
20000.0
20000.0
19999.998046875
20000.0
20000.0
20000.0
20000.0
20000.0
20000.0
20000.0
20000.0
20000.0
19999.97265625
19999.998046875
19999.998046875
20000.0
20000.0
20000.0
20000.0
19999.99609375
20000.0
20000.0
20000.0
20000.0
20000.0
20000.0
19999.978515625
20000.0
20000.0
19425.49609375
18868.8203125
18346.091796875
17823.416015625
17338.21484375
16861.427734375
16406.517578125
16011.328125
15589.4833984375
15210.150390625
14864.3095703125
14535.7978515625
14204.763671875
13884.9677734375
13593.6591796875
13307.57421875
13041.650390625
12770.7353515625
12502.060546875
12266.8486328125
12016.48046875
11794.2529296875
11590.099609375
11396.14453125
11201.0732421875
11011.25390625
10834.4423828125
10659.412109375
10498.1044921875
10342.0107421875
10191.220703125
10059.1650390625
9916.43359375
9782.6396484375
9649.0302734375
9523.3857421875
9396.84375
9273.2490234375
9155.7763671875
9011.171875
8858.6044921875
8723.34765625
8596.06640625
8480.0517578125
8355.5634765625
8241.7900390625
8129.53564453125
8024.541015625
7916.8193359375
7806.59765625
7699.66796875
7589.06005859375
7483.9326171875
7380.0810546875
7279.951171875
7194.755859375
7103.759765625
7016.263671875
6926.18212890625
6841.41748046875
6756.23388671875
6673.060546875
6593.22314453125
6509.189453125
6427.5810546875
6345.5703125
