20000.0
20000.0
20000.0
20000.0
20000.0
20000.0
20000.0
20000.0
20000.0
20000.0
20000.0
20000.0
20000.0
20000.0
20000.0
20000.0
20000.0
20000.0
20000.0
20000.0
20000.0
20000.0
20000.0
20000.0
20000.0
20000.0
20000.0
20000.0
20000.0
20000.0
20000.0
20000.0
20000.0
20000.0
20000.0
20000.0
20000.0
20000.0
20000.0
20000.001953125
20000.0
19999.99609375
20000.0
19999.998046875
20000.0
19999.998046875
20000.0
19999.9609375
20000.001953125
19999.998046875
19999.998046875
20000.0
20000.0
20000.0
19999.9921875
20000.0
20000.0
20000.0
20000.0
20000.0
20000.0
20000.0
20000.0
20000.0
20000.0
20000.0
20000.0
20000.0
19999.99609375
19999.998046875
20000.0
20000.0
20000.0
20000.0
20000.0
19936.05859375
19535.3203125
19176.2265625
18784.109375
18419.52734375
18062.076171875
17744.658203125
17437.810546875
17146.5859375
16879.84765625
16585.765625
16320.6748046875
16004.708984375
15648.9677734375
15344.1962890625
15054.0126953125
14808.654296875
14575.6640625
14355.703125
14137.62890625
13911.845703125
13678.2138671875
13438.7041015625
13218.5615234375
13006.7890625
12810.009765625
12645.1708984375
12483.55859375
12334.884765625
12187.169921875
12051.4853515625
11918.763671875
11791.177734375
11670.74609375
11548.45703125
11431.8369140625
11312.7880859375
11192.7705078125
11084.6162109375
10963.8486328125
10846.4794921875
10725.7119140625
10607.9404296875
10485.6962890625
10362.513671875
10241.681640625
10114.1669921875
9991.6396484375
9866.302734375
