20000.0
20000.0
20000.0
20000.0
20000.0
20000.0
20000.0
20000.0
20000.0
20000.0
20000.0
20000.0
20000.0
20000.0
20000.0
20000.0
20000.0
20000.0
20000.0
20000.0
20000.001953125
19999.986328125
19996.69140625
19999.9375
20000.0
20000.0
19720.158203125
19140.013671875
18680.501953125
18201.1171875
17676.884765625
17240.41796875
16772.841796875
16327.41015625
15896.181640625
15498.716796875
15141.1865234375
14780.5400390625
14455.6025390625
14170.0537109375
13891.1484375
13646.1875
13388.62109375
13154.8759765625
12928.4716796875
12721.1025390625
12516.33203125
12319.85546875
12135.953125
11949.396484375
11774.0087890625
11599.6455078125
11432.501953125
11287.0576171875
11131.3876953125
10985.251953125
10838.57421875
10700.1357421875
10561.3642578125
10426.787109375
10304.3935546875
10197.26171875
10100.6572265625
10004.4912109375
9909.6630859375
9804.185546875
9682.3505859375
9575.5234375
9466.7265625
9363.0927734375
9258.7333984375
9157.4951171875
9062.34765625
8965.857421875
8872.9912109375
8779.2255859375
8687.455078125
8605.49609375
8518.41015625
8435.564453125
8350.4130859375
8267.6357421875
8184.60107421875
8105.046875
8029.2734375
7948.4306640625
7860.45166015625
7773.5185546875
7692.02880859375
7622.3134765625
7541.99560546875
7463.6220703125
7387.07568359375
7317.3291015625
7245.60546875
7176.94189453125
7115.02978515625
7053.8076171875
6998.75634765625
6947.93310546875
6900.115234375
6859.19384765625
6815.21044921875
6772.64404296875
6727.650390625
6682.9296875
6636.134765625
6589.39599609375
6544.95947265625
6498.27978515625
6448.57666015625
6394.43896484375
6339.99951171875
6291.37060546875
6239.45068359375
6190.6650390625
6130.775390625
6054.0146484375
5976.01953125
5901.76220703125
5832.99560546875
5765.71630859375
5702.83154296875
5639.1865234375
