20000.0
20000.0
20000.0
20000.0
20000.0
20000.0
20000.0
20000.0
20000.0
20000.0
20000.0
20000.0
20000.0
20000.0
20000.0
20000.0
20000.0
20000.0
20000.0
20000.0
20000.0
20000.0
20000.0
20000.0
20000.0
20000.0
20000.0
20000.0
20000.0
20000.0
20000.0
19999.900390625
20000.0
20000.0
20000.0
20000.0
19999.994140625
19999.974609375
19999.9921875
19999.984375
19999.998046875
19999.998046875
19998.10546875
19577.314453125
19190.171875
18815.4375
18480.15625
18155.080078125
17840.16015625
17539.3359375
17234.01953125
16945.693359375
16660.20703125
16357.3369140625
16079.6767578125
15780.32421875
15499.8798828125
15212.6435546875
14945.8798828125
14669.5634765625
14398.021484375
14136.9697265625
13866.8232421875
13611.380859375
13343.431640625
13074.1591796875
12839.2529296875
12593.31640625
12368.6298828125
12143.501953125
11934.6630859375
11725.89453125
11518.8134765625
11317.3916015625
11111.7587890625
10918.0185546875
10726.728515625
10545.431640625
10388.869140625
10223.0166015625
10096.6357421875
9976.92578125
9865.1484375
9749.2880859375
9629.59375
9512.23046875
9391.3271484375
9276.201171875
9159.76171875
9046.17578125
8945.7919921875
8841.3349609375
8750.9228515625
8664.8095703125
8586.787109375
8510.7861328125
8438.646484375
8370.4365234375
8298.927734375
8228.4208984375
8155.56689453125
8083.70361328125
8019.95703125
7932.7763671875
7846.47607421875
7762.1923828125
7685.609375
7611.9013671875
7543.94921875
7479.03369140625
7413.00341796875
7350.50634765625
7287.462890625
7225.93115234375
7171.4970703125
7111.37109375
7052.423828125
6991.09423828125
6931.83251953125
6871.13134765625
6811.23681640625
6754.16357421875
6694.8671875
6638.5224609375
6581.4365234375
