20000.0
20000.0
20000.0
20000.0
20000.0
20000.0
20000.0
20000.0
20000.0
20000.0
20000.0
20000.0
20000.0
20000.0
20000.0
20000.0
20000.0
20000.0
20000.0
20000.0
20000.0
20000.0
19747.546875
18944.3359375
18339.34375
17881.748046875
17516.349609375
17182.103515625
16801.5078125
16484.314453125
16169.8271484375
15893.279296875
15634.763671875
15396.603515625
15151.0791015625
14898.9306640625
14575.5859375
14211.5751953125
13859.029296875
13502.8173828125
13158.447265625
12798.984375
12396.0830078125
12028.5732421875
11677.15234375
11353.6533203125
11034.6279296875
10732.1787109375
10461.453125
10193.3427734375
9932.7294921875
9686.515625
9501.99609375
9338.966796875
9157.4990234375
8986.4169921875
8815.3955078125
8652.298828125
8487.0126953125
8326.830078125
8176.1513671875
8013.9873046875
7868.99169921875
7730.94091796875
7600.45947265625
7486.685546875
7370.19677734375
7267.73095703125
7172.6484375
7087.5732421875
7004.951171875
6931.31689453125
6869.205078125
6804.1123046875
6730.22802734375
6645.6357421875
6561.8076171875
6488.0732421875
6404.8916015625
6296.70361328125
6190.93896484375
6096.55126953125
6006.08984375
5921.43408203125
5844.08642578125
5768.64306640625
5699.4501953125
5631.37255859375
5566.1083984375
5509.20703125
5448.478515625
5391.90185546875
5329.47509765625
5271.138671875
5213.30712890625
5158.966796875
5110.50927734375
5063.93212890625
5021.21337890625
4979.15625
4938.64599609375
4903.06591796875
4864.75634765625
4827.5771484375
4781.4599609375
4736.6943359375
4693.75390625
4654.265625
4618.64404296875
4584.453125
4553.28564453125
4518.921875
4480.60693359375
4447.58837890625
4413.12841796875
4381.19140625
4348.6611328125
4317.0791015625
4284.72998046875
4252.46435546875
4220.68359375
4187.2646484375
4153.77734375
4118.7236328125
