20000.0
20000.0
20000.0
20000.0
20000.0
20000.0
20000.0
20000.0
20000.0
20000.0
20000.0
20000.0
20000.0
20000.0
20000.0
20000.0
20000.0
20000.0
20000.0
20000.0
20000.0
20000.0
20000.0
20000.0
20000.0
20000.0
20000.0
20000.0
20000.0
20000.0
20000.0
20000.0
20000.0
20000.0
20000.0
20000.0
20000.0
20000.0
19999.884765625
20000.0
20000.0
20000.0
20000.0
20000.0
20000.0
20000.0
20000.0
20000.0
20000.0
20000.0
20000.0
19999.998046875
20000.0
20000.0
20000.0
20000.0
20000.0
20000.0
20000.0
20000.0
20000.0
20000.0
20000.0
20000.0
20000.0
20000.0
20000.0
20000.0
19999.9453125
20000.0
20000.0
19999.982421875
20000.0
19999.99609375
20000.0
20000.001953125
20000.001953125
20000.0
20000.0
19999.9765625
20000.0
20000.0
19532.251953125
18841.666015625
18163.541015625
17535.982421875
16945.525390625
16390.82421875
15782.283203125
15237.24609375
14801.8564453125
14338.474609375
13906.677734375
13467.6318359375
13067.91015625
12682.3486328125
12332.4755859375
12034.57421875
11771.5791015625
11525.7177734375
11277.5634765625
11027.1904296875
10798.177734375
10549.890625
10311.388671875
10063.5126953125
9823.2900390625
9580.0166015625
9341.7841796875
9118.2587890625
8894.2216796875
8692.8740234375
8492.5546875
8297.4423828125
8123.3359375
7935.5234375
7760.1318359375
7586.56787109375
7427.00146484375
7271.216796875
7127.09423828125
6998.77001953125
6869.33447265625
6748.50830078125
6630.65185546875
