20000.0
20000.0
20000.0
20000.0
20000.0
20000.0
20000.0
20000.0
20000.0
20000.0
20000.0
20000.0
20000.0
20000.0
20000.0
20000.0
20000.0
19999.73046875
19999.904296875
19999.6484375
20000.0
19999.998046875
20000.0
19999.9921875
20000.0
20000.0
20000.0
20000.0
20000.0
20000.0
20000.0
19999.998046875
20000.0
20000.0
19999.859375
20000.0
20000.0
18942.91015625
17684.001953125
16654.669921875
16208.0341796875
15817.451171875
15080.5517578125
14412.8154296875
13854.603515625
13261.1650390625
12705.0107421875
12150.0908203125
11652.8662109375
11149.7255859375
10677.14453125
10273.8603515625
9904.9775390625
9578.7626953125
9269.982421875
8986.6259765625
8758.7021484375
8531.2197265625
8321.0390625
8110.576171875
7909.49072265625
7711.353515625
7525.0107421875
7355.5205078125
7190.97314453125
7041.57861328125
6897.5126953125
6764.87060546875
6651.12890625
6531.7646484375
6422.642578125
6315.92578125
6219.404296875
6127.13427734375
6041.576171875
5964.0009765625
5889.18359375
5821.38671875
5755.59814453125
5693.10400390625
5642.07958984375
5592.46923828125
5543.53564453125
5494.38720703125
5448.75048828125
5404.1826171875
5361.814453125
5322.60107421875
5283.46533203125
5246.9140625
5210.37353515625
5175.1240234375
5144.31689453125
5111.47509765625
5077.3876953125
5043.03955078125
5010.65087890625
4978.80810546875
4948.1025390625
4919.39404296875
4890.96484375
4864.22998046875
4840.09033203125
4817.60986328125
4797.9345703125
4776.25390625
4755.34716796875
4733.8544921875
4713.2861328125
4692.369140625
4671.806640625
4652.1650390625
4632.12890625
4612.91943359375
4595.07373046875
4578.841796875
4564.673828125
4549.58935546875
4534.92822265625
4519.08349609375
4503.19140625
4486.5732421875
4469.73291015625
4452.3896484375
4432.96044921875
4413.04248046875
4375.5166015625
