20000.0
20000.0
20000.0
20000.0
20000.0
20000.0
20000.0
20000.0
20000.0
20000.0
20000.0
20000.0
20000.0
20000.0
20000.0
20000.0
20000.0
20000.0
20000.0
20000.0
20000.0
20000.0
20000.0
20000.0
20000.0
20000.0
20000.0
20000.0
20000.0
20000.0
20000.0
20000.0
20000.0
20000.0
20000.0
20000.0
20000.0
20000.0
20000.0
20000.0
20000.0
20000.0
20000.0
20000.0
20000.0
20000.0
20000.0
20000.0
20000.0
20000.0
19999.76953125
19999.123046875
20000.0
20000.0
20000.0
20000.0
20000.0
20000.0
20000.0
20000.0
20000.0
20000.0
20000.0
20000.0
19999.970703125
19999.998046875
20000.0
20000.0
20000.0
20000.0
20000.0
20000.0
20000.0
20000.009765625
20000.0078125
19999.94140625
19999.69140625
20000.0
20000.0
20000.0
20000.0
20000.0
20000.0
20000.0
19596.9765625
18979.39453125
18419.16015625
17875.865234375
17374.37890625
16670.025390625
16087.5693359375
15626.8720703125
15158.6240234375
14681.7138671875
14224.884765625
13841.990234375
13450.8857421875
13023.90234375
12638.966796875
12275.080078125
11943.921875
11611.0146484375
11299.1220703125
11039.86328125
10774.4658203125
10535.5546875
10300.8271484375
10082.720703125
9865.087890625
9652.15625
9449.9150390625
9244.78125
9048.9248046875
8845.271484375
8646.01171875
8485.3466796875
8308.828125
8139.6728515625
7967.8701171875
7804.3212890625
7640.22607421875
7479.55517578125
7327.16845703125
7173.296875
7028.044921875
6881.57421875
