20000.0
20000.0
20000.0
20000.0
20000.0
20000.0
20000.0
20000.0
20000.0
20000.0
20000.0
20000.0
20000.0
20000.0
20000.0
20000.0
20000.0
20000.0
20000.0
20000.0
20000.0
20000.0
20000.0
20000.0
20000.0
20000.0
20000.0
20000.0
20000.0
20000.0
20000.0
20000.0
20000.0
20000.0
20000.0
20000.0
20000.0
20000.0
19995.197265625
20000.0
19999.99609375
20000.0
19999.966796875
19999.998046875
19999.97265625
19999.998046875
19999.998046875
20000.0
20000.0
20000.0
20000.0
19999.998046875
20000.0
20000.0
20000.0
20000.0
20000.0
20000.0
19786.458984375
19460.298828125
19153.6171875
18846.474609375
18560.525390625
18271.203125
17988.32421875
17740.869140625
17478.396484375
17237.328125
17002.958984375
16786.615234375
16549.43359375
16303.1728515625
16071.693359375
15851.673828125
15652.158203125
15447.646484375
15247.81640625
15072.560546875
14885.900390625
14713.1376953125
14544.4521484375
14388.5546875
14232.9033203125
14082.373046875
13940.9521484375
13798.9921875
13665.5712890625
13531.5458984375
13398.1396484375
13271.19140625
13134.095703125
13006.208984375
12878.171875
12757.6875
12635.6865234375
12516.20703125
12403.73046875
12289.490234375
12182.0849609375
12061.8330078125
11926.615234375
11821.0849609375
11710.8466796875
11601.4677734375
11485.8583984375
11374.7138671875
11261.5947265625
11151.484375
11046.5
10940.34375
10840.8544921875
10745.0537109375
10652.15625
10571.201171875
10480.564453125
10388.875
10296.7421875
10211.4873046875
10127.294921875
10046.7412109375
9971.9150390625
9893.57421875
9817.2021484375
9736.78125
