20000.0
20000.0
20000.0
20000.0
20000.0
20000.0
20000.0
20000.0
20000.0
20000.0
20000.0
20000.0
20000.0
20000.0
20000.0
20000.0
20000.0
20000.0
20000.0
19999.99609375
20000.0
20000.0
20000.0
19999.998046875
20000.0
20000.0
20000.0
20000.0
20000.0
20000.0
20000.0
20000.0
20000.0
20000.0
20000.0
20000.001953125
20000.0
20000.0
20000.0
20000.0
19999.94140625
20000.0
20000.0
20000.0
20000.0
20000.0
20000.0
20000.0
20000.001953125
20000.0
20000.0
20000.0
20000.0
20000.0
20000.0
19999.998046875
20000.0
20000.0
20000.0
20000.0
20000.0
19999.994140625
20000.0
20000.0
20000.0
20000.0
19979.802734375
19690.666015625
19395.921875
19118.0625
18823.998046875
18521.548828125
18239.828125
17966.912109375
17720.072265625
17479.154296875
17251.53125
17056.77734375
16852.876953125
16665.244140625
16480.908203125
16264.29296875
16038.11328125
15849.5625
15682.154296875
15520.08203125
15371.36328125
15239.7353515625
15110.984375
15001.6259765625
14886.005859375
14781.6962890625
14680.37890625
14553.38671875
14402.7509765625
14259.7646484375
14132.0927734375
14013.087890625
13911.0908203125
13815.0634765625
13725.2685546875
13648.2236328125
13567.2783203125
13493.138671875
13420.9013671875
13354.95703125
13286.4248046875
13214.33203125
13144.7880859375
13076.1591796875
13013.751953125
12953.3330078125
12895.8857421875
12846.2490234375
12791.5048828125
12735.55859375
12676.216796875
12618.92578125
12559.8525390625
12501.0625
12445.01171875
12388.66015625
12336.4462890625
12284.6962890625
