20000.0
20000.0
20000.0
20000.0
20000.0
20000.0
20000.0
20000.0
20000.0
20000.0
20000.0
20000.0
20000.0
20000.0
20000.0
20000.0
20000.0
20000.0
20000.0
20000.0
20000.0
20000.0
20000.0
20000.0
19995.681640625
19999.966796875
20000.0
20000.0
19999.998046875
20000.0
20000.0
20000.0
20000.0
20000.0
20000.0
20000.0
20000.0
20000.0
20000.0
20000.0
20000.0
20000.0
19574.986328125
19008.537109375
18487.693359375
17985.1171875
17529.91015625
17089.3046875
16675.16015625
16298.525390625
15789.0078125
15423.6962890625
15074.57421875
14737.8955078125
14445.6865234375
14134.7294921875
13843.4287109375
13548.70703125
13273.2919921875
13013.2822265625
12777.5498046875
12561.916015625
12330.9140625
12072.7744140625
11804.044921875
11550.5322265625
11349.46484375
11160.38671875
10997.638671875
10831.5234375
10667.66015625
10501.0
10334.8876953125
10170.5791015625
9991.6162109375
9816.4931640625
9642.46875
9479.22265625
9340.25390625
9193.1484375
9057.5439453125
8924.396484375
8803.634765625
8677.8544921875
8555.3896484375
8440.2548828125
8325.26171875
8219.2236328125
8114.416015625
8014.29248046875
7928.2880859375
7833.05029296875
7744.189453125
7656.5654296875
7573.05908203125
7483.39111328125
7388.6171875
7294.18017578125
7193.71826171875
7072.69384765625
6948.892578125
6828.96826171875
6723.77294921875
6610.8037109375
6504.5029296875
6397.54638671875
6297.81005859375
6197.7587890625
6099.4033203125
6005.943359375
5911.3544921875
5822.17431640625
5732.369140625
5646.8232421875
5572.5576171875
5493.083984375
5418.53466796875
5344.12548828125
5274.275390625
5204.1806640625
5133.39892578125
5066.248046875
4999.69921875
4938.51953125
4876.88720703125
