20000.0
20000.0
20000.0
20000.0
20000.0
20000.0
20000.0
20000.0
20000.0
20000.0
20000.0
20000.0
20000.0
20000.0
20000.0
20000.0
20000.0
20000.0
20000.0
19999.97265625
19999.8046875
20000.0
20000.0
19999.98046875
20000.0
20000.0
20000.0
20000.0
20000.0
20000.0
20000.0
20000.0
20000.0
20000.0
20000.0
20000.0
20000.0
20000.0
19999.998046875
19243.197265625
18221.28125
17049.43359375
16018.818359375
15187.443359375
14367.0654296875
13723.8798828125
13125.3447265625
12608.4169921875
12139.8935546875
11685.638671875
11268.0498046875
10858.4228515625
10484.5126953125
10126.1240234375
9794.9267578125
9505.5576171875
9215.478515625
8961.4990234375
8710.95703125
8466.5751953125
8223.8134765625
7996.3662109375
7792.24560546875
7597.2958984375
7421.78955078125
7250.17138671875
7089.40478515625
6949.21435546875
6800.38037109375
6664.431640625
6529.40283203125
6402.4619140625
6274.55126953125
6147.19482421875
6027.5234375
5914.19091796875
5805.74072265625
5692.7236328125
5583.67578125
5502.2431640625
5427.2744140625
5356.451171875
5282.4560546875
5191.376953125
5089.673828125
5001.0986328125
4929.83056640625
4865.5625
4809.0888671875
4755.85302734375
4707.4794921875
4662.83154296875
4613.6689453125
4567.70947265625
4522.689453125
4481.7177734375
4442.0185546875
4404.65966796875
4370.365234375
4336.14453125
4303.91259765625
4271.3173828125
4239.4384765625
4211.2919921875
4180.96484375
4152.46630859375
4123.638671875
4096.13671875
4067.801513671875
4039.34423828125
4011.682861328125
3983.05810546875
3955.412841796875
3926.908203125
3898.595947265625
3873.2216796875
3843.80859375
3814.033447265625
3782.072265625
3751.72119140625
3719.811767578125
3686.952880859375
3654.065185546875
3618.787109375
3583.972412109375
3547.7529296875
