38.2107
49.2348
59.5064
60.3696
61.2933
61.2933
61.2933
61.2933
61.2933
61.2933
68.3904
69.924
69.9508
69.9508
69.9508
69.9508
69.9508
69.9508
71.3737
86.2357
88.1317
88.1317
88.1317
88.1317
88.1317
88.1317
88.1317
88.1317
91.1981
100.314
100.314
100.314
100.314
100.314
100.314
100.314
100.314
100.314
102.525
102.525
102.525
102.525
102.525
102.525
102.525
102.525
102.525
104.942
110.452
142.46
151.163
172.017
186.13
194.384
208.018
211.208
221.726
227.977
231.044
232.97
245.254
255.272
260.876
262.404
268.653
272.561
274.846
274.846
275.837
277.327
279.98
281.088
292.373
295.2
295.2
297.124
297.124
312.047
314.63
317.856
317.856
317.856
317.856
317.856
317.856
317.856
317.856
319.18
322.339
322.523
325.594
328.599
337.974
338.188
357.218
358.985
359.458
364.735
369.523
384.996
