20000.0
20000.0
20000.0
20000.0
20000.0
20000.0
20000.0
20000.0
20000.0
20000.0
20000.0
20000.0
20000.0
20000.0
20000.0
20000.0
19999.998046875
20000.0
19731.35546875
18041.951171875
16708.576171875
15903.009765625
15383.2158203125
14904.7685546875
14443.49609375
13993.8408203125
13601.4970703125
13244.5576171875
12912.3876953125
12651.6142578125
12400.6943359375
12184.498046875
11981.51171875
11789.6865234375
11588.3623046875
11387.861328125
11214.587890625
11030.04296875
10853.1748046875
10677.8115234375
10512.119140625
10370.3388671875
10222.0009765625
10085.7021484375
9951.869140625
9825.4267578125
9687.0078125
9545.611328125
9410.3447265625
9273.984375
9145.2177734375
9016.2822265625
8915.0869140625
8825.5400390625
8729.71484375
8639.2353515625
8546.740234375
8457.1767578125
8362.71875
8266.15234375
8170.6298828125
8070.79296875
7974.798828125
7877.384765625
7781.59521484375
7697.392578125
7604.47802734375
7517.53955078125
7430.4677734375
7348.3369140625
7265.4892578125
7184.34912109375
7107.95849609375
7031.55126953125
6959.44677734375
6886.435546875
6814.830078125
6749.5166015625
6676.88720703125
6608.23681640625
6538.06640625
6470.779296875
6402.7392578125
6336.580078125
6272.67626953125
6206.0185546875
6141.54541015625
6075.84375
6011.70849609375
5955.47119140625
5895.5068359375
5839.57373046875
5783.501953125
5729.55810546875
5669.82666015625
5610.1494140625
5553.6298828125
5496.92138671875
5443.90087890625
5389.7890625
5338.29248046875
5293.68603515625
5246.04541015625
5201.30322265625
5156.21044921875
5113.56201171875
5070.12255859375
5027.45458984375
4986.8017578125
4945.75634765625
4907.7236328125
4870.16796875
4834.02294921875
4802.3193359375
4768.150390625
4735.96875
4704.83203125
4675.9130859375
4646.31689453125
4616.728515625
4587.91796875
4558.01953125
4529.25439453125
4499.796875
