20000.0
20000.0
20000.0
20000.0
20000.0
20000.0
20000.0
20000.0
20000.0
20000.0
20000.0
20000.0
20000.0
20000.0
20000.0
20000.0
20000.0
20000.0
20000.0
20000.0
20000.0
20000.0
20000.0
20000.0
20000.0
19999.67578125
20000.0
19997.50390625
20000.0
20000.0
20000.0
20000.0
20000.0
19999.9140625
19999.99609375
20000.0
20000.0
20000.0
19596.970703125
19082.630859375
18596.38671875
18166.611328125
17724.2578125
17329.3515625
16952.619140625
16613.822265625
16286.5537109375
15871.421875
15513.4541015625
15201.8984375
14921.2509765625
14649.1884765625
14391.662109375
14168.9990234375
13933.9140625
13710.04296875
13487.275390625
13286.697265625
13093.0
12910.6591796875
12723.130859375
12535.470703125
12364.1416015625
12199.029296875
12039.71875
11891.712890625
11713.55078125
11553.4267578125
11403.4384765625
11265.6943359375
11120.6455078125
10986.2734375
10860.7392578125
10742.2216796875
10634.931640625
10528.3857421875
10422.4921875
10326.0673828125
10218.3330078125
10114.9990234375
10011.57421875
9915.3662109375
9818.3115234375
9726.71875
9644.314453125
9568.2314453125
9501.357421875
9436.0146484375
9372.5703125
9316.1796875
9254.025390625
9194.3232421875
9130.5419921875
9049.8916015625
8966.0615234375
8884.935546875
8808.5341796875
8731.080078125
8657.298828125
8582.2421875
8508.3798828125
8442.388671875
8369.5009765625
8299.2080078125
8226.958984375
8157.39501953125
8086.42138671875
8016.5419921875
7949.92529296875
7881.3173828125
7815.5224609375
7748.59716796875
7683.20703125
7625.26025390625
7562.123046875
7501.78662109375
7440.16015625
7381.48583984375
7321.2607421875
7261.39453125
7203.43408203125
7143.36572265625
7085.16796875
7024.97802734375
