20000.0
20000.0
20000.0
19974.876953125
19226.662109375
19176.734375
19406.8046875
19741.3984375
20000.0
20000.0
20000.0
20000.0
20000.0
20000.0
20000.0
20000.0
20000.0
20000.0
20000.0
20000.0
20000.0
20000.0
20000.0
20000.0
20000.0
20000.0
20000.0
19999.994140625
19999.998046875
20000.0
20000.0
19998.865234375
19999.99609375
20000.0
19999.755859375
20000.0
19128.748046875
18401.259765625
17720.125
17122.115234375
16647.3125
16165.91796875
15739.84765625
15353.884765625
15020.01171875
14707.4365234375
14416.2822265625
14155.8662109375
13909.8251953125
13690.6162109375
13479.8525390625
13275.0283203125
13096.0927734375
12914.6259765625
12753.03125
12598.2314453125
12455.3232421875
12312.970703125
12177.3251953125
12052.81640625
11930.833984375
11816.3193359375
11696.97265625
11582.421875
11483.9833984375
11380.6796875
11285.0625
11189.2021484375
11098.6279296875
11007.3330078125
10919.2470703125
10836.447265625
10752.9345703125
10673.7646484375
10593.5966796875
10515.068359375
10445.6181640625
10370.529296875
10299.443359375
10227.5673828125
10159.3916015625
10090.1396484375
10024.203125
9960.7255859375
9892.8271484375
9826.9345703125
9759.515625
9693.42578125
9634.84375
9571.517578125
9511.72265625
9452.462890625
9396.8125
9340.83203125
9288.11328125
9238.2841796875
9187.4541015625
9138.7333984375
9088.9951171875
9039.9365234375
8996.208984375
8957.5576171875
8921.1982421875
8884.48046875
8849.5810546875
8814.1416015625
8779.3291015625
8746.1748046875
8712.4873046875
8680.5498046875
8648.2978515625
8616.865234375
8589.3662109375
8559.9072265625
8531.41015625
8502.068359375
8474.3251953125
8446.611328125
8419.853515625
8394.6826171875
8368.681640625
8343.87890625
8318.8134765625
