20000.0
20000.0
20000.0
20000.0
20000.0
20000.0
20000.0
20000.0
20000.0
20000.0
20000.0
20000.0
20000.0
20000.0
20000.0
20000.0
20000.0
20000.0
20000.0
20000.0
20000.0
20000.0
20000.0
20000.0
20000.0
20000.0
20000.0
20000.0
20000.0
20000.0
20000.0
20000.0
20000.0
20000.0
20000.0
20000.0
20000.0
20000.0
20000.0
20000.0
20000.0
20000.0
20000.0
20000.0
20000.0
20000.0
20000.0
20000.0
20000.0
20000.0
20000.0
20000.0
20000.0
20000.0
20000.0
20000.0
20000.0
20000.0
19660.65234375
18332.27734375
17129.615234375
16021.20703125
15138.56640625
14348.0361328125
13674.9462890625
13071.4052734375
12429.0615234375
11842.0244140625
11260.9150390625
10725.193359375
10160.919921875
9641.3154296875
9189.7958984375
8776.576171875
8427.2080078125
8100.7607421875
7808.45361328125
7575.86083984375
7327.1474609375
7074.46826171875
6837.04541015625
6633.03564453125
6446.03466796875
6279.03125
6131.31298828125
5990.4541015625
5862.25439453125
5739.53369140625
5627.0849609375
5529.390625
5426.1064453125
5331.5439453125
5239.177734375
5154.09814453125
5070.2275390625
4990.021484375
4915.5703125
4841.70556640625
4772.78271484375
4704.091796875
4637.6240234375
4579.43017578125
4510.89208984375
4442.892578125
4375.03466796875
4311.65478515625
4248.24072265625
4186.68212890625
4128.22412109375
4068.502685546875
4011.989990234375
3955.361328125
3900.122314453125
3850.491943359375
3795.564697265625
3742.808349609375
3689.027099609375
3638.02099609375
3586.466552734375
3536.14111328125
3488.600830078125
3440.727783203125
3395.587158203125
3350.144775390625
