20000.0
20000.0
20000.0
20000.0
20000.0
20000.0
20000.0
20000.0
20000.0
20000.0
20000.0
20000.0
20000.0
20000.0
20000.0
20000.0
20000.0
20000.0
20000.0
20000.0
20000.0
20000.0
20000.0
20000.0
20000.0
20000.0
20000.0
20000.0
20000.0
19999.9921875
20000.0
20000.001953125
20000.0
19999.9921875
20000.0
20000.0
19999.947265625
20000.0
20000.0
19999.998046875
20000.0
20000.0
20000.0
20000.0
20000.0
19999.99609375
20000.0
20000.0
20000.0
20000.0
20000.0
20000.0
20000.0
20000.0
20000.0
20000.0
20000.0
20000.0
20000.0
20000.0
20000.0
20000.0
20000.0
20000.0
20000.0
20000.0
20000.0
20000.0
20000.0
20000.0
20000.0
20000.0
20000.0
20000.0
20000.0
19918.59375
18729.818359375
17581.62109375
16647.22265625
15785.5810546875
14966.10546875
14232.6103515625
13418.076171875
12690.7177734375
11982.548828125
11337.416015625
10739.0986328125
10193.0283203125
9668.7138671875
9125.34375
8656.3720703125
8201.396484375
7772.7431640625
7411.0751953125
7044.875
6716.1787109375
6413.640625
6138.49951171875
5871.4423828125
5614.6552734375
5383.39453125
5164.12744140625
4966.3291015625
4774.3134765625
4593.263671875
4437.1640625
4277.67578125
4130.943359375
3987.016845703125
3854.927734375
3725.80517578125
3603.51416015625
3490.946044921875
3380.2373046875
3278.179931640625
3176.799560546875
3079.4521484375
2996.51953125
2909.802734375
2830.502197265625
2752.8486328125
2681.4599609375
2612.026123046875
2546.263916015625
2485.52490234375
2425.515625
2369.874267578125
2314.77001953125
