20000.0
20000.0
20000.0
19380.462890625
19200.056640625
19482.0703125
19886.865234375
20000.0
20000.0
20000.0
20000.0
20000.0
20000.0
20000.0
20000.0
20000.0
20000.0
20000.0
20000.0
20000.0
20000.0
20000.0
20000.0
20000.0
20000.0
20000.0
20000.0
20000.0
20000.0
20000.0
20000.0
20000.0
20000.0
20000.0
20000.0
20000.0
20000.0
20000.0
20000.0
20000.0
19999.984375
19998.689453125
19999.998046875
20000.0
20000.0
19999.15625
19999.998046875
20000.0
19999.998046875
19999.958984375
20000.001953125
20000.0
19708.2265625
19171.58203125
18613.34375
17990.861328125
17388.62109375
16818.73046875
16298.3505859375
15826.6123046875
15371.8994140625
14956.912109375
14552.8798828125
14203.9013671875
13958.279296875
13710.271484375
13423.3994140625
13117.94921875
12832.7080078125
12494.64453125
12170.0205078125
11887.939453125
11624.1533203125
11387.2431640625
11159.2783203125
10945.3525390625
10762.615234375
10572.25390625
10398.45703125
10229.5380859375
10075.1748046875
9924.0556640625
9795.326171875
9689.5517578125
9585.01171875
9487.6083984375
9438.1982421875
9389.5166015625
9294.6064453125
9209.48828125
9113.939453125
9021.158203125
8925.9296875
8834.9833984375
8742.802734375
8652.7509765625
8567.6474609375
8479.5693359375
8396.453125
8313.3935546875
8233.0107421875
8162.39501953125
8086.67822265625
8014.9814453125
7941.982421875
7870.95068359375
7797.94921875
7726.08642578125
7657.77685546875
7588.50537109375
7522.7373046875
7454.32568359375
7386.14306640625
7325.62353515625
7260.2041015625
7196.32568359375
7132.97412109375
7101.916015625
7071.14990234375
7009.40869140625
6949.61181640625
6893.384765625
6836.001953125
6781.3583984375
6727.1240234375
