20000.0
20000.0
20000.0
20000.0
20000.0
20000.0
20000.0
20000.0
20000.0
20000.0
20000.0
20000.0
20000.0
20000.0
20000.0
20000.0
20000.0
20000.0
20000.0
20000.0
20000.0
20000.0
20000.0
20000.0
20000.0
20000.0
20000.0
20000.0
20000.0
19999.912109375
19999.724609375
20000.0
20000.0
19999.994140625
19999.998046875
20000.0
20000.0
19999.994140625
20000.0
20000.001953125
20000.0
20000.0
19999.98828125
19999.974609375
20000.0
20000.0
20000.0
20000.0
20000.0
20000.0
20000.0
20000.0
20000.0
20000.0
20000.0
19871.162109375
19354.01171875
18706.13671875
18126.84765625
17632.921875
17181.87109375
16765.232421875
16357.880859375
15988.873046875
15651.4609375
15322.2451171875
15049.64453125
14761.7236328125
14507.6328125
14182.298828125
13843.27734375
13525.7685546875
13260.265625
13026.0
12788.65234375
12565.3564453125
12330.1123046875
12091.9794921875
11895.0517578125
11693.982421875
11512.4560546875
11336.1494140625
11173.3408203125
11004.74609375
10836.9619140625
10678.0771484375
10509.7958984375
10345.50390625
10184.9033203125
10032.2578125
9899.5517578125
9757.90625
9624.1962890625
9488.6611328125
9358.955078125
9223.9931640625
9090.0341796875
8962.751953125
8843.2705078125
8728.5615234375
8608.9208984375
8488.912109375
8381.078125
8263.1328125
8151.17041015625
8039.134765625
7934.65625
7829.31494140625
7725.7255859375
7622.89892578125
7518.765625
7420.830078125
7323.5341796875
7228.57763671875
7145.2529296875
7068.19482421875
6992.79638671875
6911.99951171875
6833.24462890625
6752.41845703125
6671.1279296875
6593.8046875
6515.65625
6441.72314453125
6366.81884765625
