20000.0
20000.0
20000.0
20000.0
20000.0
20000.0
20000.0
20000.0
20000.0
20000.0
20000.0
20000.0
20000.0
20000.0
20000.0
20000.0
20000.0
20000.0
20000.0
20000.0
20000.0
20000.0
20000.0
20000.0
20000.0
20000.0
20000.0
19999.990234375
20000.0
19999.99609375
20000.0
20000.0
20000.0
20000.0
19999.998046875
19999.974609375
20000.0
20000.0
20000.0
20000.0
19999.998046875
19999.982421875
19999.998046875
20000.0
20000.0
20000.0
20000.0
19999.984375
20000.0
18559.24609375
17304.287109375
16076.2763671875
14899.359375
13887.634765625
13016.1171875
12260.6494140625
11579.23046875
10929.7275390625
10392.2548828125
9832.7919921875
9310.765625
8792.9521484375
8285.8115234375
7796.3291015625
7358.99853515625
6990.37255859375
6651.9814453125
6356.68212890625
6095.66650390625
5867.12890625
5687.513671875
5505.20654296875
5339.8681640625
5187.5546875
5052.2646484375
4922.34716796875
4799.60693359375
4684.57080078125
4573.13330078125
4476.13330078125
4386.1806640625
4304.83984375
4238.24560546875
4171.36083984375
4111.04296875
4052.630126953125
3999.987548828125
3949.489990234375
3903.013427734375
3861.53076171875
3822.0849609375
3786.643310546875
3752.552001953125
3720.72265625
3693.6123046875
3665.377197265625
3639.635498046875
3614.608642578125
3591.76220703125
3569.5537109375
3548.619140625
3529.46630859375
3510.743896484375
3493.52685546875
3476.5810546875
3460.2705078125
3445.8876953125
3430.267822265625
3415.38232421875
3400.226318359375
3385.77392578125
3371.041259765625
3356.484130859375
3342.562744140625
3328.35400390625
3314.762451171875
3300.93505859375
3287.353515625
3274.856689453125
3260.4453125
3245.966796875
3230.655517578125
3215.64404296875
3199.867431640625
3183.775146484375
3168.009765625
3151.544677734375
3135.515380859375
3118.823486328125
