20000.0
20000.0
20000.0
20000.0
20000.0
20000.0
20000.0
20000.0
20000.0
20000.0
20000.0
20000.0
20000.0
20000.0
20000.0
20000.0
20000.0
20000.0
20000.0
20000.0
20000.0
20000.0
20000.0
20000.0
20000.0
20000.0
20000.0
20000.0
20000.0
20000.0
20000.0
20000.0
20000.0
20000.0
20000.0
20000.0
20000.0
20000.0
20000.0
20000.0
20000.0
20000.0
20000.0
20000.0
20000.0
20000.0
20000.0
20000.0
19999.962890625
20000.0
19999.728515625
19999.64453125
19999.9921875
20000.0
20000.0
20000.0
19999.9921875
20000.0078125
19999.99609375
20000.001953125
20000.00390625
20000.001953125
20000.0
20000.001953125
20000.0
20000.0
20000.0
19999.9453125
20000.0
20000.001953125
20000.0
19999.9765625
20000.001953125
20000.0
20000.0
20000.0
20000.0
20000.0
20000.0
20000.0
20000.0
20000.0
20000.0
20000.0
20000.0
20000.0
20000.0
20000.0
19999.994140625
20000.0
20000.0
19999.927734375
20000.0
20000.0
20000.0
20000.0
20000.0
20000.0
20000.0
20000.0
20000.0
20000.0
20000.0
20000.0
19923.435546875
19432.1875
18957.3671875
18519.46484375
18098.69140625
17713.953125
17303.0
16905.447265625
16565.9453125
16236.470703125
15946.7197265625
15630.599609375
15294.5478515625
14939.365234375
14614.619140625
14335.9443359375
14074.23046875
13833.5341796875
13603.2607421875
