20000.0
20000.0
20000.0
20000.0
20000.0
20000.0
19999.998046875
20000.0
20000.0
20000.0
20000.0
20000.0
20000.0
20000.0
20000.0
20000.0
20000.0
20000.0
20000.0
20000.0
20000.0
20000.0
20000.0
20000.0
20000.0
20000.0
20000.0
20000.0
20000.0
20000.0
20000.0
20000.0
20000.0
20000.0
20000.0
20000.0
20000.0
20000.0
20000.0
20000.0
20000.0
19999.98828125
19999.99609375
20000.0
20000.0
20000.0
20000.0
20000.0
19999.9375
20000.0
20000.0
19999.99609375
20000.0
20000.0
20000.0
20000.0
20000.0
19997.388671875
20000.0
20000.0
20000.0
20000.0
20000.0
20000.0
20000.0
20000.0
20000.0
20000.001953125
19898.365234375
19466.78125
19048.177734375
18651.388671875
18288.630859375
17934.859375
17610.361328125
17293.015625
16995.248046875
16741.337890625
16478.78125
16236.423828125
15991.6748046875
15758.3984375
15524.0986328125
15297.2568359375
15084.19140625
14870.9951171875
14671.26953125
14462.54296875
14253.8115234375
14066.720703125
13862.646484375
13679.2607421875
13490.462890625
13309.7177734375
13128.7890625
12956.83203125
12798.01953125
12634.6787109375
12478.23828125
12320.26171875
12166.875
12032.3955078125
11888.0537109375
11750.912109375
11622.0478515625
11508.6826171875
11397.666015625
11290.6875
11189.880859375
11088.1416015625
10979.421875
10841.37109375
10721.8203125
10622.310546875
10518.29296875
10421.29296875
10310.4912109375
10203.2490234375
10101.291015625
10006.6279296875
9919.3544921875
9832.23828125
9750.2890625
9667.916015625
