20000.0
20000.0
20000.0
20000.0
20000.0
20000.0
20000.0
20000.0
20000.0
20000.0
20000.0
20000.0
20000.0
20000.0
20000.0
20000.0
20000.0
20000.0
20000.0
20000.0
20000.0
20000.0
20000.0
20000.0
20000.0
20000.0
20000.0
20000.0
20000.0
20000.0
20000.0
20000.0
20000.0
20000.0
20000.0
20000.0
20000.0
20000.0
20000.0
20000.0
20000.0
20000.0
20000.0
20000.0
20000.0
20000.0
20000.0
20000.0
20000.0
20000.0
19999.935546875
20000.0
20000.0
20000.0
20000.0
20000.0
20000.0
20000.0
20000.0
20000.0
20000.0
20000.0
20000.0
20000.0
20000.013671875
20000.0
20000.0
20000.0
20000.0
20000.0
20000.0
20000.0
19999.998046875
20000.0
18948.05078125
18054.423828125
17240.24609375
16574.7578125
15850.8095703125
15106.7890625
14489.736328125
13847.5439453125
13251.30078125
12667.8056640625
12180.8857421875
11744.2734375
11352.8056640625
10983.787109375
10621.78515625
10291.4794921875
9970.6962890625
9667.5302734375
9364.4248046875
9038.5302734375
8738.7763671875
8446.595703125
8183.0546875
7930.23828125
7694.37744140625
7480.17578125
7272.208984375
7083.9228515625
6900.55224609375
6720.06298828125
6562.19677734375
6398.05078125
6249.14111328125
6104.41845703125
5975.33642578125
5851.7626953125
5733.68603515625
5624.974609375
5517.3974609375
5417.65087890625
5318.9931640625
5224.06787109375
5140.9072265625
5054.25390625
4974.1689453125
4896.8955078125
4826.2333984375
4754.177734375
4683.06201171875
4615.59814453125
4548.2158203125
4485.73193359375
4423.9072265625
