20000.0
20000.0
20000.0
20000.0
20000.0
20000.0
20000.0
20000.0
20000.0
20000.0
20000.0
20000.0
20000.0
20000.0
20000.0
20000.0
20000.0
20000.0
20000.0
20000.0
20000.0
20000.0
20000.0
20000.0
19999.93359375
19860.912109375
18847.4765625
17993.23046875
17289.19921875
16747.517578125
16222.884765625
15770.072265625
15349.955078125
14992.1357421875
14657.0361328125
14352.125
14077.228515625
13805.150390625
13550.01953125
13298.2724609375
13074.73046875
12872.958984375
12656.244140625
12456.1181640625
12258.7392578125
12067.5400390625
11868.9609375
11673.5244140625
11488.7880859375
11305.44921875
11135.1796875
10965.552734375
10801.44140625
10657.2744140625
10503.0
10360.08984375
10233.6767578125
10123.8046875
10014.68359375
9908.5048828125
9808.2119140625
9706.6376953125
9606.525390625
9503.126953125
9401.6474609375
9311.7265625
9215.5732421875
9125.7607421875
9034.3466796875
8935.9033203125
8821.337890625
8720.6005859375
8629.525390625
8539.1708984375
8454.3828125
8369.3564453125
8286.583984375
8213.2685546875
8132.04248046875
8054.7529296875
7974.63330078125
7902.0224609375
7830.767578125
7761.66015625
7697.34326171875
7635.82666015625
7579.16162109375
7521.77392578125
7464.744140625
7411.0244140625
7331.82958984375
7255.1083984375
7181.93408203125
7116.6484375
7053.9541015625
6993.3173828125
6930.70654296875
6866.4775390625
6807.79052734375
6751.5634765625
6698.96875
6654.01806640625
6604.41845703125
6555.0732421875
6503.85693359375
6453.86376953125
6402.13671875
6350.28173828125
6300.791015625
6250.86181640625
6204.3388671875
6158.103515625
6112.2802734375
6069.6796875
6020.1328125
5972.025390625
5923.29736328125
5876.84033203125
5830.0517578125
5788.39306640625
5748.494140625
5708.23681640625
5667.17333984375
5625.32373046875
