20000.0
20000.0
20000.0
20000.0
20000.0
20000.0
20000.0
20000.0
20000.0
20000.0
20000.0
20000.0
20000.0
20000.0
20000.0
20000.0
20000.0
20000.0
20000.0
20000.0
20000.0
20000.0
20000.0
20000.0
20000.0
20000.0
20000.0
20000.0
20000.0
20000.0
19999.962890625
20000.0
19999.689453125
20000.0
20000.0
20000.0
20000.0
20000.0
20000.0
20000.001953125
20000.0
20000.0
20000.0
20000.0
20000.0
20000.0
20000.0
20000.0
20000.0
20000.0
20000.0
20000.0
20000.0
20000.0
20000.0
20000.0
19999.998046875
20000.0
20000.0
20000.0
20000.0
20000.0
19999.998046875
19999.9921875
19999.998046875
20000.0
20000.0
20000.0
20000.0
20000.0
20000.0
20000.0
20000.0
20000.0
20000.0
20000.0
20000.0
19999.998046875
19632.3515625
18594.6796875
17683.90625
16851.9609375
16169.1611328125
15499.18359375
14860.767578125
14301.2001953125
13755.267578125
13250.9296875
12736.0361328125
12235.283203125
11808.7841796875
11342.837890625
10910.4697265625
10477.8974609375
10078.1357421875
9686.388671875
9308.373046875
8956.5419921875
8602.03125
8256.07421875
7916.8291015625
7596.75341796875
7304.0966796875
6996.451171875
6717.5322265625
6461.95361328125
6237.10791015625
6018.24951171875
5811.41455078125
5622.88818359375
5439.9375
5270.88623046875
5101.05908203125
4938.84716796875
4798.8837890625
4651.537109375
4516.46923828125
4387.40673828125
4269.0791015625
4152.6494140625
4042.452880859375
3941.1923828125
3841.115478515625
3747.3037109375
3652.66552734375
