20000.0
20000.0
20000.0
20000.0
20000.0
20000.0
20000.0
20000.0
20000.0
20000.0
20000.0
20000.0
20000.0
20000.0
20000.0
19999.90625
20000.0
19997.322265625
19999.998046875
20000.0
20000.0
20000.0
19999.849609375
20000.0
20000.0
20000.0
20000.0
19999.994140625
19999.998046875
20000.0
19885.126953125
18468.931640625
17278.623046875
16274.0439453125
15372.6240234375
14649.3740234375
14368.9609375
14121.0576171875
13652.2099609375
13201.5810546875
12762.98046875
12349.53125
11989.6025390625
11610.26953125
11266.6005859375
10943.5126953125
10646.9267578125
10362.58984375
10099.1826171875
9864.287109375
9640.845703125
9445.3515625
9258.6318359375
9084.912109375
8937.6474609375
8783.2412109375
8642.73828125
8513.841796875
8394.5302734375
8276.765625
8164.95751953125
8062.22216796875
7959.8603515625
7866.08642578125
7772.71142578125
7683.57470703125
7606.84912109375
7526.56640625
7452.2744140625
7378.24658203125
7309.81640625
7241.71142578125
7175.81494140625
7114.58203125
7053.52197265625
6996.4609375
6938.86474609375
6881.92822265625
6831.78125
6778.427734375
6728.70947265625
6678.74853515625
6632.6474609375
6585.54150390625
6538.44775390625
6493.12890625
6446.67333984375
6401.7802734375
6354.9033203125
6308.67822265625
6267.51171875
6222.30517578125
6178.52587890625
6132.474609375
6087.654296875
6041.23779296875
5994.60107421875
5949.21142578125
5899.94580078125
5852.12939453125
5803.29248046875
5754.4638671875
5709.8037109375
5660.01708984375
5607.78955078125
5553.26708984375
5499.6064453125
5443.60595703125
5389.5654296875
5340.77978515625
5292.7607421875
5249.10009765625
5207.6708984375
5167.31689453125
5131.181640625
5091.08154296875
5051.78271484375
5010.53564453125
4970.306640625
4928.9296875
4888.3994140625
4852.11474609375
4819.99560546875
4793.18896484375
4766.13330078125
