20000.0
20000.0
20000.0
20000.0
20000.0
20000.0
20000.0
20000.0
20000.0
20000.0
20000.0
20000.0
20000.0
20000.0
20000.0
19999.9140625
20000.0
20000.0
20000.0
20000.0
20000.0
20000.0
20000.0
20000.0
20000.0
20000.0
20000.0
20000.0
19413.35546875
18470.9921875
17102.787109375
15992.8583984375
14920.2626953125
14081.4404296875
13377.3798828125
12848.015625
12433.6513671875
11985.1865234375
11546.2626953125
11129.470703125
10739.2548828125
10416.1845703125
10092.29296875
9827.3623046875
9577.2529296875
9350.671875
9132.888671875
8929.94921875
8747.908203125
8573.052734375
8414.2734375
8256.89453125
8107.55859375
7980.66162109375
7849.3095703125
7730.09033203125
7614.60693359375
7508.74560546875
7405.76708984375
7308.310546875
7218.69775390625
7130.626953125
7049.5966796875
6970.43408203125
6896.2275390625
6831.65185546875
6762.81689453125
6698.9501953125
6635.69091796875
6577.0859375
6519.97998046875
6465.935546875
6416.06103515625
6366.30859375
6320.046875
6274.6591796875
6231.58203125
6194.17138671875
6153.962890625
6116.78564453125
6080.8115234375
6047.7236328125
6014.8017578125
5982.94287109375
5953.033203125
5923.15283203125
5895.17529296875
5867.0478515625
5839.5400390625
5814.75244140625
5787.79296875
5762.14453125
5736.2568359375
5711.81591796875
5687.01904296875
5662.53955078125
5639.09375
5615.009765625
5591.81640625
5567.9462890625
5544.25830078125
5522.986328125
5499.6201171875
5477.0810546875
5453.66357421875
5431.0380859375
5407.53173828125
5383.8828125
5360.84130859375
5337.015625
5311.51904296875
5284.9443359375
5258.54833984375
5234.83984375
5208.56884765625
5183.3583984375
5157.4130859375
5132.04052734375
5105.73974609375
5079.3154296875
5053.49267578125
5026.765625
5000.84423828125
4973.94677734375
