20000.0
20000.0
20000.0
20000.0
20000.0
20000.0
20000.0
20000.0
20000.0
20000.0
20000.0
20000.0
20000.0
20000.0
20000.0
20000.0
20000.0
20000.0
19999.87109375
20000.0
20000.0
20000.0
20000.0
20000.0
20000.0
20000.0
20000.0
19999.998046875
20000.0
20000.0
20000.0
20000.0
20000.0
19999.990234375
20000.0
20000.0
20000.0
20000.0
20000.0
20000.0
20000.0
20000.0
20000.0
20000.0
18984.8515625
17914.6640625
16949.58203125
15972.36328125
15165.96484375
14590.1884765625
14065.798828125
13575.822265625
13106.7939453125
12646.6337890625
12228.146484375
11759.4853515625
11300.51171875
10838.53515625
10419.955078125
10016.26171875
9642.564453125
9313.65234375
8990.501953125
8703.6259765625
8430.2392578125
8167.55029296875
7940.8291015625
7701.15673828125
7481.98291015625
7271.64208984375
7082.2099609375
6901.2314453125
6728.064453125
6566.84033203125
6408.7451171875
6264.77880859375
6124.146484375
5995.23193359375
5887.0263671875
5776.7626953125
5674.8564453125
5573.97802734375
5476.04541015625
5377.6796875
5284.4580078125
5201.96435546875
5122.4072265625
5048.26708984375
4975.96435546875
4907.888671875
4849.0048828125
4786.41259765625
4728.47314453125
4671.466796875
4618.63525390625
4566.38671875
4516.11279296875
4469.29150390625
4422.44970703125
4378.2861328125
4335.27392578125
4295.4609375
4259.59375
4219.8935546875
4181.8984375
4143.32373046875
4106.7119140625
4069.28369140625
4032.495849609375
3997.872802734375
3963.076416015625
3930.22119140625
3897.08935546875
3864.732421875
3836.078857421875
3805.3017578125
3775.365966796875
3743.8193359375
3713.260498046875
3681.953857421875
3651.103759765625
3621.59033203125
3591.47412109375
3562.64111328125
3532.92822265625
