20000.0
20000.0
20000.0
20000.0
19999.998046875
20000.0
20000.0
20000.0
20000.0
20000.0
20000.0
20000.0
20000.0
20000.0
20000.0
20000.0
20000.0
20000.0
20000.0
20000.0
20000.0
20000.0
20000.0
20000.0
20000.0
20000.0
20000.0
20000.0
20000.0
20000.0
20000.0
20000.0
20000.0
20000.0
20000.0
20000.0
20000.0
20000.0
20000.0
20000.0
20000.0
20000.0
20000.0
20000.0
20000.0
20000.0
20000.0
20000.0
20000.0
19999.994140625
20000.0
19999.841796875
20000.0
20000.0
20000.0
20000.0
20000.0
19999.998046875
20000.0
19999.986328125
20000.0
20000.0
20000.0
20000.0
20000.0
20000.0
20000.0
20000.00390625
20000.0
19999.998046875
20000.0
20000.0
20000.0
20000.0
20000.0
20000.0
20000.0
19999.994140625
20000.0
19999.263671875
20000.0
20000.0
20000.0
20000.0
20000.0
20000.0
20000.0
19999.99609375
20000.0
20000.0
19999.99609375
19724.732421875
19289.994140625
18886.201171875
18483.470703125
18098.787109375
17745.76171875
17400.0625
17081.091796875
16771.869140625
16473.716796875
16214.6533203125
15821.041015625
15499.673828125
15221.0322265625
14973.86328125
14732.8994140625
14503.287109375
14290.7080078125
14080.435546875
13885.376953125
13673.25
13460.30078125
13279.6201171875
13086.734375
12918.6171875
12763.65625
12620.724609375
12459.1611328125
12285.732421875
12122.955078125
11973.03125
11843.982421875
11717.4814453125
