20000.0
20000.0
20000.0
20000.0
19999.990234375
20000.0
20000.0
20000.0
20000.0
20000.0
20000.0
20000.0
20000.0
20000.0
20000.0
20000.0
20000.0
20000.0
20000.0
20000.0
20000.0
20000.0
20000.0
20000.0
20000.0
20000.0
19999.93359375
20000.0
20000.0
19999.91015625
20000.0
20000.0
20000.0
19999.87109375
20000.0
20000.0
20000.0
20000.0
20000.0
20000.0
20000.0
20000.0
20000.0
20000.0
19396.302734375
18543.251953125
17726.447265625
17003.751953125
16342.5673828125
15600.767578125
15012.8076171875
14508.0615234375
14063.404296875
13621.36328125
13176.7734375
12835.328125
12505.82421875
12204.5712890625
11888.9951171875
11606.4384765625
11331.412109375
11084.2001953125
10874.935546875
10665.4716796875
10459.4345703125
10241.9541015625
10032.4345703125
9854.0068359375
9665.080078125
9483.8125
9303.6611328125
9139.30859375
8980.005859375
8828.65625
8687.1806640625
8543.8544921875
8405.81640625
8263.236328125
8120.7822265625
7993.228515625
7842.24365234375
7692.29638671875
7540.1943359375
7397.7333984375
7253.7890625
7109.677734375
6969.05078125
6825.244140625
6692.70263671875
6564.46728515625
6442.34716796875
6336.69140625
6228.87890625
6121.1806640625
6014.8095703125
5914.83837890625
5812.41943359375
5712.79541015625
5620.48388671875
5529.04296875
5444.31787109375
5360.67138671875
5279.09716796875
5207.34130859375
5129.849609375
5056.66162109375
4983.6708984375
4916.58056640625
4849.96435546875
4788.9052734375
4729.89501953125
4670.4404296875
4614.90185546875
4559.16064453125
4505.49853515625
4457.87744140625
4406.74169921875
4358.609375
4309.30615234375
4261.8818359375
4213.8095703125
4167.109375
4122.9443359375
4078.286376953125
4035.702880859375
3992.37890625
