20000.0
20000.0
20000.0
20000.0
19999.994140625
20000.0
20000.0
20000.0
20000.0
20000.0
20000.0
20000.0
20000.0
20000.0
20000.0
20000.0
20000.0
20000.0
20000.0
20000.0
20000.0
20000.0
20000.0
20000.0
20000.0
20000.0
20000.0
20000.0
20000.0
20000.0
19999.99609375
19999.982421875
20000.0
19999.998046875
20000.0
20000.0
19999.787109375
20000.0
20000.0
20000.0
20000.0
20000.0
20000.0
20000.0
19999.99609375
20000.0
20000.0
20000.0
20000.0
20000.0
20000.0
19999.998046875
20000.0
19999.99609375
20000.0
20000.0
20000.0
20000.0
20000.0
20000.0
20000.0
19797.328125
19342.42578125
18889.78125
18478.51953125
18067.29296875
17551.5078125
17111.517578125
16690.37890625
16341.6220703125
16017.4306640625
15676.7119140625
15318.4111328125
14964.2412109375
14640.9501953125
14320.9013671875
14004.46875
13719.4169921875
13419.1240234375
13152.1318359375
12893.2060546875
12667.5185546875
12452.1279296875
12248.3154296875
12055.1201171875
11872.2548828125
11700.98046875
11510.970703125
11319.8310546875
11149.669921875
10964.658203125
10790.06640625
10612.2666015625
10441.5068359375
10268.2939453125
10108.181640625
9956.6484375
9804.6103515625
9658.8818359375
9506.240234375
9351.9794921875
9213.470703125
9065.5732421875
8934.833984375
8813.927734375
8698.6865234375
8576.4873046875
8453.2568359375
8334.4375
8212.76953125
8096.587890625
7978.24658203125
7844.267578125
7722.8837890625
7593.748046875
7475.0400390625
7358.0830078125
7249.70458984375
7138.00634765625
7030.91650390625
6932.07666015625
6835.17138671875
6745.99462890625
6658.56884765625
