20000.0
20000.0
20000.0
20000.0
20000.0
20000.0
20000.0
20000.0
20000.0
20000.0
20000.0
20000.0
20000.0
20000.0
20000.0
20000.0
20000.0
20000.0
20000.0
20000.0
20000.0
20000.0
20000.0
20000.0
20000.0
20000.0
20000.0
20000.0
20000.0
20000.0
20000.0
20000.0
20000.0
20000.0
20000.0
20000.0
20000.0
20000.0
20000.0
20000.0
19999.962890625
20000.0
19999.322265625
19999.75390625
20000.0
20000.0
20000.0
20000.0
20000.01171875
20000.0078125
20000.0
20000.001953125
20000.0
20000.0
19999.998046875
20000.0
20000.001953125
20000.0
20000.0
20000.0
20000.0
20000.0
20000.0
20000.0
19999.99609375
20000.0
20000.0
19999.994140625
20000.0
20000.0
20000.0
20000.0
20000.0
20000.0
20000.0
20000.0
20000.0
20000.0
20000.0
20000.0
20000.0
20000.0
20000.0
20000.0
20000.0
20000.0
20000.0
20000.0
20000.0
20000.0
20000.0
20000.0
20000.0
20000.0
20000.0
20000.0
20000.0
20000.0
19999.990234375
19999.93359375
19596.21875
19060.02734375
18473.029296875
17921.072265625
17326.916015625
16825.0234375
16370.130859375
15963.482421875
15603.8154296875
15271.7373046875
14980.3642578125
14700.3251953125
14427.125
14188.716796875
13933.9794921875
13692.373046875
13446.345703125
13210.1884765625
12963.939453125
12724.0185546875
12500.3125
12255.8642578125
12019.9423828125
11786.0283203125
