20000.0
20000.0
20000.0
20000.0
20000.0
20000.0
20000.0
20000.0
20000.0
20000.0
20000.0
20000.0
20000.0
20000.0
20000.0
20000.0
20000.0
20000.0
20000.0
20000.0
20000.0
20000.0
20000.0
20000.0
20000.0
20000.0
20000.0
20000.0
20000.0
20000.0
20000.0
20000.0
19999.876953125
20000.0
19999.99609375
20000.0
19999.998046875
20000.0
19999.978515625
20000.0
20000.0
20000.0
20000.0
20000.0
20000.0
20000.0
20000.0
20000.0
20000.0
20000.0
20000.0
20000.0
20000.0
20000.0
20000.0
20000.0
20000.0
20000.0
20000.0
20000.0
19626.505859375
19256.962890625
18908.087890625
18576.361328125
18230.99609375
17887.439453125
17582.94140625
17251.578125
16930.953125
16623.142578125
16344.0927734375
16068.3818359375
15798.5380859375
15540.1533203125
15280.404296875
15036.1181640625
14790.1650390625
14548.478515625
14335.490234375
14108.8515625
13898.44140625
13684.609375
13479.5615234375
13270.548828125
13067.44921875
12878.134765625
12690.6103515625
12514.794921875
12338.7724609375
12169.9296875
11995.6162109375
11799.353515625
11641.0830078125
11496.99609375
11361.1455078125
11235.087890625
11117.01171875
11008.962890625
10901.201171875
10799.6591796875
10692.6279296875
10564.8212890625
10451.0302734375
10337.3359375
10236.6513671875
10135.5869140625
10037.6494140625
9937.865234375
9829.93359375
9716.486328125
9604.146484375
9504.5498046875
9411.1318359375
9324.373046875
9244.69140625
9150.2119140625
9052.4384765625
8952.3466796875
8858.4677734375
8765.5263671875
8678.15234375
8598.111328125
8518.7529296875
8444.5341796875
8367.6357421875
