20000.0
20000.0
20000.0
20000.0
19096.42578125
18628.466796875
18452.0625
18673.529296875
19107.525390625
19579.505859375
19871.869140625
20000.0
20000.0
20000.0
20000.0
20000.0
20000.0
20000.0
20000.0
20000.0
20000.0
20000.0
20000.0
20000.0
20000.0
20000.0
20000.0
20000.0
19999.998046875
20000.0
20000.0
20000.0
20000.0
19937.369140625
19398.671875
18939.63671875
18516.234375
18141.17578125
17746.126953125
17384.021484375
17066.451171875
16791.78125
16542.693359375
16269.490234375
16013.2822265625
15749.9033203125
15486.5439453125
15218.564453125
14959.544921875
14719.052734375
14478.28125
14245.9150390625
14016.5185546875
13802.6064453125
13621.2958984375
13427.1904296875
13248.3017578125
13076.6162109375
12911.9052734375
12735.7646484375
12564.2412109375
12407.1044921875
12247.595703125
12094.755859375
11940.9208984375
11790.8046875
11657.0654296875
11510.0400390625
11369.7021484375
11226.8935546875
11091.109375
10952.4384765625
10815.1884765625
10682.671875
10538.662109375
10401.3759765625
10265.2373046875
10133.3447265625
10027.037109375
9910.3125
9796.9765625
9680.908203125
9571.0693359375
9461.1259765625
9354.828125
9255.5986328125
9158.0986328125
9084.412109375
9010.6826171875
8935.001953125
8867.970703125
8796.037109375
8728.1337890625
8659.0107421875
8592.9814453125
8525.6455078125
8459.41015625
8395.4638671875
8330.8525390625
8269.0107421875
8204.7861328125
8140.05859375
8081.23583984375
8016.03125
7953.64404296875
7889.7001953125
7828.6064453125
7765.93603515625
7703.58740234375
7643.30224609375
7580.9541015625
7521.02685546875
7460.16357421875
7400.65087890625
7348.25341796875
7291.9130859375
7238.80322265625
7185.6455078125
7135.931640625
7087.451171875
7041.3017578125
6998.04736328125
6953.86181640625
6911.341796875
6867.0947265625
