20000.0
20000.0
20000.0
20000.0
20000.0
20000.0
20000.0
20000.0
20000.0
20000.0
20000.0
20000.0
20000.0
20000.0
20000.0
20000.0
20000.0
20000.0
20000.0
20000.0
20000.0
20000.0
20000.0
20000.0
20000.0
20000.0
20000.0
20000.0
20000.0
20000.0
20000.0
20000.0
20000.0
20000.0
20000.0
20000.0
20000.0
20000.0
20000.0
20000.0
20000.0
20000.0
20000.0
20000.0
20000.0
20000.0
20000.0
20000.0
20000.0
20000.0
20000.0
20000.0
20000.0
20000.0
20000.0
20000.0
20000.0
20000.0
19999.98828125
20000.021484375
20000.0
20000.0
20000.0
20000.0
20000.0
20000.0
20000.0
20000.0
20000.0
20000.0
20000.0
19999.9921875
20000.0
20000.0
20000.0
19999.98046875
20000.0
20000.0
20000.00390625
20000.0
19999.9609375
20000.0
20000.005859375
20000.005859375
19999.91015625
20000.005859375
19999.9296875
20000.0
20000.0
20000.001953125
20000.001953125
20000.0
20000.0
20000.0
20000.0
20000.0
20000.0
20000.0
20000.0
20000.0
20000.0
20000.0
20000.0
20000.0
20000.0
20000.0
20000.0
20000.0
20000.0
19997.046875
20000.0
20000.0
19999.9921875
20000.0
19774.41015625
18845.048828125
17975.69140625
17127.90234375
16408.93359375
15759.060546875
15189.3408203125
14712.7490234375
14224.8896484375
13767.1708984375
13309.8896484375
