20000.0
20000.0
20000.0
20000.0
20000.0
20000.0
20000.0
20000.0
20000.0
20000.0
20000.0
20000.0
20000.0
20000.0
20000.0
20000.0
20000.0
20000.0
20000.0
20000.0
20000.0
20000.0
20000.0
20000.0
20000.0
20000.0
20000.0
20000.0
20000.0
20000.0
20000.0
20000.0
19999.919921875
20000.017578125
19999.8984375
20000.0
19999.953125
19999.99609375
20000.0
19999.99609375
20000.0
20000.0
20000.0
20000.0
20000.0
20000.0
20000.001953125
20000.0
20000.0
19843.3515625
19392.638671875
18970.150390625
18563.181640625
18183.169921875
17859.3671875
17510.9375
17192.4921875
16880.857421875
16593.625
16309.9912109375
16038.796875
15782.3271484375
15527.90234375
15293.1162109375
15061.7158203125
14840.28515625
14644.6396484375
14434.8359375
14240.4912109375
14050.728515625
13874.2392578125
13699.6650390625
13531.4462890625
13371.517578125
13217.15234375
13074.62890625
12928.3359375
12766.3525390625
12593.7197265625
12438.6376953125
12304.8330078125
12172.1142578125
12046.6337890625
11919.7001953125
11796.5703125
11680.9892578125
11564.8154296875
11457.3125
11356.986328125
11264.1171875
11186.42578125
11109.5556640625
11036.2705078125
10964.8408203125
10900.0712890625
10831.8359375
10757.2275390625
10686.029296875
10610.95703125
10538.294921875
10455.724609375
10381.958984375
10320.578125
10260.892578125
10209.7666015625
10162.6279296875
10119.78515625
10077.6064453125
10035.78125
9994.861328125
9952.0986328125
9910.91015625
9869.9287109375
9831.20703125
9796.9775390625
9760.1162109375
9725.3642578125
9691.3525390625
9660.2509765625
9627.66015625
9594.875
9564.01171875
9532.9169921875
9503.86328125
9474.8037109375
