20000.0
20000.0
20000.0
20000.0
20000.0
20000.0
20000.0
20000.0
20000.0
20000.0
20000.0
20000.0
20000.0
20000.0
20000.0
20000.0
20000.0
20000.0
20000.0
20000.0
20000.0
20000.0
20000.0
20000.0
20000.0
20000.0
20000.0
20000.0
20000.0
20000.0
20000.0
20000.0
20000.0
20000.0
20000.0
20000.0
20000.0
20000.0
20000.0
19999.994140625
20000.0
19999.98046875
20000.0
20000.0
20000.0
20000.0
20000.0
19999.998046875
20000.0
20000.0
20000.0
20000.001953125
20000.0
20000.0
19999.998046875
20000.0
19999.998046875
20000.0
20000.0
20000.0
20000.0
19999.9921875
20000.0
20000.0
20000.0
20000.0
20000.0
20000.0
20000.0
20000.0
20000.0
19999.998046875
20000.0
20000.0
20000.0
20000.0
20000.0
20000.0
20000.0
19999.95703125
20000.0
20000.00390625
20000.0
19547.98046875
18898.482421875
18268.201171875
17719.736328125
17206.998046875
16744.2890625
16294.9189453125
15876.37890625
15521.2705078125
15151.7060546875
14813.7958984375
14505.24609375
14236.703125
13969.11328125
13711.8642578125
13472.7080078125
13233.82421875
13006.5361328125
12777.2578125
12555.3642578125
12297.25390625
11989.9814453125
11753.3955078125
11538.451171875
11345.39453125
11160.3291015625
10987.375
10826.5419921875
10665.095703125
10501.7587890625
10324.482421875
10151.291015625
9999.2666015625
9833.37109375
9680.443359375
9531.10546875
9393.8046875
9261.142578125
9135.265625
9018.841796875
8906.408203125
8799.3310546875
8689.13671875
