20000.0
20000.0
20000.0
20000.0
20000.0
20000.0
20000.0
20000.0
20000.0
20000.0
20000.0
20000.0
20000.0
20000.0
20000.0
20000.0
20000.0
20000.0
20000.0
20000.0
20000.0
20000.0
20000.0
20000.0
20000.0
20000.0
20000.0
20000.0
20000.0
20000.0
20000.0
20000.0
20000.0
20000.0
20000.0
20000.0
20000.0
20000.0
20000.005859375
20000.0
20000.001953125
19999.982421875
19999.970703125
20000.0
19999.9921875
20000.0
20000.00390625
20000.0
20000.001953125
19999.98046875
20000.0
20000.0
19818.861328125
19502.48046875
19164.544921875
18859.7109375
18576.8359375
18329.46484375
18104.39453125
17900.587890625
17718.533203125
17537.3984375
17366.595703125
17179.23046875
16990.595703125
16821.95703125
16623.1015625
16407.26171875
16190.3515625
15993.1728515625
15802.12109375
15621.330078125
15454.3876953125
15288.83203125
15136.302734375
14985.576171875
14839.640625
14711.2294921875
14571.595703125
14440.1240234375
14308.689453125
14184.779296875
14059.6357421875
13936.224609375
13817.69140625
13692.533203125
13569.7998046875
13442.3994140625
13314.33984375
13192.5498046875
13048.8310546875
12906.8291015625
12756.3505859375
12597.185546875
12426.548828125
12255.6865234375
12092.9921875
11942.0966796875
11799.603515625
11650.5107421875
11499.626953125
11367.6259765625
11228.5771484375
11099.30078125
10967.5146484375
10844.59765625
10721.6953125
10601.859375
10488.490234375
10390.9599609375
10304.11328125
10217.224609375
10127.244140625
10039.77734375
9940.7197265625
9845.150390625
9747.8623046875
9655.37890625
9561.7724609375
9470.1328125
9383.357421875
9295.62890625
9212.5576171875
9128.3349609375
