20000.0
20000.0
20000.0
20000.0
20000.0
20000.0
20000.0
20000.0
20000.0
20000.0
20000.0
20000.0
20000.0
20000.0
20000.0
20000.0
20000.0
20000.0
20000.0
20000.0
20000.0
20000.0
20000.0
20000.0
20000.0
19999.888671875
20000.005859375
20000.0
20000.0
19999.9453125
19999.994140625
20000.0
20000.0
20000.0
20000.0
19999.98828125
20000.0
20000.0
20000.0
20000.0
20000.0
20000.0
20000.0
20000.0
20000.0
20000.0
19940.859375
19550.29296875
19181.525390625
18804.765625
18385.94140625
17946.9453125
17504.810546875
17105.916015625
16670.533203125
16166.8564453125
15730.5009765625
15280.5947265625
14874.3173828125
14465.93359375
14089.1552734375
13719.2607421875
13365.4208984375
13036.033203125
12711.2353515625
12412.3271484375
12122.2021484375
11857.751953125
11636.005859375
11397.4140625
11190.84375
10986.1591796875
10794.6884765625
10599.2900390625
10405.091796875
10223.74609375
10042.29296875
9880.017578125
9685.798828125
9522.595703125
9379.7158203125
9196.2197265625
9029.46484375
8877.4462890625
8744.0400390625
8604.685546875
8472.2314453125
8348.7626953125
8226.1591796875
8106.51220703125
7974.2822265625
7840.11865234375
7724.369140625
7605.4716796875
7498.01220703125
7392.2333984375
7290.70556640625
7185.55224609375
7074.4091796875
6966.97998046875
6861.4306640625
6764.6298828125
6668.068359375
6574.80224609375
6493.3623046875
6406.1201171875
6323.56884765625
6240.150390625
6161.4658203125
6082.3193359375
6005.2958984375
5932.50634765625
5859.490234375
5790.81298828125
5722.396484375
5659.95751953125
5605.248046875
5545.419921875
5488.68603515625
5431.29248046875
5376.61328125
5320.7177734375
5265.27197265625
5211.52587890625
5156.30712890625
5104.0029296875
5050.9345703125
