20000.0
20000.0
20000.0
20000.0
20000.0
20000.0
20000.0
20000.0
20000.0
20000.0
20000.0
20000.0
20000.0
20000.0
20000.0
20000.0
20000.0
20000.0
20000.0
20000.0
20000.0
20000.0
20000.0
20000.0
19999.986328125
20000.013671875
20000.0
20000.0
20000.0
20000.0
20000.0
20000.0
20000.0
20000.0
19558.826171875
18704.31640625
17977.1484375
17332.931640625
16795.978515625
16308.3916015625
15871.7919921875
15527.75
15192.0732421875
14884.0546875
14579.7333984375
14307.923828125
14043.5048828125
13789.87109375
13555.8759765625
13328.4248046875
13121.83984375
12924.888671875
12743.203125
12588.9599609375
12424.0888671875
12270.1015625
12117.197265625
11974.7724609375
11834.1533203125
11701.43359375
11565.814453125
11394.5029296875
11266.3095703125
11150.1572265625
11043.373046875
10946.41015625
10837.216796875
10737.9892578125
10638.693359375
10546.599609375
10444.89453125
10341.98828125
10248.5810546875
10151.2109375
10053.810546875
9955.6630859375
9858.7109375
9773.33984375
9679.05078125
9589.0849609375
9494.1279296875
9390.6884765625
9285.609375
9188.9853515625
9104.173828125
9024.119140625
8951.3515625
8874.6953125
8795.4169921875
8724.220703125
8648.58984375
8578.7568359375
8510.8779296875
8449.568359375
8390.212890625
8332.6943359375
8277.0166015625
8217.82421875
8158.97900390625
8098.08447265625
8038.40185546875
7984.76416015625
7925.36181640625
7867.80810546875
7811.517578125
7760.2607421875
7709.77880859375
7661.34716796875
7616.48095703125
7572.29150390625
7531.20068359375
7489.880859375
7448.8388671875
7411.587890625
7370.09228515625
7330.37939453125
7290.0234375
7251.453125
7212.34130859375
7174.283203125
7137.91943359375
7101.3291015625
7067.28955078125
7033.8515625
