20000.0
20000.0
20000.0
20000.0
20000.0
20000.0
20000.0
20000.0
20000.0
20000.0
20000.0
20000.0
20000.0
20000.0
20000.0
20000.0
20000.0
20000.0
20000.0
20000.0
20000.0
20000.0
20000.0
20000.0
20000.0
20000.0
20000.0
20000.0
20000.0
20000.0
20000.0
20000.0
20000.0
20000.0
20000.0
20000.0
20000.0
20000.0
20000.0
20000.0
19999.4921875
19999.986328125
20000.0
20000.0
20000.0
19999.998046875
20000.0
20000.0
20000.0
20000.0
20000.0
20000.0
20000.0
19999.8671875
20000.0
20000.0
20000.0
20000.0
20000.0
20000.0
20000.0
20000.0
20000.0
20000.0
20000.0
20000.0
20000.0
19999.994140625
20000.0
19999.998046875
19999.998046875
19999.970703125
20000.0
20000.0
20000.0
20000.0
20000.0
20000.0
20000.0
20000.0
20000.0
20000.0
20000.0
20000.0
20000.0
20000.0
20000.0
19759.435546875
19194.15234375
18559.158203125
17966.740234375
17376.005859375
16864.28515625
16348.7197265625
15787.154296875
15294.53125
14849.1064453125
14438.6025390625
14027.5849609375
13625.271484375
13273.9140625
12908.04296875
12576.4501953125
12264.099609375
12000.2646484375
11760.21484375
11527.90234375
11307.8818359375
11080.7177734375
10855.1201171875
10627.8076171875
10402.6513671875
10198.939453125
9972.677734375
9753.498046875
9532.7314453125
9322.732421875
9112.234375
8907.0703125
8722.259765625
8538.2177734375
8364.626953125
8188.01171875
