20000.0
20000.0
20000.0
20000.0
20000.0
20000.0
20000.0
20000.0
20000.0
20000.0
20000.0
20000.0
20000.0
20000.0
20000.0
20000.0
20000.0
20000.0
20000.0
20000.0
20000.0
20000.0
20000.0
20000.0
20000.0
20000.0
20000.0
20000.0
20000.001953125
20000.0
20000.0
20000.0
20000.0
20000.0
20000.0
20000.0
20000.0
20000.0
20000.0
20000.0
20000.0
19999.998046875
20000.0
20000.0
20000.0
20000.0
20000.0
20000.0
20000.0
20000.0
20000.0
20000.0
20000.0
20000.0
20000.0
19999.998046875
20000.0
20000.0
20000.0
20000.0
20000.0
20000.0
20000.0
19778.95703125
18449.232421875
17303.20703125
16121.443359375
15103.08203125
14143.146484375
13273.9736328125
12422.318359375
11642.046875
10933.283203125
10256.28515625
9644.44921875
9070.2890625
8539.6298828125
8091.240234375
7626.66259765625
7210.490234375
6827.92724609375
6497.28466796875
6206.08203125
5938.041015625
5688.53369140625
5443.08837890625
5214.044921875
4991.8720703125
4788.21484375
4621.203125
4448.82763671875
4291.34814453125
4135.67626953125
3991.480712890625
3854.153076171875
3727.65087890625
3614.0234375
3504.37451171875
3404.57666015625
3307.727294921875
3216.6181640625
3138.665283203125
3057.60498046875
2983.494873046875
2909.503662109375
2841.94677734375
2776.649169921875
2714.423583984375
2658.4384765625
2606.446533203125
2559.734130859375
2514.716796875
2472.072021484375
2435.157470703125
2396.3046875
2360.460693359375
2325.1376953125
2292.34716796875
2259.4150390625
2228.833740234375
2201.6005859375
2174.620849609375
2149.256591796875
2123.66552734375
