20000.0
20000.0
20000.0
20000.0
20000.0
19999.998046875
20000.0
20000.0
20000.0
20000.0
20000.0
20000.0
20000.0
20000.0
20000.0
20000.0
20000.0
20000.0
20000.0
20000.0
20000.0
20000.0
20000.0
20000.0
20000.0
20000.0
20000.0
20000.0
20000.0
20000.0
20000.0
20000.0
19999.66015625
20000.0
19999.984375
19999.998046875
19999.998046875
20000.0
20000.0
19999.998046875
20000.0
20000.0
20000.0
20000.001953125
20000.0
19999.994140625
20000.0
19999.998046875
20000.0
20000.0
19953.236328125
19621.330078125
19287.8671875
18993.736328125
18652.208984375
18327.7421875
18007.666015625
17713.203125
17417.775390625
17139.1953125
16884.900390625
16635.58984375
16405.13671875
16173.72265625
15947.9560546875
15752.6650390625
15547.236328125
15357.4384765625
15170.4609375
14997.11328125
14826.216796875
14663.3984375
14511.958984375
14359.5537109375
14216.5283203125
14073.7958984375
13896.5517578125
13738.369140625
13589.5
13457.1435546875
13327.9892578125
13208.701171875
13091.6220703125
12980.111328125
12875.728515625
12770.9599609375
12672.6904296875
12574.5673828125
12479.5048828125
12396.123046875
12307.2626953125
12225.21875
12142.6826171875
12064.625
11984.0673828125
11904.056640625
11832.6943359375
11765.0390625
11702.7685546875
11634.908203125
11567.95703125
11507.826171875
11442.39453125
11380.212890625
11316.9248046875
11256.966796875
11196.6572265625
11117.880859375
11038.5771484375
10962.62109375
10889.8330078125
10808.1142578125
10726.9453125
10652.80078125
10573.8974609375
10502.44921875
10435.76953125
10371.146484375
10306.03515625
10242.1708984375
10182.154296875
10116.9609375
10053.55859375
9989.384765625
