20000.0
20000.0
20000.0
20000.0
20000.0
20000.0
20000.0
20000.0
20000.0
20000.0
20000.0
20000.0
20000.0
20000.0
20000.0
20000.0
20000.0
20000.0
20000.0
20000.0
20000.0
20000.0
20000.0
20000.0
20000.0
20000.0
20000.0
20000.0
20000.0
20000.0
20000.0
20000.0
20000.0
20000.0
20000.0
20000.0
20000.0
20000.0
20000.0
20000.0
20000.0
20000.0
20000.0
20000.0
20000.0
20000.0
20000.0
20000.0
20000.0
20000.0
20000.0
20000.0
20000.0
20000.0
19999.99609375
19999.994140625
20000.0
20000.0
20000.0
20000.0
20000.0
20000.005859375
20000.0
20000.0
20000.0
20000.0
19601.88671875
19147.5390625
18739.25
18339.703125
17987.8515625
17671.84765625
17369.888671875
17088.185546875
16805.025390625
16538.15625
16269.5166015625
16008.3388671875
15774.8427734375
15515.671875
15266.0048828125
15011.162109375
14774.2509765625
14540.296875
14316.2685546875
14106.5966796875
13895.8466796875
13697.0703125
13498.927734375
13307.685546875
13140.212890625
12960.482421875
12792.2734375
12624.2578125
12466.5439453125
12308.5078125
12155.3623046875
12010.4482421875
11863.85546875
11725.1025390625
11586.8466796875
11465.7421875
11362.1767578125
11252.806640625
11150.6650390625
11045.5498046875
10943.2890625
10841.3125
10743.25390625
10651.873046875
10559.796875
10472.6142578125
10381.4609375
10290.7333984375
10210.4833984375
10124.3310546875
10044.423828125
9965.1845703125
9890.8466796875
9815.853515625
9742.517578125
9672.859375
9602.0341796875
9534.478515625
9465.685546875
