20000.0
20000.0
20000.0
20000.0
20000.0
20000.0
20000.0
20000.0
20000.0
20000.0
20000.0
20000.0
20000.0
20000.0
20000.0
20000.0
20000.0
20000.0
20000.0
20000.0
20000.0
20000.0
20000.0
20000.0
20000.0
20000.0
20000.0
20000.0
20000.0
20000.0
20000.0
20000.0
20000.0
20000.0
20000.0
20000.0
20000.001953125
20000.0
20000.0
19999.998046875
20000.0
20000.0
19999.990234375
20000.0
19999.919921875
20000.0
19999.998046875
20000.0
19945.45703125
19594.587890625
19267.029296875
18943.5078125
18641.4296875
18385.033203125
18114.453125
17858.173828125
17596.0546875
17345.369140625
17090.376953125
16842.173828125
16607.91015625
16349.7744140625
16097.0849609375
15841.6015625
15593.876953125
15373.85546875
15134.607421875
14908.4423828125
14673.8828125
14450.6748046875
14220.7236328125
13990.6240234375
13770.2763671875
13546.1708984375
13323.876953125
13094.0849609375
12872.0673828125
12679.9833984375
12478.302734375
12291.0810546875
12102.8408203125
11926.912109375
11750.0751953125
11575.56640625
11402.95703125
11228.109375
11059.521484375
10890.8544921875
10728.9404296875
10588.9345703125
10440.388671875
10301.9296875
10172.3623046875
10071.271484375
9970.57421875
9872.9072265625
9778.7294921875
9678.1689453125
9578.68359375
9475.4658203125
9372.8740234375
9281.6640625
9182.5048828125
9088.4853515625
8993.37109375
8903.154296875
8818.302734375
8740.8291015625
8670.5947265625
8602.0703125
8538.8623046875
8476.4404296875
8416.7802734375
8362.44921875
8301.6435546875
8241.845703125
8179.81103515625
8120.3203125
8059.77880859375
7997.6796875
7922.876953125
7846.64990234375
7776.74072265625
7708.546875
