20000.0
20000.0
20000.0
20000.0
20000.0
20000.0
20000.0
20000.0
20000.0
20000.0
20000.0
20000.0
20000.0
20000.0
20000.0
20000.0
20000.0
20000.0
20000.0
20000.0
20000.0
20000.0
20000.0
20000.0
20000.0
20000.0
20000.0
20000.0
20000.0
19999.88671875
20000.0
19999.9453125
19999.865234375
20000.0
20000.0078125
19835.662109375
19030.27734375
18339.744140625
17702.345703125
17134.26953125
16623.701171875
16173.69921875
15803.919921875
15463.3564453125
15202.578125
14967.7529296875
14759.2568359375
14547.923828125
14336.7919921875
14142.4287109375
13945.3388671875
13736.3515625
13533.6591796875
13350.203125
13198.3779296875
13041.83203125
12898.9111328125
12756.2119140625
12621.9208984375
12484.1806640625
12344.9951171875
12211.7490234375
12078.025390625
11954.2587890625
11834.1689453125
11722.376953125
11628.1982421875
11530.43359375
11440.236328125
11349.162109375
11261.076171875
11169.619140625
11068.115234375
10962.955078125
10852.978515625
10749.2548828125
10647.2197265625
10537.5126953125
10399.5625
10227.70703125
10064.388671875
9896.279296875
9737.0966796875
9576.3349609375
9416.173828125
9277.6376953125
9162.1376953125
9053.8310546875
8944.7099609375
8837.2880859375
8741.09375
8635.693359375
8535.83984375
8439.3994140625
8347.41015625
8248.240234375
8150.0380859375
8057.4775390625
7964.3427734375
7877.4755859375
7792.4169921875
7717.48876953125
7648.70947265625
7571.69287109375
7497.49365234375
7421.0869140625
7347.2646484375
7271.5751953125
7196.88037109375
7125.88427734375
7053.98388671875
6985.74560546875
6916.5986328125
6848.8955078125
6788.8857421875
6724.14990234375
6662.7412109375
6599.98388671875
6539.82080078125
6478.60888671875
6418.31494140625
6361.1396484375
6301.1328125
6244.34326171875
6187.4033203125
