20000.0
19974.072265625
18830.37109375
18182.994140625
17809.931640625
17599.8515625
17824.181640625
18203.638671875
18644.638671875
19074.40234375
19499.681640625
19897.80859375
20000.0
20000.0
20000.0
20000.0
20000.0
20000.0
20000.0
20000.0
20000.0
20000.0
20000.0
20000.0
20000.0
20000.017578125
18974.986328125
17047.05859375
15844.2666015625
15171.2724609375
14597.6025390625
14164.1748046875
13819.982421875
13556.52734375
13331.109375
13121.783203125
12884.84765625
12639.9560546875
12413.7783203125
12183.984375
11962.142578125
11771.8466796875
11557.8876953125
11367.6298828125
11192.2509765625
11039.9638671875
10897.3291015625
10765.796875
10644.6572265625
10522.98828125
10405.103515625
10285.21875
10169.5458984375
10068.73828125
9961.736328125
9862.662109375
9765.0966796875
9675.2998046875
9587.1806640625
9503.5546875
9426.501953125
9349.640625
9272.88671875
9189.2705078125
9102.232421875
9022.54296875
8934.76953125
8860.6865234375
8783.0712890625
8706.38671875
8627.0888671875
8548.7802734375
8480.76953125
8422.5048828125
8367.4609375
8311.7998046875
8257.134765625
8208.4677734375
8155.34765625
8104.47119140625
8051.81689453125
8001.43994140625
7949.90380859375
7898.3671875
7848.53125
7797.509765625
7748.83203125
7699.375
7650.7294921875
7607.49072265625
7560.51220703125
7515.8857421875
7470.61279296875
7427.4609375
7383.474609375
7339.99658203125
7298.279296875
7255.27978515625
7212.8173828125
7168.58984375
7124.2548828125
7084.2509765625
7040.1259765625
6997.67529296875
6953.3603515625
6910.04736328125
6865.9599609375
6822.71484375
6781.53271484375
6738.640625
6697.09130859375
6654.78662109375
6614.49462890625
6579.01806640625
6540.2626953125
6503.1611328125
6465.22900390625
6429.00244140625
6392.35400390625
6356.5166015625
6322.3115234375
6287.32763671875
6253.67919921875
6219.1015625
