20000.0
20000.0
20000.0
20000.0
20000.0
20000.0
20000.0
20000.0
20000.0
20000.0
20000.0
20000.0
20000.0
20000.0
20000.0
20000.0
20000.0
20000.0
20000.0
20000.0
20000.0
20000.0
20000.0
20000.0
20000.0
20000.0
20000.0
20000.0
20000.0
20000.0
20000.0
20000.0
20000.0
20000.0
20000.0
20000.0
20000.00390625
19999.935546875
20000.0
20000.0
19999.97265625
20000.0
19999.99609375
20000.0
20000.0
19999.99609375
20000.0078125
20000.0
20000.0
20000.001953125
20000.001953125
20000.0
20000.0
19999.99609375
20000.0
20000.0
20000.0
20000.0
20000.0
20000.0
20000.0
20000.0
19999.87109375
20000.0
19999.99609375
20000.0
20000.0
20000.0
20000.0
20000.0
20000.0
20000.0
19999.984375
20000.0
20000.0
20000.0
19996.4921875
20000.0
20000.0
19999.96875
19999.396484375
19999.98828125
19999.966796875
20000.0
20000.0
19977.361328125
19412.41796875
18888.923828125
18455.1875
18016.76171875
17643.087890625
17280.404296875
16941.841796875
16602.384765625
16273.2451171875
15973.3837890625
15701.8828125
15437.728515625
15167.7158203125
14899.8427734375
14658.6650390625
14387.294921875
14124.5751953125
13853.7197265625
13592.9091796875
13325.80859375
13064.787109375
12812.2021484375
12551.193359375
12304.8681640625
12057.779296875
11818.9208984375
11608.806640625
11382.13671875
11165.64453125
10946.6171875
10740.0068359375
10532.236328125
10330.2607421875
10140.3759765625
9949.8564453125
9767.576171875
9586.1279296875
