20000.0
20000.0
20000.0
20000.0
20000.0
20000.0
20000.0
20000.0
20000.0
20000.0
19999.998046875
20000.0
20000.0
20000.0
20000.0
19999.998046875
20000.0
20000.0
18720.8125
17451.724609375
16377.58203125
15510.9521484375
14742.421875
14062.5322265625
13479.1064453125
12942.19921875
12494.650390625
12069.1875
11678.099609375
11348.814453125
11029.9296875
10698.990234375
10422.7197265625
10184.4736328125
9958.75390625
9757.1328125
9596.28125
9443.0654296875
9299.1865234375
9110.728515625
8936.4140625
8803.96484375
8676.419921875
8561.1005859375
8446.1748046875
8345.732421875
8243.5625
8147.5595703125
8062.130859375
7974.74560546875
7894.4072265625
7816.64111328125
7743.7236328125
7680.8994140625
7615.421875
7554.587890625
7492.4833984375
7432.65380859375
7371.935546875
7312.49853515625
7255.25244140625
7196.81884765625
7141.25537109375
7084.80126953125
7029.52587890625
6980.56005859375
6928.03759765625
6878.83203125
6830.017578125
6784.56298828125
6739.21484375
6695.43212890625
6654.94287109375
6614.65185546875
6578.93212890625
6542.76318359375
6506.978515625
6474.875
6439.76806640625
6406.2333984375
6372.32666015625
6340.2255859375
6307.857421875
6276.375
6246.4208984375
6216.99267578125
6188.65185546875
6159.4951171875
6130.3583984375
6103.72998046875
6073.251953125
6042.0498046875
6009.42333984375
5976.1142578125
5938.91015625
5898.94384765625
5856.92626953125
5811.5595703125
5765.3017578125
5716.220703125
5667.59765625
5625.87060546875
5586.62646484375
5551.5927734375
5511.62060546875
5469.97216796875
5425.94873046875
5366.7783203125
5276.21630859375
5184.54833984375
5100.80322265625
5017.69921875
4937.4267578125
4867.5537109375
4793.74609375
4725.6787109375
4658.7861328125
4597.2373046875
4534.5068359375
4475.43212890625
4421.93408203125
4369.44384765625
4320.9228515625
4275.57861328125
