20000.0
20000.0
20000.0
20000.0
20000.0
20000.0
20000.0
20000.0
20000.0
20000.0
20000.0
20000.0
20000.0
20000.0
20000.0
20000.0
20000.0
20000.0
20000.0
20000.0
20000.0
20000.0
20000.0
20000.0
20000.0
20000.0
20000.0
20000.0
20000.0
20000.0
20000.0
20000.0
20000.0
20000.0
20000.0
20000.0
20000.0
20000.0
20000.0
20000.0
20000.0
20000.0
20000.0
20000.0
20000.0
20000.0
20000.0
20000.0
20000.0
20000.0
20000.0
20000.0
20000.0
20000.0
20000.0
19999.994140625
20000.00390625
19999.994140625
20000.0
20000.0
19999.998046875
20000.0
20000.0
20000.0
20000.0
19999.900390625
20000.0
20000.0
20000.0
20000.0
19999.998046875
19999.984375
20000.0
19999.998046875
20000.0
20000.0
20000.001953125
20000.0
20000.00390625
20000.001953125
20000.0
20000.005859375
20000.0
20000.0
19999.990234375
20000.0
20000.0
20000.0
20000.0
20000.0
20000.0
20000.0
20000.0
20000.0
20000.0
20000.0
20000.0
20000.0
20000.0
20000.0
19398.66796875
18789.962890625
18255.00390625
17649.9140625
17118.0
16661.140625
16227.5576171875
15835.294921875
15453.9951171875
15082.6484375
14744.982421875
14426.8720703125
14141.8740234375
13740.3251953125
13365.208984375
13074.275390625
12782.33984375
12512.4013671875
12236.55859375
11965.666015625
11683.1591796875
11412.333984375
11168.240234375
10928.9052734375
10710.037109375
10495.37109375
