20000.0
20000.0
20000.0
20000.0
20000.0
20000.0
20000.0
20000.0
20000.0
20000.0
20000.0
20000.0
20000.0
20000.0
20000.0
20000.0
20000.0
20000.0
20000.0
20000.0
20000.0
20000.0
20000.0
20000.005859375
19999.822265625
20000.0
20000.0
20000.0
20000.0
20000.0
20000.0
20000.0
20000.0
20000.0
19461.18359375
18771.146484375
18173.916015625
17625.626953125
17130.890625
16656.232421875
16229.193359375
15855.2138671875
15457.83203125
15092.2578125
14649.017578125
14233.708984375
13893.4404296875
13598.578125
13337.9169921875
13085.7099609375
12850.732421875
12609.1689453125
12379.087890625
12187.8310546875
11985.51953125
11793.51953125
11555.9599609375
11303.8544921875
11072.9658203125
10897.365234375
10746.4619140625
10588.408203125
10443.5400390625
10300.240234375
10153.8076171875
10022.509765625
9881.015625
9750.806640625
9625.7607421875
9514.486328125
9404.677734375
9298.62890625
9201.3486328125
9106.7607421875
9020.6689453125
8936.06640625
8851.1025390625
8774.5009765625
8690.833984375
8611.01953125
8530.1279296875
8453.732421875
8377.857421875
8303.5791015625
8232.9443359375
8160.79150390625
8091.4326171875
8020.70263671875
7951.7578125
7888.3818359375
7813.64306640625
7740.98779296875
7665.78173828125
7593.37744140625
7518.8076171875
7445.478515625
7376.0146484375
7306.4765625
7240.9384765625
7173.97412109375
7107.47998046875
7048.8828125
6985.78857421875
6925.62548828125
6864.4765625
6804.298828125
6741.15625
6677.91259765625
6617.34228515625
6555.7763671875
6497.408203125
6439.947265625
6389.1513671875
6346.72509765625
6298.9921875
6252.38916015625
6204.52880859375
6159.00439453125
6113.0986328125
6068.45068359375
6026.44970703125
5984.533203125
5945.13427734375
5905.654296875
