20000.0
20000.0
20000.0
20000.0
20000.0
20000.0
20000.0
20000.0
20000.0
20000.0
20000.0
20000.0
20000.0
20000.0
20000.0
20000.0
20000.0
20000.0
20000.0
20000.0
19999.919921875
19997.234375
20000.0
19999.990234375
19999.990234375
20000.0
20000.0
20000.0
20000.0
19999.98046875
20000.0
20000.0
20000.0
20000.0
20000.0
20000.0
20000.0
20000.0
20000.0
20000.0
20000.0
20000.0
20000.0
20000.0
20000.0
20000.0
20000.0
20000.0
20000.0
20000.0
19999.99609375
19999.966796875
20000.0
19999.87109375
20000.0
18969.90234375
18050.18359375
17228.509765625
16428.068359375
15616.9365234375
14847.8642578125
14076.57421875
13395.400390625
12757.5029296875
12147.2314453125
11633.431640625
11124.2275390625
10687.3671875
10274.1328125
9899.08203125
9547.423828125
9195.0439453125
8895.2548828125
8616.38671875
8369.71484375
8137.8984375
7926.830078125
7739.80224609375
7549.98779296875
7381.8974609375
7221.9853515625
7078.98388671875
6941.51708984375
6813.26708984375
6696.5078125
6584.080078125
6484.52783203125
6384.33447265625
6285.2509765625
6196.6982421875
6099.97314453125
6007.9462890625
5914.22802734375
5825.65234375
5738.48583984375
5656.67333984375
5583.2265625
5508.83935546875
5431.24560546875
5349.31005859375
5267.65625
5200.02490234375
5126.3623046875
5055.7763671875
4984.990234375
4918.05029296875
4849.39208984375
4779.6328125
4713.0546875
4646.1123046875
4583.1259765625
4513.70458984375
4430.4912109375
4354.95703125
4275.63427734375
4202.5009765625
4130.39208984375
4063.544677734375
3997.239501953125
3933.42236328125
3873.694091796875
3813.919677734375
3757.82275390625
3700.8564453125
