20000.0
20000.0
19999.994140625
20000.0
20000.0
20000.0
20000.0
20000.0
20000.0
20000.0
20000.0
20000.0
20000.0
20000.0
20000.0
20000.0
20000.0
20000.0
19999.65625
20000.0
20000.0
19859.689453125
18535.134765625
17395.912109375
16575.201171875
15988.455078125
15517.45703125
15129.185546875
14753.6240234375
14401.4853515625
14105.291015625
13780.2841796875
13471.3857421875
13170.447265625
12893.1943359375
12621.740234375
12361.2001953125
12115.578125
11880.5732421875
11668.990234375
11463.30859375
11268.169921875
11104.6689453125
10932.3115234375
10771.7216796875
10612.322265625
10463.501953125
10315.828125
10174.666015625
10042.48046875
9908.6748046875
9794.24609375
9690.1630859375
9590.2763671875
9502.0234375
9407.544921875
9319.3935546875
9230.791015625
9146.8017578125
9062.5703125
8980.369140625
8902.6513671875
8824.0302734375
8749.1357421875
8669.38671875
8591.2734375
8521.9853515625
8446.5703125
8373.9912109375
8299.5126953125
8228.6005859375
8157.19775390625
8087.57568359375
8021.734375
7956.55322265625
7896.50537109375
7833.68115234375
7770.6318359375
7713.66259765625
7640.32861328125
7567.72119140625
7498.16796875
7432.31982421875
7365.20703125
7297.56689453125
7235.587890625
7174.169921875
7117.85302734375
7061.171875
7004.40478515625
6954.00732421875
6899.30419921875
6846.53466796875
6795.75048828125
6738.21240234375
6681.90869140625
6631.6357421875
6588.146484375
6548.13037109375
6513.57373046875
6477.46435546875
6441.033203125
6409.8408203125
6376.2041015625
6341.029296875
6304.3203125
6271.87255859375
6236.6728515625
6195.77294921875
6155.38232421875
6115.15673828125
6077.958984375
6041.58203125
6005.06982421875
5972.20166015625
5937.3671875
5897.83447265625
5855.80615234375
5815.03662109375
5773.681640625
5734.0
5697.228515625
5660.337890625
5610.60791015625
5540.88427734375
