20000.0
20000.0
19999.97265625
20000.0
20000.0
20000.0
20000.0
20000.0
20000.0
20000.0
20000.0
20000.0
20000.0
20000.0
20000.0
20000.0
20000.0
20000.0
20000.0
20000.0
20000.0
20000.0
20000.0
20000.0
20000.0
20000.0
20000.0
20000.0
20000.0
20000.0
20000.0
20000.0
20000.0
20000.0
20000.0
20000.0
20000.0
20000.0
19999.990234375
20000.0
20000.0
19999.982421875
20000.0
20000.0
20000.0
20000.0
20000.0
20000.0
20000.001953125
19999.998046875
20000.0
20000.0
20000.0
20000.0
20000.0
20000.0
20000.0
20000.0
20000.0
20000.0
19999.98046875
19999.986328125
20000.0
20000.0
20000.0
20000.0
20000.0
20000.0
20000.0
20000.0
20000.0
20000.0
20000.0
20000.0
20000.0
20000.0
19999.998046875
20000.0
20000.0
19999.9921875
20000.0
20000.0
19820.552734375
19511.0234375
19213.19140625
18934.0703125
18655.318359375
18393.263671875
18128.96484375
17871.173828125
17642.775390625
17393.572265625
17151.060546875
16894.9921875
16642.5390625
16379.263671875
16117.5068359375
15867.453125
15613.826171875
15374.8212890625
15136.2802734375
14904.712890625
14693.0625
14452.9541015625
14221.037109375
13991.0283203125
13776.796875
13562.0126953125
13351.7705078125
13151.73828125
12944.5419921875
12745.94921875
12550.3681640625
12370.2998046875
12229.71875
12075.130859375
11929.591796875
11783.91796875
11646.568359375
11499.9248046875
11363.8623046875
11245.427734375
11128.6767578125
11019.099609375
10908.58984375
