20000.0
20000.0
20000.0
20000.0
20000.0
20000.0
20000.0
20000.0
20000.0
20000.0
20000.0
20000.0
20000.0
20000.0
20000.0
20000.0
20000.0
20000.0
20000.0
20000.0
20000.0
19999.93359375
19999.6328125
19999.998046875
19999.951171875
20000.0
19284.365234375
18536.9765625
17911.22265625
17399.88671875
16979.951171875
16539.740234375
16142.4345703125
15763.4560546875
15423.4423828125
15078.3125
14739.33203125
14415.85546875
14092.2705078125
13780.1171875
13459.244140625
13135.7421875
12849.6435546875
12536.736328125
12225.7685546875
11909.587890625
11618.59375
11333.51953125
11062.02734375
10802.9853515625
10537.89453125
10287.9296875
10031.80859375
9785.1123046875
9604.427734375
9439.3828125
9283.3662109375
9124.462890625
8969.1318359375
8813.7333984375
8665.0634765625
8525.4326171875
8385.3154296875
8253.3583984375
8121.18896484375
7993.318359375
7885.97265625
7765.771484375
7650.0830078125
7532.79931640625
7421.20458984375
7307.56982421875
7196.3369140625
7090.09130859375
6984.33056640625
6886.0205078125
6787.68603515625
6692.2314453125
6608.517578125
6519.02685546875
6435.349609375
6351.22412109375
6271.953125
6189.59814453125
6109.75048828125
6036.40625
5963.9833984375
5896.63623046875
5829.75830078125
5765.0595703125
5707.98876953125
5646.13525390625
5587.36328125
5527.65771484375
5471.78076171875
5417.1767578125
5365.12451171875
5316.89892578125
5268.9326171875
5206.9091796875
5149.57666015625
5100.0537109375
5057.998046875
5013.27734375
4971.4912109375
4929.83984375
4891.5341796875
4854.7841796875
4819.9541015625
4787.32080078125
4754.53759765625
4718.00927734375
4672.13134765625
4626.29150390625
4586.75341796875
4547.0888671875
4510.771484375
4474.93603515625
4441.3583984375
4396.5791015625
4350.435546875
4307.06982421875
4263.857421875
4224.0771484375
4184.79296875
