20000.0
20000.0
20000.0
20000.0
20000.0
20000.0
20000.0
20000.0
20000.0
20000.0
20000.0
20000.0
20000.0
20000.0
20000.0
20000.0
20000.0
20000.0
20000.0
20000.0
20000.0
20000.0
20000.0
20000.0
20000.0
20000.0
20000.0
20000.0
20000.0
20000.0
20000.0
20000.0
20000.0
20000.0
20000.0
20000.0
20000.0
20000.0
20000.0
20000.0
20000.0
20000.0
20000.0
20000.0
20000.0
19998.8203125
20000.00390625
19998.05078125
20000.0
20000.001953125
19999.998046875
20000.0
19999.998046875
19999.998046875
20000.0
19999.994140625
20000.0
20000.0
20000.0
20000.0
20000.0
20000.00390625
20000.0
20000.0
20000.0
20000.0
20000.001953125
20000.0
20000.0
20000.0
20000.0
20000.0
20000.0
19583.98046875
18836.478515625
17895.390625
17152.61328125
16505.673828125
15915.3486328125
15352.8740234375
14796.560546875
14277.8671875
13762.1474609375
13297.173828125
12850.8603515625
12435.8779296875
12071.1923828125
11733.8193359375
11443.7431640625
11173.37890625
10921.41796875
10701.84765625
10462.6708984375
10232.09375
9987.8671875
9758.3583984375
9532.46484375
9315.8720703125
9113.119140625
8908.853515625
8719.1083984375
8529.8466796875
8350.3544921875
8192.296875
8019.5966796875
7855.107421875
7688.6962890625
7529.087890625
7365.55126953125
7204.70263671875
7052.2578125
6899.4228515625
6756.9931640625
6616.56201171875
6482.51806640625
6366.9169921875
6242.29541015625
6125.896484375
6010.958984375
5905.78125
5803.96630859375
5707.8623046875
5618.84619140625
5530.4267578125
5447.66552734375
5369.47998046875
