20000.0
20000.0
20000.0
20000.0
19999.994140625
20000.0
20000.0
20000.0
20000.0
20000.0
20000.0
20000.0
20000.0
20000.0
20000.0
20000.0
20000.0
20000.0
20000.0
20000.0
20000.0
20000.0
20000.0
20000.0
20000.0
20000.0
20000.0
20000.0
20000.0
20000.0
20000.0
19999.99609375
19999.998046875
20000.0
20000.0
19999.853515625
20000.0
19999.99609375
20000.0
19999.998046875
20000.0
20000.0
20000.0
20000.0
20000.0
20000.0
20000.0
20000.0
20000.0
20000.0
20000.0
20000.0
20000.0
20000.0
20000.0
19806.244140625
19020.927734375
18309.767578125
17629.396484375
17011.1796875
16386.005859375
15719.482421875
15206.669921875
14750.73046875
14335.5
13986.2470703125
13627.1259765625
13297.380859375
12868.716796875
12502.7724609375
12162.2138671875
11838.2119140625
11545.5078125
11264.810546875
11006.3515625
10719.3994140625
10465.669921875
10266.8984375
10056.84375
9861.626953125
9663.048828125
9473.3681640625
9277.4189453125
9084.4541015625
8904.1953125
8714.33203125
8543.8203125
8380.1494140625
8224.5234375
8089.42431640625
7944.90478515625
7808.24072265625
7669.45947265625
7535.6748046875
7393.60107421875
7249.8564453125
7117.130859375
6989.62841796875
6873.01806640625
6758.1591796875
6648.154296875
6542.59619140625
6435.12939453125
6339.51513671875
6246.24609375
6158.9658203125
6070.85693359375
5986.28857421875
5907.6298828125
5828.64306640625
5753.787109375
5678.0859375
5604.990234375
5541.3427734375
5473.7138671875
5411.5703125
5354.142578125
5300.9033203125
5247.29736328125
5195.1083984375
5145.880859375
5096.54736328125
5050.271484375
5003.5166015625
