20000.0
20000.0
20000.0
20000.0
20000.0
20000.0
20000.0
20000.0
20000.0
20000.0
20000.0
20000.0
20000.0
20000.0
20000.0
20000.0
20000.0
20000.0
20000.0
20000.0
20000.0
20000.0
20000.0
20000.0
20000.0
20000.0
20000.0
20000.0
20000.0
20000.0
20000.0
20000.0
20000.0
20000.0
19999.90625
20000.0
20000.0
20000.0
20000.0
20000.0
20000.0
20000.0
20000.0
20000.0
20000.0
20000.0
20000.0
20000.0
20000.0
20000.0
20000.0
20000.0
20000.0
20000.0
20000.0
19999.998046875
20000.0
20000.0
20000.0
20000.0
20000.0
20000.0
20000.0
20000.0
20000.0
20000.0
20000.0
20000.0
20000.0
20000.0
20000.0
20000.0
20000.0
19999.986328125
20000.0
19999.998046875
19442.67578125
18634.439453125
17757.87109375
16978.412109375
16279.5654296875
15679.25390625
15133.306640625
14606.0263671875
14125.0263671875
13667.8955078125
13259.2001953125
12856.2470703125
12471.1962890625
12132.703125
11771.2646484375
11434.2744140625
11094.638671875
10778.91015625
10471.5927734375
10180.765625
9874.0322265625
9558.0205078125
9265.73046875
8981.5703125
8713.720703125
8483.9326171875
8242.7646484375
8026.36328125
7830.64697265625
7647.3740234375
7464.3466796875
7288.59033203125
7127.0458984375
6969.6826171875
6823.57568359375
6679.578125
6542.025390625
6422.71484375
6296.8994140625
6180.29345703125
6064.84619140625
5956.06689453125
5850.7744140625
5753.4951171875
5666.4638671875
5579.01953125
5497.37158203125
5416.3935546875
