20000.0
20000.0
20000.0
20000.0
20000.0
20000.0
20000.0
20000.0
20000.0
20000.0
20000.0
20000.0
20000.0
20000.0
20000.0
20000.0
20000.0
19999.0625
19999.90625
19996.8125
19999.390625
20000.0
20000.0
20000.0
20000.0
19999.97265625
20000.0
20000.0
20000.0
20000.0
20000.0
19551.7109375
18792.7421875
18110.96875
17509.724609375
16726.9375
16122.86328125
15599.0048828125
15044.876953125
14602.677734375
14154.1103515625
13734.9072265625
13357.8505859375
12986.033203125
12694.5478515625
12417.1865234375
12159.52734375
11912.501953125
11687.8642578125
11492.8193359375
11309.390625
11142.6123046875
10979.9853515625
10817.302734375
10676.2197265625
10525.3740234375
10381.0458984375
10231.4501953125
10085.427734375
9931.68359375
9769.7802734375
9605.1220703125
9432.984375
9263.2978515625
9087.1455078125
8915.4677734375
8763.6455078125
8596.6123046875
8435.3212890625
8271.75
8109.2421875
7939.4755859375
7769.494140625
7607.0234375
7447.73583984375
7296.189453125
7140.37353515625
6984.21533203125
6844.1513671875
6692.9658203125
6552.66650390625
6408.30859375
6276.21484375
6151.14697265625
6037.62939453125
5936.0009765625
5839.92431640625
5753.5341796875
5669.87744140625
5591.2529296875
5521.37548828125
5445.05810546875
5371.45849609375
5258.2158203125
5145.927734375
5035.9072265625
4932.67041015625
4838.30224609375
4752.06591796875
4671.14404296875
4591.73388671875
4515.45751953125
4449.15478515625
4378.46728515625
4312.2890625
4245.9384765625
4183.73681640625
4121.8232421875
4061.28271484375
4004.200439453125
3949.47119140625
3899.993896484375
3850.226318359375
3801.669677734375
3758.86572265625
3712.77490234375
3669.427978515625
3625.9794921875
3585.214599609375
3544.342529296875
3504.458740234375
3466.777587890625
3429.035888671875
3393.471435546875
3357.4931640625
