20000.0
20000.0
20000.0
20000.0
20000.0
20000.0
20000.0
20000.0
20000.0
20000.0
20000.0
20000.0
20000.0
20000.0
20000.0
20000.0
20000.0
20000.0
20000.001953125
19999.98828125
20000.0
20000.0
20000.0
19999.99609375
19999.99609375
20000.0
20000.0
20000.0
20000.0
20000.0
20000.0
20000.0
20000.0
20000.0
20000.0
20000.0
20000.0
19999.99609375
20000.0
19999.998046875
19999.978515625
19999.998046875
20000.0
20000.0
19277.37109375
18439.23828125
17654.896484375
16943.953125
16315.1171875
15722.455078125
15193.25390625
14679.68359375
14205.3193359375
13806.9228515625
13398.205078125
13028.6318359375
12670.5771484375
12340.2626953125
12009.7275390625
11714.166015625
11433.599609375
11151.7353515625
10890.1953125
10625.0595703125
10368.2255859375
10147.1416015625
9911.9658203125
9688.927734375
9467.2333984375
9258.390625
9042.3037109375
8833.5849609375
8638.3017578125
8444.6982421875
8271.27734375
8100.9677734375
7942.453125
7813.55078125
7676.439453125
7548.49072265625
7389.19140625
7238.49853515625
7092.47705078125
6961.791015625
6847.154296875
6733.32275390625
6629.3427734375
6529.72216796875
6436.501953125
6354.20556640625
6263.42822265625
6175.9716796875
6086.68701171875
6001.84814453125
5918.30615234375
5838.4765625
5760.515625
5675.763671875
5593.44873046875
5509.03662109375
5425.1962890625
5349.69970703125
5265.833984375
5189.2919921875
5111.6083984375
5034.734375
4958.33837890625
4884.69384765625
4815.0830078125
4736.59423828125
4650.419921875
4563.6103515625
4480.03857421875
4407.28173828125
4330.048828125
4258.06982421875
4186.24853515625
4117.99560546875
4047.12255859375
3976.635986328125
3909.3564453125
3841.3359375
3777.055419921875
3712.7509765625
