20000.0
20000.0
20000.0
20000.0
20000.0
20000.0
20000.0
20000.0
20000.0
20000.0
20000.0
20000.0
20000.0
20000.0
20000.0
20000.0
20000.0
20000.0
20000.0
20000.0
20000.0
20000.001953125
20000.0
20000.0
20000.0
20000.0
20000.0
20000.0
20000.0
20000.0
20000.0
19999.990234375
20000.0
20000.0
20000.0
19436.02734375
18823.822265625
18272.35546875
17765.33984375
17314.232421875
16921.998046875
16516.34375
16114.7294921875
15701.8642578125
15209.845703125
14797.0283203125
14349.1591796875
13923.251953125
13507.443359375
13087.7529296875
12684.02734375
12306.419921875
11954.626953125
11606.314453125
11296.1162109375
11034.7548828125
10752.30859375
10487.974609375
10216.9306640625
9978.88671875
9773.3408203125
9575.130859375
9366.9619140625
9153.2294921875
8949.0302734375
8745.939453125
8553.962890625
8357.1552734375
8168.240234375
8005.6396484375
7834.8515625
7674.43994140625
7515.69140625
7367.79833984375
7216.01904296875
7060.32861328125
6918.53662109375
6778.55126953125
6647.03955078125
6514.9990234375
6398.17578125
6295.5361328125
6184.51904296875
6078.681640625
5971.72705078125
5872.1884765625
5777.94873046875
5690.982421875
5611.11474609375
5532.09521484375
5458.5966796875
5385.13427734375
5294.333984375
5215.44970703125
5135.8125
5064.732421875
4996.8349609375
4934.75927734375
4869.765625
4804.64306640625
4742.79296875
4681.2177734375
4624.27099609375
4569.27490234375
4518.46630859375
4474.4189453125
4429.296875
4389.92529296875
4352.40380859375
4317.623046875
4282.62744140625
4248.2509765625
4215.5068359375
4182.26416015625
4150.63623046875
4118.66845703125
4087.38232421875
4059.61474609375
4029.362060546875
4000.553955078125
3971.168212890625
3942.98828125
3914.508544921875
3886.199462890625
3856.48681640625
3825.040283203125
3794.272216796875
3762.241455078125
