20000.0
20000.0
20000.0
20000.0
20000.0
20000.0
20000.0
20000.0
20000.0
20000.0
20000.0
20000.0
20000.0
20000.0
20000.0
20000.0
20000.0
20000.0
20000.0
20000.0
20000.0
20000.0
20000.0
20000.0
20000.0
20000.0
20000.0
20000.0
20000.0
20000.0
20000.0
20000.0
20000.0
20000.0
19999.955078125
20000.0
19999.884765625
20000.0
19999.96484375
20000.0
20000.0
20000.0
20000.0
20000.0
20000.0
20000.0
20000.0
20000.0
20000.0
20000.0
20000.0
20000.0
20000.0
20000.0
20000.0
20000.0
20000.0
19999.998046875
20000.001953125
20000.0
20000.0
20000.0
20000.0
20000.0
20000.0
20000.0
20000.0
20000.0
20000.0
20000.0
20000.0
20000.0
20000.0
19359.794921875
18532.64453125
17793.51171875
17171.4375
16362.5263671875
15630.0341796875
15018.732421875
14373.12890625
13796.6240234375
13275.7216796875
12847.724609375
12475.2373046875
12138.9609375
11815.4072265625
11481.4873046875
11166.9765625
10835.6201171875
10470.578125
10148.4169921875
9805.716796875
9489.25
9170.0888671875
8883.53515625
8608.3828125
8347.0009765625
8106.72021484375
7872.85400390625
7657.8798828125
7446.23974609375
7246.1533203125
7075.82568359375
6897.64501953125
6734.634765625
6577.74169921875
6446.93359375
6314.0693359375
6184.10107421875
6061.53271484375
5940.3212890625
5828.62158203125
5723.53369140625
5621.35498046875
5531.70654296875
5436.88525390625
5348.6689453125
5260.5654296875
5177.80029296875
5094.7021484375
5013.125
4937.25830078125
4861.70361328125
4792.1572265625
4723.4521484375
