20000.0
20000.0
20000.0
20000.0
20000.0
20000.0
20000.0
20000.0
20000.0
20000.0
20000.0
20000.0
20000.0
20000.0
20000.0
20000.0
20000.0
20000.0
20000.0
20000.0
20000.0
20000.0
20000.0
20000.0
20000.0
20000.0
20000.0
20000.0
20000.0
20000.0
20000.0
20000.0
20000.0
20000.0
20000.0
20000.0
20000.0
20000.0
20000.0
19999.99609375
19999.998046875
20000.0
19999.99609375
20000.0
20000.0
20000.0
20000.0
20000.0
20000.0
19999.9765625
20000.01171875
19999.998046875
20000.0
20000.017578125
20000.005859375
19999.99609375
20000.0
20000.00390625
19623.419921875
19236.255859375
18843.404296875
18460.244140625
18075.541015625
17720.591796875
17416.87109375
17097.0703125
16798.078125
16493.9296875
16208.701171875
15920.9111328125
15645.0283203125
15388.947265625
15135.646484375
14901.6220703125
14671.234375
14451.4150390625
14260.7802734375
14059.640625
13872.962890625
13688.908203125
13517.0751953125
13344.38671875
13176.697265625
13019.287109375
12861.42578125
12713.1611328125
12564.630859375
12420.0234375
12291.9638671875
12154.1396484375
12025.060546875
11896.755859375
11776.568359375
11657.19921875
11543.3525390625
11437.2353515625
11331.099609375
11230.8388671875
11129.375
11029.83203125
10941.5419921875
10846.1494140625
10756.40234375
10666.0283203125
10580.6298828125
10494.3232421875
10409.9091796875
10332.24609375
10261.80859375
10196.6455078125
10131.4794921875
10068.1640625
10012.455078125
9952.0234375
9894.451171875
9835.513671875
9778.783203125
9720.3466796875
9662.7890625
9607.4248046875
9550.40234375
9495.4951171875
9438.8017578125
