20000.0
20000.0
20000.0
20000.0
20000.0
20000.0
20000.0
20000.0
20000.0
20000.0
20000.0
20000.0
20000.0
20000.0
20000.0
20000.0
20000.0
20000.0
20000.0
20000.0
20000.0
20000.0
20000.0
20000.0
20000.0
20000.0
20000.0
20000.0
20000.0
19999.9921875
20000.0
20000.0
20000.0
20000.0
19999.671875
20000.0
20000.0
20000.0
20000.0
19999.990234375
19999.9921875
20000.0
19625.072265625
19155.642578125
18713.388671875
18323.705078125
17966.318359375
17656.08984375
17389.0078125
17118.736328125
16849.427734375
16572.4453125
16263.4208984375
15994.236328125
15723.1318359375
15485.6689453125
15261.28125
15058.947265625
14859.451171875
14667.3642578125
14486.6826171875
14301.890625
14120.1748046875
13933.587890625
13752.2568359375
13593.6435546875
13424.900390625
13268.75390625
13115.294921875
12973.607421875
12834.125
12701.478515625
12579.3466796875
12459.271484375
12348.6884765625
12239.8056640625
12130.0927734375
12031.1982421875
11924.2978515625
11822.5341796875
11720.935546875
11626.4287109375
11529.6650390625
11436.2705078125
11350.658203125
11265.701171875
11170.6845703125
11058.025390625
10954.6240234375
10868.5751953125
10775.23828125
10683.4072265625
10585.7421875
10492.298828125
10399.607421875
10312.6337890625
10234.86328125
10163.5478515625
10101.6796875
10043.0439453125
9987.7626953125
9940.7314453125
9893.056640625
9845.037109375
9789.2412109375
9713.59375
9619.216796875
9519.8681640625
9425.58203125
9335.919921875
9249.8720703125
9160.81640625
9074.5068359375
8998.751953125
8916.5400390625
8837.50390625
8756.9052734375
8681.1943359375
8606.986328125
8537.3916015625
8476.1962890625
8414.46484375
8345.6181640625
8251.04296875
