20000.0
20000.0
20000.0
20000.0
20000.0
20000.0
20000.0
20000.0
20000.0
20000.0
20000.0
20000.0
20000.0
20000.0
20000.0
20000.0
20000.0
20000.0
20000.0
20000.0
20000.0
20000.0
20000.0
20000.0
20000.0
20000.0
20000.0
20000.0
20000.0
19999.880859375
20000.0
20000.013671875
20000.0
19999.974609375
19999.9140625
19999.9921875
19999.994140625
20000.0
20000.0
20000.0
20000.0
20000.0
20000.0
20000.0
19999.91796875
20000.0
20000.0
20000.0
20000.0
20000.0
20000.0
20000.0
19999.990234375
20000.0
20000.0
19999.998046875
20000.0
19999.99609375
20000.0
20000.0
20000.0
20000.0
19304.33203125
18598.69921875
17904.607421875
17279.552734375
16692.470703125
16178.7607421875
15589.2490234375
15054.865234375
14495.8857421875
13994.9814453125
13574.7333984375
13184.345703125
12820.298828125
12463.5869140625
12137.509765625
11858.142578125
11569.8603515625
11305.318359375
11047.412109375
10805.8837890625
10560.833984375
10318.142578125
10083.1630859375
9846.80078125
9624.6796875
9400.7978515625
9181.205078125
8984.9150390625
8769.1708984375
8563.8935546875
8361.544921875
8193.5322265625
8018.55859375
7841.73486328125
7666.0205078125
7487.64697265625
7316.33740234375
7145.390625
6980.76708984375
6838.56591796875
6689.87353515625
6545.14208984375
6397.53857421875
6260.67724609375
6126.14697265625
5997.7197265625
5878.61083984375
5759.3720703125
5647.44287109375
5535.5048828125
5433.31591796875
5342.0703125
5241.1904296875
5141.97509765625
5042.0419921875
4948.525390625
4854.8896484375
4763.68212890625
4677.4794921875
4594.578125
4519.744140625
4444.71142578125
