20000.0
20000.0
20000.0
19999.998046875
20000.0
20000.0
20000.0
20000.0
20000.0
20000.0
20000.0
20000.0
20000.0
20000.0
20000.0
19999.994140625
20000.0
20000.0
20000.0
19091.396484375
17764.697265625
16716.025390625
15893.244140625
15202.0263671875
14615.2373046875
14105.849609375
13635.1845703125
13249.1201171875
12905.4384765625
12605.9755859375
12359.9453125
12106.1376953125
11871.0126953125
11622.46484375
11370.9716796875
11123.2998046875
10891.48828125
10677.8544921875
10481.9169921875
10318.6787109375
10161.169921875
10012.7265625
9882.4365234375
9724.8037109375
9578.390625
9449.2255859375
9337.34375
9216.6357421875
9103.6591796875
9003.0615234375
8908.759765625
8820.4228515625
8712.8212890625
8617.6533203125
8542.890625
8468.4453125
8402.251953125
8331.6787109375
8261.5087890625
8190.4248046875
8123.08056640625
8061.9970703125
8003.39111328125
7949.9052734375
7896.55908203125
7843.98486328125
7797.0400390625
7743.34814453125
7691.65966796875
7641.46337890625
7594.62548828125
7547.1728515625
7499.650390625
7455.1806640625
7411.24365234375
7370.8193359375
7330.33056640625
7291.1201171875
7257.38427734375
7221.64990234375
7188.59375
7154.8056640625
7121.5888671875
7086.18603515625
7049.91162109375
7013.52001953125
6976.5791015625
6941.55419921875
6906.162109375
6871.08349609375
6839.98974609375
6805.44140625
6771.7451171875
6736.92822265625
6703.30078125
6668.69677734375
6632.9501953125
6596.6181640625
6556.9091796875
6515.22314453125
6468.8271484375
6422.185546875
6380.6328125
6336.03466796875
6293.9716796875
6250.7490234375
6208.1298828125
6164.10498046875
6120.8447265625
6080.71484375
6043.74755859375
6009.86865234375
5976.45263671875
5943.154296875
5913.40673828125
5881.11279296875
5849.45849609375
5816.38330078125
5779.96875
5740.177734375
5699.50537109375
5659.580078125
5603.984375
5528.404296875
5455.6611328125
