20000.0
20000.0
20000.0
20000.0
20000.0
19999.99609375
20000.0
20000.0
20000.0
20000.0
20000.0
20000.0
20000.0
20000.0
20000.0
20000.0
20000.0
20000.0
20000.0
20000.0
20000.0
20000.0
20000.0
20000.0
20000.0
20000.0
20000.0
20000.0
20000.0
20000.0
20000.0
20000.0
20000.0
20000.0
20000.0
19999.6484375
19971.150390625
20000.0
19999.9765625
20000.001953125
19999.99609375
20000.0
20000.0
20000.0
20000.0
19999.9921875
20000.0
20000.0
19999.998046875
20000.0
20000.0
20000.0
20000.0
20000.0
20000.001953125
20000.0
19590.119140625
19205.798828125
18811.787109375
18425.787109375
18016.74609375
17614.833984375
17235.60546875
16857.294921875
16507.662109375
16163.7744140625
15831.16796875
15535.9951171875
15201.0947265625
14886.90234375
14570.8095703125
14272.1630859375
13959.16796875
13655.3173828125
13374.232421875
13094.94140625
12837.162109375
12582.2841796875
12341.5
12136.322265625
11922.79296875
11727.09765625
11535.1826171875
11364.2353515625
11216.2587890625
11072.0654296875
10935.296875
10797.8466796875
10658.083984375
10522.9873046875
10397.806640625
10289.7158203125
10172.79296875
10061.10546875
9947.4609375
9838.6240234375
9725.72265625
9601.076171875
9457.5556640625
9329.5361328125
9210.962890625
9091.6748046875
8972.0576171875
8868.193359375
8759.0146484375
8652.9619140625
8541.044921875
8432.544921875
8322.2568359375
8219.16015625
8128.50732421875
8042.12890625
7963.25634765625
7882.30615234375
7809.12939453125
7739.15185546875
7657.56640625
7579.14990234375
7501.04833984375
7429.9736328125
7361.84619140625
7299.0322265625
7239.67138671875
7171.05810546875
7105.30078125
7041.19580078125
