20000.0
20000.0
20000.0
20000.0
20000.0
20000.0
20000.0
20000.0
20000.0
20000.0
20000.0
20000.0
20000.0
20000.0
20000.0
20000.0
20000.0
20000.0
20000.0
20000.0
20000.0
20000.0
20000.0
20000.0
19999.9921875
20000.0
20000.0
19999.986328125
20000.0
19999.998046875
20000.0
20000.0
20000.0
19999.998046875
20000.0
20000.0
20000.0
20000.0
19763.095703125
19303.5703125
18829.533203125
18372.126953125
17990.822265625
17600.01171875
17237.34765625
16872.025390625
16524.984375
16173.5341796875
15832.396484375
15512.6396484375
15183.28515625
14864.7060546875
14545.5478515625
14257.1904296875
14009.330078125
13744.328125
13492.9482421875
13249.6826171875
13026.919921875
12807.615234375
12597.369140625
12406.666015625
12215.51953125
12029.654296875
11837.916015625
11643.712890625
11473.9921875
11296.5888671875
11128.9267578125
10959.826171875
10800.2529296875
10653.421875
10533.0732421875
10421.837890625
10305.2373046875
10191.12109375
10070.978515625
9953.123046875
9848.21875
9733.078125
9622.6240234375
9511.171875
9406.392578125
9301.58984375
9200.34765625
9105.6181640625
9005.53125
8887.7568359375
8779.2861328125
8671.8359375
8578.6240234375
8479.6982421875
8388.453125
8292.595703125
8209.646484375
8132.6298828125
8058.392578125
7964.8232421875
7876.48779296875
7801.4736328125
7729.87744140625
7651.1728515625
7573.64990234375
7490.1669921875
7415.56201171875
7346.0703125
7285.2236328125
7227.56591796875
7171.8857421875
7117.39111328125
7061.48291015625
7007.09130859375
6948.3369140625
6890.0986328125
6839.43310546875
6785.3955078125
6734.45458984375
6683.39501953125
6634.22265625
6582.4296875
6528.92626953125
6476.09228515625
6421.09619140625
6368.02880859375
6313.26220703125
