20000.0
20000.0
20000.0
20000.0
20000.0
20000.0
20000.0
20000.0
20000.0
20000.0
20000.0
20000.0
20000.0
20000.0
20000.0
20000.0
20000.0
20000.0
20000.0
20000.0
20000.0
20000.0
20000.0
20000.0
20000.0
20000.0
20000.0
20000.0
20000.0
20000.0
20000.0
20000.0
20000.0
20000.0
20000.0
20000.0
20000.0
20000.0
20000.0
20000.0
20000.0
20000.0
19999.998046875
20000.0
20000.0
20000.0
20000.0
20000.0
20000.0
20000.0
19832.921875
18710.837890625
17772.173828125
16916.61328125
16165.35546875
15483.208984375
14942.021484375
14501.443359375
14067.2607421875
13679.5498046875
13244.384765625
12807.3310546875
12435.5244140625
12093.220703125
11745.72265625
11430.8427734375
11138.896484375
10851.373046875
10568.556640625
10301.900390625
10001.177734375
9725.5341796875
9461.8916015625
9230.080078125
9009.169921875
8807.7001953125
8629.91796875
8459.0791015625
8302.646484375
8146.93896484375
7990.9921875
7847.7822265625
7688.97119140625
7536.10693359375
7378.43994140625
7225.87841796875
7070.2978515625
6921.392578125
6784.4873046875
6645.1533203125
6508.02587890625
6363.22412109375
6220.556640625
6096.00732421875
5964.29345703125
5842.3876953125
5720.90869140625
5608.0634765625
5494.47900390625
5386.4013671875
5283.05859375
5177.61962890625
5077.240234375
4975.69580078125
4876.96484375
4796.20556640625
4708.6044921875
4633.7470703125
4559.69140625
4487.986328125
4414.22216796875
4342.65625
4272.7216796875
4200.20068359375
4130.86767578125
4061.0234375
3993.158447265625
3933.326171875
3868.403076171875
3806.75146484375
3743.949462890625
3683.834228515625
3621.572509765625
3559.59716796875
3500.150634765625
3439.751708984375
3382.44189453125
3324.32763671875
