20000.0
20000.0
20000.0
19999.998046875
20000.0
20000.0
20000.0
20000.0
20000.0
20000.0
20000.0
20000.0
20000.0
20000.0
20000.0
20000.0
20000.0
20000.0
20000.0
20000.0
20000.0
20000.0
20000.0
20000.0
20000.0
20000.0
20000.0
20000.0
20000.0
20000.0
20000.0
19460.357421875
18627.18359375
17887.703125
17181.51171875
16431.578125
15743.2412109375
15110.2431640625
14529.986328125
13961.267578125
13449.642578125
12974.0888671875
12533.087890625
12175.99609375
11821.2421875
11500.4501953125
11150.30078125
10870.8544921875
10620.8720703125
10379.1083984375
10149.736328125
9918.33984375
9701.7919921875
9484.5458984375
9266.904296875
9092.302734375
8909.86328125
8740.8984375
8569.435546875
8405.8779296875
8236.7841796875
8072.37646484375
7912.63134765625
7747.61865234375
7596.3359375
7447.3017578125
7300.083984375
7168.21484375
7023.751953125
6887.24560546875
6751.89599609375
6627.94091796875
6507.6640625
6389.83056640625
6278.6357421875
6169.87841796875
6066.6396484375
5960.3974609375
5854.9013671875
5758.75927734375
5654.50732421875
5554.73974609375
5451.94384765625
5352.45458984375
5250.0107421875
5148.5029296875
5052.3046875
4955.71484375
4864.7666015625
4773.6787109375
4684.6640625
4605.51123046875
4520.712890625
4447.080078125
4372.97802734375
4303.8837890625
4234.4150390625
4166.5244140625
4101.974609375
4036.43017578125
3975.029052734375
3914.15087890625
3857.325439453125
3810.803955078125
3762.2431640625
3717.105224609375
3671.964599609375
3629.49365234375
3586.14208984375
3540.73583984375
3497.40673828125
3452.981201171875
3410.04833984375
3365.935302734375
3321.644287109375
3281.609130859375
3236.607421875
3193.42138671875
3151.10888671875
3109.386474609375
3066.534423828125
3024.597412109375
2985.1875
2945.103515625
2906.29638671875
2867.975341796875
