20000.0
20000.0
20000.0
20000.0
20000.0
20000.0
19999.998046875
20000.0
20000.0
20000.0
20000.0
20000.0
20000.0
20000.0
20000.0
20000.0
20000.0
20000.0
20000.0
20000.0
20000.0
20000.0
20000.0
20000.0
20000.0
20000.0
20000.0
20000.0
20000.0
20000.0
20000.0
20000.0
20000.0
20000.0
20000.0
20000.0
20000.0
20000.0
20000.0
20000.0
20000.0
20000.0
20000.0
20000.0
20000.0
20000.0
20000.0
20000.0
20000.0
20000.0
20000.0
20000.0
19999.662109375
20000.0
20000.0
20000.0
20000.0
19999.99609375
19999.986328125
20000.0
19999.998046875
20000.0
20000.0
20000.0
19999.95703125
20000.0
20000.0
20000.0
20000.0
20000.0
20000.0
20000.0
20000.0
20000.0
20000.0
20000.0
20000.0
20000.0
20000.0
20000.0
20000.0
20000.0
20000.0
20000.0
20000.0
20000.0
20000.0
20000.0
19728.841796875
19064.38671875
18445.3984375
17917.353515625
17292.04296875
16670.662109375
16137.341796875
15670.458984375
15225.35546875
14812.892578125
14449.2109375
14049.76171875
13641.3232421875
13277.708984375
12906.5185546875
12577.763671875
12209.685546875
11875.89453125
11557.14453125
11258.1318359375
10959.640625
10678.474609375
10418.802734375
10143.392578125
9888.3330078125
9642.67578125
9410.8701171875
9203.6328125
8982.787109375
8778.3310546875
8574.5869140625
8389.2431640625
8212.8955078125
8039.45458984375
7872.3232421875
7701.5380859375
7536.62646484375
7370.005859375
