14499.5439453125
13811.7275390625
13290.7177734375
13016.841796875
13067.359375
13654.8310546875
14379.2919921875
15026.8447265625
15619.2314453125
16128.8505859375
16603.505859375
17044.37890625
17457.419921875
17908.90625
18415.2265625
16813.517578125
13281.67578125
11844.8837890625
10889.673828125
10131.9326171875
9596.958984375
9247.5791015625
9012.5703125
8748.9423828125
8482.248046875
8227.5517578125
8005.76171875
7802.54833984375
7616.681640625
7464.0693359375
7316.76220703125
7192.40234375
7080.60302734375
7005.5
6938.26171875
6867.923828125
6797.56103515625
6724.8486328125
6657.15625
6590.43408203125
6526.5009765625
6470.55419921875
6410.615234375
6354.232421875
6297.6513671875
6244.61181640625
6191.72412109375
6140.498046875
6092.45361328125
6039.55712890625
5986.748046875
5931.87646484375
5876.62158203125
5826.765625
5771.89892578125
5719.98193359375
5667.47705078125
5617.45068359375
5566.50634765625
5516.31982421875
5468.626953125
5420.2734375
5374.5380859375
5328.212890625
5282.849609375
5242.78515625
5199.734375
5158.876953125
5116.91455078125
5075.47998046875
5031.25146484375
4985.95703125
4943.41650390625
4899.4111328125
4856.626953125
4812.51025390625
4768.765625
4729.642578125
4686.8544921875
4644.212890625
4599.75048828125
4557.556640625
4515.220703125
4474.0361328125
4435.11474609375
4395.75537109375
4358.49365234375
4320.89599609375
4284.21875
4251.818359375
4216.7197265625
4183.34814453125
4149.435546875
4117.0703125
4084.081298828125
4051.527587890625
4020.490234375
3989.05615234375
3959.697509765625
3930.18017578125
3901.158447265625
3875.236328125
3846.665771484375
3819.54931640625
3792.0166015625
3765.656494140625
3738.72607421875
3713.347900390625
3690.318603515625
3665.744873046875
3641.5634765625
3616.41748046875
3591.015869140625
3568.019775390625
3542.60546875
3518.032470703125
3492.71875
3468.39697265625
3443.554443359375
3418.086181640625
3392.902587890625
3366.698974609375
3343.44921875
3321.325439453125
