20000.0
20000.0
20000.0
20000.0
20000.0
20000.0
20000.0
20000.0
20000.0
20000.0
20000.0
20000.0
20000.0
20000.0
20000.0
20000.0
20000.0
20000.0
20000.0
20000.0
20000.0
20000.0
20000.0
20000.0
20000.0
20000.0
20000.0
20000.0
20000.0
20000.0
20000.0
19999.994140625
19999.953125
20000.0
20000.0
20000.0
20000.0
20000.0
19999.982421875
20000.0
20000.0
20000.0
20000.0
20000.00390625
20000.0
20000.001953125
20000.0
20000.0
20000.0
20000.0
20000.0
19867.580078125
19455.310546875
19103.185546875
18740.052734375
18404.806640625
18071.94140625
17765.1484375
17460.54296875
17167.05078125
16894.4375
16627.333984375
16376.8916015625
16129.2646484375
15892.6474609375
15691.3818359375
15488.125
15303.71875
15122.8505859375
14956.2431640625
14779.6025390625
14603.7890625
14439.376953125
14279.0166015625
14116.091796875
13942.3359375
13782.76171875
13653.2978515625
13521.3017578125
13402.6328125
13290.5419921875
13192.6328125
13101.0791015625
13007.6435546875
12917.927734375
12822.994140625
12693.8017578125
12551.13671875
12398.935546875
12267.060546875
12119.6689453125
11942.0517578125
11750.5849609375
11569.109375
11385.9345703125
11206.931640625
11038.9404296875
10869.1416015625
10721.4736328125
10575.2470703125
10443.6416015625
10330.263671875
10211.099609375
10099.89453125
9988.73828125
9884.58984375
9779.7705078125
9676.2568359375
9554.373046875
9419.5751953125
9308.455078125
9194.794921875
9086.072265625
8992.6494140625
8895.6484375
8806.0810546875
8718.2177734375
8634.2109375
8546.443359375
8458.216796875
8373.544921875
8288.4765625
8207.033203125
8121.79638671875
