20000.0
20000.0
20000.0
20000.0
20000.0
20000.0
20000.0
20000.0
20000.0
20000.0
20000.0
20000.0
20000.0
20000.0
20000.0
20000.0
20000.0
20000.0
20000.0
20000.0
20000.0
20000.0
20000.0
20000.0
20000.0
20000.0
20000.0
20000.0
20000.0
20000.0
20000.0
19999.96875
20000.0
20000.0
19999.99609375
19999.99609375
20000.0
20000.0
20000.0
19999.96484375
20000.0
20000.0
20000.0
20000.0
20000.0
20000.0
20000.0
20000.0
20000.0
20000.0
20000.0
20000.0
20000.0
20000.0
20000.0
20000.0
20000.0
20000.0
20000.0
20000.0
20000.0
20000.0
20000.0
20000.0
19999.9921875
20000.0
19885.919921875
19469.26171875
19000.861328125
18542.51171875
18087.298828125
17668.734375
17248.48046875
16867.474609375
16527.3046875
16197.2802734375
15890.33984375
15581.6357421875
15280.66015625
15016.794921875
14717.486328125
14434.5634765625
14151.2109375
13883.078125
13609.9208984375
13345.6572265625
13097.1044921875
12847.90234375
12615.3466796875
12382.99609375
12158.9267578125
11962.5849609375
11752.490234375
11546.107421875
11337.7421875
11171.65234375
11015.939453125
10869.978515625
10734.84375
10600.5732421875
10476.224609375
10353.73046875
10235.5322265625
10130.859375
10019.1943359375
9911.259765625
9800.9580078125
9695.3017578125
9587.169921875
9479.013671875
9370.296875
9259.306640625
9155.9189453125
9053.12109375
8952.0341796875
8861.4775390625
8763.1259765625
8670.2431640625
8576.4189453125
8482.9189453125
8387.8681640625
8294.443359375
8178.38720703125
8058.46826171875
7953.8857421875
7855.08544921875
