20000.0
20000.0
20000.0
20000.0
20000.0
20000.0
20000.0
20000.0
20000.0
20000.0
20000.0
20000.0
20000.0
20000.0
20000.0
19999.96484375
20000.0
20000.0
20000.0
20000.0
20000.0
20000.0
20000.0
20000.0
19993.45703125
18990.556640625
18175.85546875
17472.701171875
16849.19921875
16334.1162109375
15813.154296875
15360.0
14946.1025390625
14584.447265625
14246.568359375
13941.1845703125
13668.2275390625
13383.875
13065.5634765625
12799.8828125
12533.1435546875
12301.6484375
12061.4814453125
11839.1416015625
11624.861328125
11431.1474609375
11241.51953125
11049.6103515625
10857.205078125
10689.8798828125
10552.859375
10424.30859375
10297.7236328125
10181.1806640625
10058.7861328125
9950.5048828125
9848.26953125
9754.1328125
9660.1279296875
9563.3271484375
9470.2490234375
9378.6201171875
9292.6103515625
9208.1064453125
9128.9306640625
9062.2646484375
8992.0703125
8927.0771484375
8863.5068359375
8805.2041015625
8745.2138671875
8684.7734375
8626.640625
8568.326171875
8513.7392578125
8459.740234375
8407.328125
8360.8740234375
8311.357421875
8265.9931640625
8220.705078125
8177.5439453125
8133.39990234375
8090.693359375
8050.39990234375
8010.17138671875
7972.9853515625
7935.91845703125
7899.8798828125
7867.935546875
7832.5986328125
7798.4365234375
7763.09814453125
7728.7890625
7693.5810546875
7658.453125
7624.48291015625
7589.8349609375
7556.89404296875
7523.6337890625
7490.94140625
7461.5556640625
7429.22509765625
7398.025390625
7365.82763671875
7334.7822265625
7302.81103515625
7270.90673828125
7240.07861328125
7207.97900390625
7175.791015625
7142.4892578125
7109.177734375
7079.01025390625
7045.21728515625
7012.40576171875
6978.435546875
6945.4814453125
6911.552734375
6877.955078125
6847.2353515625
6815.30029296875
6784.01171875
6751.873046875
