20000.0
20000.0
20000.0
20000.0
20000.0
20000.0
20000.0
20000.0
20000.0
20000.0
20000.0
20000.0
20000.0
20000.0
20000.0
20000.0
20000.0
20000.0
20000.0
20000.0
20000.0
20000.0
20000.0
20000.0
20000.0
20000.0
20000.0
20000.0
20000.0
20000.0
20000.0
20000.0
20000.0
20000.0
20000.0
20000.0
20000.0
20000.0
20000.0
20000.0
20000.0
20000.0
20000.0
20000.0
20000.0
20000.0
20000.0
20000.0
20000.0
20000.0
20000.0
20000.0
20000.0
20000.0
20000.0
20000.0
20000.0
20000.0
20000.0
20000.0
20000.0
20000.0
20000.0
19999.998046875
19999.998046875
20000.0
20000.001953125
20000.0
20000.0
20000.0
20000.0
20000.0
19422.005859375
18552.515625
17826.875
17149.802734375
16548.962890625
15980.75
15472.5
15033.4365234375
14531.251953125
14107.7119140625
13689.728515625
13320.9453125
12957.859375
12601.7978515625
12277.6240234375
11965.52734375
11683.248046875
11398.4208984375
11125.9658203125
10895.15625
10653.7861328125
10433.2275390625
10219.26953125
10021.8994140625
9821.2763671875
9607.4892578125
9401.8125
9192.9453125
8994.0009765625
8793.248046875
8598.6240234375
8426.6787109375
8241.23828125
8069.3447265625
7899.47265625
7744.39892578125
7591.4794921875
7444.47216796875
7307.3876953125
7170.232421875
7042.26513671875
6916.7744140625
6798.64990234375
6698.38330078125
6596.46875
6503.26123046875
6411.15087890625
6326.1923828125
6242.203125
6163.6513671875
6091.83251953125
6020.80322265625
5951.216796875
5878.3408203125
