20000.0
20000.0
20000.0
20000.0
20000.0
20000.0
20000.0
20000.0
20000.0
20000.0
20000.0
20000.0
20000.0
20000.0
20000.0
20000.0
20000.0
20000.0
20000.0
20000.0
20000.0
20000.0
20000.0
20000.00390625
20000.001953125
19999.55859375
20000.0
19999.890625
20000.0
20000.0
20000.0
20000.0
20000.001953125
20000.0
20000.0
20000.0
19999.998046875
20000.0
20000.0
20000.0
20000.0
19999.998046875
20000.0
20000.0
20000.0
20000.0
20000.0
20000.0
19999.994140625
19649.919921875
18630.640625
17760.232421875
17086.662109375
16544.79296875
15952.3701171875
15404.1982421875
14869.4541015625
14376.228515625
13887.0791015625
13418.400390625
13003.826171875
12601.337890625
12237.41015625
11889.6611328125
11571.248046875
11309.5078125
11044.982421875
10809.8720703125
10581.5283203125
10367.6611328125
10155.560546875
9955.169921875
9774.81640625
9606.787109375
9448.7529296875
9290.046875
9136.6083984375
9001.447265625
8856.3525390625
8721.81640625
8588.130859375
8464.5537109375
8343.1474609375
8228.0546875
8122.84228515625
8020.03173828125
7925.59033203125
7832.52001953125
7743.01513671875
7666.26708984375
7587.0341796875
7514.193359375
7442.52587890625
7376.0009765625
7310.42724609375
7247.4755859375
7189.2421875
7131.9169921875
7079.0546875
7026.8984375
6977.1279296875
6934.015625
6888.49951171875
6846.38330078125
6804.7685546875
6766.162109375
6727.96337890625
6691.12548828125
6656.81689453125
6622.958984375
6591.4990234375
6560.17626953125
6529.984375
6503.51904296875
6475.4765625
6449.470703125
6423.48046875
6398.869140625
6374.24267578125
6349.4931640625
6325.9169921875
6302.17041015625
6279.86865234375
6257.3271484375
