20000.0
20000.0
20000.0
20000.0
20000.0
20000.0
20000.0
20000.0
20000.0
20000.0
20000.0
20000.0
20000.0
20000.0
20000.0
20000.0
20000.0
20000.0
20000.0
20000.0
20000.0
20000.0
20000.0
20000.0
20000.0
20000.0
20000.0
19999.990234375
19999.998046875
20000.0
20000.0
20000.0
19999.9921875
20000.0
20000.0
20000.0
20000.0
20000.0
20000.0
20000.0
20000.0
19999.994140625
20000.0
20000.0
20000.0
20000.0
19999.998046875
20000.0
20000.0
20000.0
19999.998046875
20000.0
20000.0
19999.998046875
20000.0
19786.84765625
18934.189453125
18058.447265625
17097.544921875
16277.8330078125
15510.9765625
14846.080078125
14242.93359375
13670.93359375
13188.767578125
12755.73046875
12366.0205078125
12052.998046875
11709.6748046875
11398.787109375
11102.4990234375
10828.1630859375
10549.3291015625
10261.5439453125
9981.5419921875
9702.501953125
9446.0556640625
9199.0087890625
8962.546875
8754.560546875
8533.529296875
8327.3486328125
8119.61767578125
7927.8486328125
7737.36767578125
7546.7021484375
7371.330078125
7197.97900390625
7035.90087890625
6873.35009765625
6711.24658203125
6558.94091796875
6405.7841796875
6261.12890625
6123.96142578125
6001.779296875
5878.1044921875
5756.34912109375
5644.4091796875
5538.869140625
5449.5537109375
5370.740234375
5295.0146484375
5227.5361328125
5154.8837890625
5088.373046875
5003.5537109375
4924.2705078125
4849.873046875
4783.443359375
4725.287109375
4670.40283203125
4621.20458984375
4573.75927734375
4529.291015625
4491.1416015625
4450.56640625
4411.15234375
4370.8935546875
4332.9521484375
4295.845703125
4260.798828125
4228.3671875
4196.48974609375
4167.0947265625
4138.23974609375
