20000.0
20000.0
20000.0
20000.0
20000.0
20000.0
20000.0
20000.0
20000.0
20000.0
20000.0
20000.0
20000.0
20000.0
20000.0
20000.0
20000.0
20000.0
20000.0
20000.0
20000.0
20000.0
20000.0
20000.0
20000.0
20000.0
20000.0
20000.0
20000.0
20000.0
20000.0
19999.994140625
20000.0
20000.0
19999.998046875
20000.0
20000.0
20000.0
20000.0
20000.0
19518.6875
18853.255859375
18294.396484375
17720.21484375
17221.552734375
16765.12890625
16378.9755859375
16004.43359375
15591.2470703125
15179.1455078125
14826.453125
14450.513671875
14062.2607421875
13608.46875
13224.400390625
12830.8857421875
12460.140625
12030.07421875
11686.0576171875
11395.5283203125
11121.5517578125
10858.58203125
10585.7138671875
10326.8427734375
10077.021484375
9845.2431640625
9642.1748046875
9425.4580078125
9222.087890625
9020.138671875
8830.568359375
8642.3359375
8458.208984375
8286.9892578125
8116.623046875
7956.20361328125
7793.029296875
7628.54541015625
7477.548828125
7308.28125
7145.26806640625
6980.76953125
6819.53271484375
6659.57958984375
6508.9541015625
6371.791015625
6239.1181640625
6118.80517578125
6001.6337890625
5890.9833984375
5799.97265625
5705.9921875
5613.44091796875
5517.7626953125
5426.44384765625
5321.74755859375
5193.03759765625
5079.1171875
4966.15185546875
4862.6337890625
4764.40234375
4668.2119140625
4584.9990234375
4496.42138671875
4413.51513671875
4330.5888671875
4253.09228515625
4176.50537109375
4102.44189453125
4033.5771484375
3965.23291015625
3901.87939453125
3838.548095703125
3776.455810546875
3722.287841796875
3664.510009765625
3610.543701171875
3556.809326171875
3506.452880859375
3455.953857421875
3406.924560546875
3361.134765625
3315.646484375
3273.47412109375
3231.53662109375
