20000.0
20000.0
20000.0
20000.0
20000.0
20000.0
20000.0
20000.0
20000.0
20000.0
20000.0
20000.0
20000.0
20000.0
20000.0
20000.0
20000.0
20000.0
20000.0
20000.0
20000.0
20000.0
20000.0
20000.0
20000.0
20000.0
20000.0
20000.0
20000.0
20000.0
20000.0
20000.0
20000.0
20000.0
20000.0
20000.0
20000.0
20000.0
20000.0
19999.990234375
20000.0
20000.0
20000.0
20000.0
20000.0
20000.0
20000.0
20000.0
20000.0
20000.0
20000.0
20000.0
20000.0
19999.986328125
20000.0
20000.0
20000.0
20000.0
20000.0
20000.0
20000.0
19999.99609375
20000.0
20000.0
20000.0
20000.0
20000.0
19999.99609375
20000.0
20000.0
20000.0
20000.0
20000.0
20000.0
20000.0
20000.0
20000.0
20000.0
20000.0
20000.0
20000.0
20000.0
20000.0
20000.0
20000.0
19801.693359375
19135.927734375
18467.5625
17670.533203125
17000.2734375
16473.478515625
15916.38671875
15415.0126953125
14939.2265625
14492.615234375
14036.7470703125
13598.46875
13194.1435546875
12784.1044921875
12415.529296875
12054.48828125
11709.5126953125
11410.6240234375
11099.4775390625
10811.416015625
10523.30078125
10250.095703125
9977.8046875
9714.552734375
9467.072265625
9215.7265625
8977.4208984375
8720.55859375
8470.046875
8253.5927734375
8024.83154296875
7814.33203125
7605.587890625
7413.62158203125
7228.30126953125
7057.10986328125
6900.19482421875
6744.4677734375
6597.72119140625
6449.4560546875
