20000.0
20000.0
20000.0
20000.0
20000.0
20000.0
20000.0
20000.0
20000.0
20000.0
20000.0
20000.0
20000.0
20000.0
20000.0
20000.0
20000.0
20000.0
20000.0
20000.0
20000.0
20000.0
20000.0
20000.0
20000.0
20000.0
19999.98046875
20000.0
19999.966796875
19999.943359375
19999.998046875
20000.0
20000.0
19999.982421875
20000.0
19999.9296875
20000.0
19999.994140625
20000.0
20000.0
20000.0
20000.0
20000.0
19999.978515625
19999.984375
19464.541015625
18902.634765625
18364.326171875
17832.609375
17339.45703125
16899.3984375
16484.400390625
16118.8212890625
15746.453125
15322.671875
15005.677734375
14661.08203125
14362.0673828125
14081.498046875
13830.6982421875
13589.4609375
13352.5458984375
13131.4677734375
12911.390625
12708.890625
12517.2890625
12282.70703125
12095.5244140625
11908.9814453125
11730.1435546875
11522.7548828125
11333.5185546875
11162.62890625
10991.37890625
10821.6923828125
10659.998046875
10522.0498046875
10398.6025390625
10274.6083984375
10149.76171875
10000.4033203125
9854.5205078125
9706.603515625
9574.1953125
9457.64453125
9348.5771484375
9248.677734375
9144.55859375
9041.30078125
8937.76171875
8839.1826171875
8753.2607421875
8658.5341796875
8567.5068359375
8473.232421875
8381.9169921875
8284.7177734375
8183.09765625
8083.443359375
7979.4072265625
7878.6103515625
7773.98876953125
7669.2236328125
7576.84765625
7476.404296875
7380.4384765625
7282.2255859375
7185.9052734375
7086.79736328125
6987.90283203125
6892.06591796875
6800.1572265625
6707.619140625
6606.72509765625
6501.0595703125
6401.3232421875
6284.57470703125
6171.09765625
6062.87744140625
5967.66748046875
5879.22900390625
5800.40625
5735.9013671875
5670.68408203125
5607.21826171875
5542.0361328125
