20000.0
20000.0
20000.0
20000.0
20000.0
20000.0
20000.0
20000.0
20000.0
20000.0
20000.0
20000.0
20000.0
20000.0
20000.0
20000.0
20000.0
20000.0
20000.0
20000.0
20000.0
20000.0
19999.998046875
20000.0
20000.0
20000.0
19999.98828125
19999.986328125
20000.0
20000.0
20000.0
20000.0
20000.0
19855.69921875
18729.412109375
17764.568359375
17016.115234375
16328.759765625
15574.6142578125
14812.3369140625
14019.96875
13317.4697265625
12719.1669921875
12164.8203125
11677.671875
11221.90234375
10814.80859375
10421.6328125
10047.6484375
9696.1416015625
9343.939453125
9006.8046875
8661.05078125
8329.34375
8041.423828125
7732.984375
7437.9287109375
7125.28564453125
6824.64453125
6542.09619140625
6294.6455078125
6079.17431640625
5873.4443359375
5692.611328125
5524.95263671875
5373.46923828125
5245.041015625
5102.71337890625
4938.6005859375
4778.47705078125
4636.79736328125
4501.42431640625
4376.14599609375
4263.3369140625
4153.603515625
4052.463134765625
3953.471435546875
3860.297119140625
3781.006591796875
3698.84130859375
3624.470703125
3552.948486328125
3488.322509765625
3425.898193359375
3368.195556640625
3313.368408203125
3260.501953125
3213.31201171875
3168.256103515625
3126.27783203125
3090.540771484375
3053.035888671875
3018.524658203125
2984.516845703125
2953.015380859375
2921.868408203125
2892.1162109375
2864.48583984375
2837.162353515625
2811.8759765625
2786.83203125
2762.804443359375
2741.809814453125
2719.4267578125
2698.5224609375
2677.72900390625
2658.40966796875
2639.21337890625
2620.735107421875
2603.4091796875
2586.071533203125
2569.874755859375
2553.783203125
2538.268798828125
2524.74755859375
2510.346923828125
2496.87060546875
2483.373046875
2470.676513671875
2457.867919921875
2445.314453125
2433.412353515625
2421.33349609375
2409.835693359375
2398.126953125
