20000.0
20000.0
20000.0
20000.0
20000.0
20000.0
20000.0
20000.0
20000.0
20000.0
20000.0
20000.0
20000.0
20000.0
20000.0
20000.0
20000.0
20000.0
20000.0
20000.0
20000.0
20000.0
20000.0
20000.0
20000.0
20000.0
20000.0
20000.0
20000.0
20000.0
20000.0
20000.0
20000.0
20000.0
20000.0
20000.0
20000.0
20000.0
20000.0
20000.0
20000.0
20000.0
20000.0
20000.0
20000.0
20000.0
20000.0
20000.0
20000.0
20000.0
20000.0
20000.0
20000.0
20000.0
20000.0
20000.0
20000.0
20000.0
19999.9921875
20000.0
20000.0
20000.0
19999.951171875
20000.0078125
20000.0
20000.0
20000.0
19999.998046875
20000.0
20000.0
20000.0
19999.87109375
19999.89453125
19999.98828125
19999.9765625
20000.0
19999.873046875
19999.99609375
19999.861328125
20000.0078125
20000.0
20000.0
20000.0
20000.0
20000.0
20000.005859375
20000.0
20000.0
20000.00390625
20000.0
20000.0
20000.0
20000.0
20000.0
20000.0
20000.0
20000.0
19587.59375
18975.349609375
18431.46484375
17909.96875
17421.623046875
17040.912109375
16655.5546875
16301.16015625
15951.7421875
15629.072265625
15306.5771484375
14994.0048828125
14613.1279296875
14242.033203125
13937.86328125
13641.8955078125
13361.505859375
13129.1728515625
12888.7490234375
12635.384765625
12348.580078125
12093.7822265625
11846.115234375
11638.23046875
11430.9765625
11192.5869140625
10958.6748046875
10726.3955078125
