20000.0
20000.0
20000.0
20000.0
20000.0
20000.0
20000.0
20000.0
20000.0
20000.0
20000.0
20000.0
20000.0
20000.0
20000.0
20000.0
20000.0
20000.0
20000.0
20000.0
20000.0
20000.0
20000.0
20000.0
20000.0
20000.0
20000.0
20000.0
20000.0
20000.0
20000.0
20000.0
20000.0
20000.0
20000.0
20000.0
20000.0
20000.0
20000.0
20000.0
20000.0
20000.0
20000.0
20000.0
20000.0
20000.0
19998.822265625
20000.0
20000.0
19999.904296875
20000.0
19999.998046875
20000.0
20000.0
20000.0
20000.0
20000.0
20000.0
20000.0
20000.0
20000.0
20000.0
20000.0
20000.0
20000.0
20000.0
20000.0
20000.0
20000.0
20000.0
20000.0
20000.0
19999.751953125
20000.0
20000.00390625
20000.0
19524.8046875
18981.484375
18466.751953125
17942.587890625
17484.232421875
17050.21875
16664.37109375
16281.5146484375
15924.6220703125
15598.4794921875
15278.0009765625
14983.1611328125
14692.5673828125
14409.2265625
14165.421875
13905.9267578125
13660.2109375
13411.9306640625
13179.1279296875
12949.4775390625
12727.42578125
12519.03515625
12299.876953125
12097.2041015625
11898.9609375
11710.740234375
11548.1416015625
11375.455078125
11229.7197265625
11101.0078125
10979.7841796875
10857.5947265625
10738.7470703125
10625.6298828125
10510.138671875
10399.48046875
10284.400390625
10169.853515625
10068.2080078125
9957.9755859375
9853.4248046875
9747.5927734375
9647.404296875
9554.2060546875
9469.2783203125
9388.7421875
9306.3720703125
9229.966796875
9156.6123046875
