20000.0
20000.0
20000.0
20000.0
20000.0
20000.0
20000.0
20000.0
20000.0
20000.0
20000.0
20000.0
20000.0
20000.0
20000.0
20000.0
20000.0
20000.0
20000.0
20000.0
20000.0
20000.0
20000.0
20000.0
20000.0
20000.0
20000.0
20000.0
20000.0
20000.0
20000.0
20000.0
20000.0
20000.001953125
19999.939453125
20000.0
20000.0
20000.0
20000.0
20000.001953125
20000.0
20000.0
20000.0
20000.0
20000.0
20000.0
20000.0
20000.0
20000.0
20000.0
20000.0
20000.0
20000.0
20000.0
20000.0
20000.0
20000.0
20000.0
20000.0
20000.0
20000.0
20000.0
20000.0
20000.0
20000.0
20000.0
19997.068359375
20000.0
20000.0
20000.0
19999.99609375
19999.998046875
19999.998046875
19402.64453125
18820.291015625
18287.88671875
17804.86328125
17371.720703125
16890.625
16451.373046875
16034.7041015625
15661.1962890625
15298.7958984375
14965.8095703125
14674.587890625
14404.2568359375
14175.84765625
13963.21484375
13759.3984375
13578.9443359375
13381.1484375
13184.6298828125
12981.7275390625
12786.1953125
12586.1533203125
12387.3984375
12198.38671875
12000.9619140625
11810.2666015625
11610.8330078125
11419.7060546875
11253.603515625
11076.3427734375
10911.3388671875
10747.3388671875
10594.375
10440.3515625
10285.927734375
10136.650390625
9983.8798828125
9839.212890625
9695.529296875
9560.763671875
9441.1943359375
9310.341796875
9185.5556640625
9059.32421875
8942.3466796875
8826.412109375
8712.373046875
8603.88671875
8499.1064453125
8403.71875
8308.9384765625
