20000.0
20000.0
20000.0
20000.0
20000.0
20000.0
20000.0
20000.0
20000.0
20000.0
20000.0
20000.0
20000.0
20000.0
20000.0
20000.0
20000.0
20000.0
20000.0
20000.0
20000.0
20000.0
20000.0
20000.0
20000.0
20000.0
20000.0
20000.0
19999.994140625
20000.0
20000.0
20000.0
20000.0
19999.998046875
19999.869140625
19999.703125
20000.001953125
19999.998046875
20000.0
20000.0
20000.0
20000.0
19999.982421875
20000.0
19999.9921875
19999.96484375
19516.412109375
18999.8671875
18570.8046875
18185.126953125
17852.224609375
17536.115234375
17244.208984375
16990.34765625
16738.64453125
16511.607421875
16286.9384765625
16078.18359375
15869.16796875
15670.427734375
15486.7451171875
15304.8759765625
15141.7216796875
14988.9951171875
14847.8095703125
14727.869140625
14592.9345703125
14452.634765625
14306.0517578125
14165.9287109375
14019.646484375
13852.2197265625
13692.1708984375
13537.4951171875
13399.6962890625
13268.6728515625
13146.51171875
13041.484375
12927.0986328125
12818.6103515625
12711.068359375
12610.6083984375
12510.140625
12412.2314453125
12320.1826171875
12228.5205078125
12141.5029296875
12053.01171875
11965.8017578125
11888.314453125
11804.728515625
11725.7451171875
11645.865234375
11568.0185546875
11488.1318359375
11409.4287109375
11334.203125
11255.943359375
11179.8037109375
11100.8525390625
11020.826171875
10948.4765625
10870.9150390625
10800.0341796875
10732.1162109375
10671.4765625
10613.490234375
10556.8818359375
10503.9873046875
10451.0048828125
10403.0791015625
10357.6416015625
10315.8994140625
10280.62890625
10242.416015625
10199.623046875
10116.0234375
9985.6376953125
9855.923828125
9734.56640625
9647.0849609375
9563.6015625
9485.3212890625
9407.201171875
