20000.0
20000.0
20000.0
20000.0
19999.998046875
20000.0
20000.0
20000.0
20000.0
20000.0
20000.0
20000.0
20000.0
20000.0
20000.0
20000.0
20000.0
20000.0
20000.0
20000.0
20000.0
20000.0
20000.0
20000.0
20000.0
20000.0
20000.0
20000.0
20000.0
20000.0
20000.0
20000.0
20000.0
19999.986328125
20000.0
20000.0
19999.826171875
20000.0
19999.998046875
20000.0
20000.0
20000.0
20000.0
20000.0
20000.0
20000.0
20000.0
20000.0
20000.0
20000.0
20000.0
20000.0
20000.0
20000.0
20000.0
19999.998046875
20000.0
20000.0
20000.0
20000.0
20000.0
20000.0
20000.0
20000.0
19999.99609375
19773.28125
19403.173828125
18893.216796875
18475.75390625
18104.62109375
17782.61328125
17481.8515625
17202.806640625
16948.443359375
16695.00390625
16466.81640625
16223.2060546875
15982.2275390625
15737.65625
15445.5361328125
15174.1611328125
14912.728515625
14643.2099609375
14385.546875
14158.64453125
13958.6650390625
13762.0078125
13561.328125
13336.142578125
13113.1650390625
12926.0029296875
12743.248046875
12572.6162109375
12392.091796875
12216.798828125
12038.2509765625
11860.0439453125
11696.537109375
11534.015625
11380.283203125
11228.9619140625
11083.8505859375
10956.462890625
10818.3720703125
10687.3134765625
10552.0869140625
10423.166015625
10293.9404296875
10167.6787109375
10048.7724609375
9926.998046875
9821.982421875
9714.076171875
9600.6376953125
9493.6875
9376.767578125
9265.923828125
9154.9599609375
9049.0595703125
8941.013671875
8833.2939453125
8728.6748046875
8610.96875
8493.875
8374.849609375
