20000.0
20000.0
20000.0
20000.0
20000.0
20000.0
20000.0
20000.0
20000.0
20000.0
20000.0
20000.0
20000.0
20000.0
20000.0
20000.0
20000.0
20000.0
20000.0
20000.0
20000.0
20000.0
20000.0
20000.0
20000.0
20000.0
20000.0
20000.0
20000.0
20000.0
20000.0
20000.0
20000.0
20000.0
20000.0
20000.0
20000.0
20000.0
20000.0
20000.0
20000.0
20000.0
20000.0
20000.0
20000.0
20000.0
20000.0
19860.98828125
19124.908203125
18456.26953125
17802.341796875
17197.33203125
16610.09765625
16080.7744140625
15635.8369140625
15078.3212890625
14591.0673828125
14143.1416015625
13752.794921875
13379.69140625
13025.4072265625
12724.236328125
12463.4072265625
12183.806640625
11906.75
11609.4345703125
11364.447265625
11120.2138671875
10892.185546875
10654.8955078125
10430.2412109375
10208.7333984375
9999.3115234375
9807.734375
9608.896484375
9411.765625
9222.3212890625
9047.0126953125
8897.9619140625
8741.5439453125
8599.025390625
8459.1318359375
8330.134765625
8202.4130859375
8076.60791015625
7960.9296875
7847.19677734375
7736.3798828125
7619.19482421875
7501.43798828125
7402.07177734375
7291.63427734375
7184.31005859375
7074.05615234375
6967.35205078125
6857.0986328125
6747.78662109375
6643.67724609375
6538.0244140625
6435.119140625
6332.14599609375
6234.42041015625
6148.8173828125
6056.32568359375
5967.90966796875
5880.05908203125
5798.52294921875
5717.65380859375
5639.9921875
5566.59716796875
5491.88623046875
5422.91064453125
5355.0703125
5290.49658203125
5234.6572265625
5175.541015625
5120.79736328125
5066.74267578125
5016.81591796875
4967.10693359375
4919.86376953125
4875.94140625
4832.7021484375
4793.99462890625
4756.4404296875
