20000.0
20000.0
20000.0
20000.0
20000.0
20000.0
20000.0
20000.0
20000.0
20000.0
20000.0
20000.0
20000.0
20000.0
20000.0
20000.0
20000.0
20000.0
20000.0
20000.0
20000.0
20000.0
20000.0
20000.0
20000.0
19999.998046875
20000.0
20000.0
20000.0
20000.0
20000.001953125
19999.984375
20000.0
19999.98828125
20000.0
20000.0
20000.0
20000.0
20000.0
20000.0
20000.0
20000.0
20000.0
20000.0
20000.0
20000.0
20000.0
20000.0
20000.0
20000.0
19916.009765625
19242.466796875
18590.154296875
17970.404296875
17429.521484375
16862.62109375
16359.8037109375
15881.6826171875
15432.91015625
14906.7294921875
14450.6494140625
14057.2861328125
13686.33203125
13351.5029296875
13021.2900390625
12730.5478515625
12507.45703125
12244.8876953125
11997.166015625
11720.8359375
11463.6318359375
11223.0166015625
11000.1865234375
10788.6669921875
10567.5830078125
10360.7822265625
10155.0625
9961.6748046875
9795.4228515625
9608.5947265625
9423.63671875
9245.1259765625
9085.248046875
8929.458984375
8780.9892578125
8645.5419921875
8512.474609375
8389.5283203125
8268.1982421875
8150.3974609375
8044.46826171875
7935.7998046875
7833.52294921875
7726.51171875
7620.56982421875
7510.6240234375
7407.00341796875
7307.34619140625
7203.822265625
7104.17236328125
7001.2783203125
6898.08154296875
6805.55126953125
6703.30078125
6607.56298828125
6508.376953125
6412.99755859375
6317.6474609375
6226.5556640625
6141.10107421875
6054.73291015625
5972.0078125
5889.62255859375
5810.48876953125
5741.50732421875
5667.9541015625
5599.5224609375
5528.39892578125
5462.08203125
5396.8134765625
5334.51513671875
5276.83935546875
5219.77490234375
5166.7802734375
5114.25439453125
