20000.0
20000.0
20000.0
20000.0
20000.0
20000.0
20000.0
20000.0
20000.0
20000.0
20000.0
20000.0
20000.0
20000.0
20000.0
20000.0
20000.0
20000.0
20000.0
20000.0
20000.0
20000.0
20000.0
20000.0
20000.0
20000.0
20000.0
20000.0
20000.0
20000.0
20000.0
20000.0
19999.98828125
20000.0
19999.62890625
20000.0
20000.0
20000.0
19999.998046875
20000.0
20000.0
20000.0
20000.0
20000.0
20000.0
19999.982421875
20000.0
19999.998046875
19999.998046875
20000.0
20000.0
20000.0
20000.0
20000.0
20000.0
20000.0
19999.962890625
20000.0
20000.0
19999.998046875
20000.0
20000.0
20000.0
20000.0
20000.0
20000.0
20000.0
20000.0
20000.0
20000.0
20000.0
20000.0
20000.0
19999.99609375
20000.0
20000.0
20000.0
20000.0
20000.0
20000.0
19777.87109375
19402.697265625
19052.322265625
18705.513671875
18372.248046875
17999.625
17616.76953125
17307.509765625
17017.59375
16743.166015625
16495.861328125
16217.8955078125
15958.455078125
15702.25
15465.654296875
15225.7744140625
14987.228515625
14755.9375
14517.8955078125
14289.9169921875
14052.0185546875
13799.7314453125
13587.1171875
13373.0341796875
13175.58984375
12980.1201171875
12797.509765625
12612.541015625
12416.083984375
12202.689453125
11977.5380859375
11777.564453125
11586.685546875
11412.810546875
11267.5478515625
11119.875
10985.126953125
10848.7470703125
10717.3046875
10582.0478515625
10450.263671875
10326.8466796875
10195.4619140625
10064.5048828125
9929.1240234375
