16574.646484375
15722.8046875
14994.8623046875
14724.279296875
14640.2431640625
14997.880859375
15551.994140625
16093.560546875
16614.2890625
17073.36328125
17502.69921875
17891.984375
18235.703125
18562.345703125
18855.345703125
19137.388671875
19402.095703125
19628.408203125
19866.2578125
20000.0
20000.0
20000.0
20000.0
20000.0
20000.0
20000.0
20000.0
20000.0
18844.18359375
16728.197265625
15612.1142578125
15114.8447265625
14753.5810546875
14408.9150390625
14105.7958984375
13842.4150390625
13613.7548828125
13398.22265625
13198.724609375
12977.11328125
12740.0849609375
12529.728515625
12300.71875
12089.5498046875
11870.0830078125
11659.78125
11444.0478515625
11209.2783203125
10979.720703125
10741.359375
10509.7138671875
10269.845703125
10044.9716796875
9854.9130859375
9642.4609375
9435.9326171875
9218.4697265625
9017.89453125
8824.892578125
8642.2890625
8467.3740234375
8290.3818359375
8126.30029296875
7965.56787109375
7848.12451171875
7752.1318359375
7650.38427734375
7554.93359375
7458.5625
7367.6064453125
7275.9365234375
7185.478515625
7098.603515625
7010.0205078125
6919.28955078125
6826.5810546875
6739.46484375
6665.55078125
6588.2255859375
6516.20458984375
6443.2373046875
6373.51513671875
6303.23193359375
6234.40576171875
6168.74560546875
6101.84619140625
6038.1875
5973.80517578125
5910.947265625
5855.5146484375
5798.49072265625
5743.2685546875
5686.05517578125
5631.22607421875
5575.537109375
5520.8798828125
5468.87646484375
5415.99951171875
5365.6357421875
5314.390625
5264.04443359375
5219.29541015625
5170.35693359375
5123.1953125
5074.685546875
5028.0703125
4980.41015625
4934.21142578125
4891.08642578125
4847.8056640625
4806.66748046875
4764.57666015625
4722.76025390625
4685.2373046875
4644.09375
4604.72021484375
4564.70068359375
4526.658203125
4488.14404296875
4450.56201171875
4415.2197265625
4378.62890625
4342.708984375
4305.41845703125
