20000.0
20000.0
19037.080078125
18265.306640625
17769.431640625
17624.076171875
17950.578125
18389.93359375
18868.34765625
19321.328125
19767.009765625
20000.0
20000.0
20000.0
20000.0
20000.0
20000.0
20000.0
20000.0
20000.0
20000.0
20000.0
20000.009765625
19774.064453125
18051.6796875
16686.923828125
15743.71875
14968.205078125
14282.9111328125
13700.5859375
13145.1123046875
12685.0126953125
12266.8994140625
11905.853515625
11569.2763671875
11268.2080078125
11010.23828125
10742.4541015625
10498.4521484375
10263.939453125
10033.6318359375
9844.6162109375
9652.9814453125
9484.07421875
9325.11328125
9182.841796875
9041.8759765625
8909.2783203125
8804.626953125
8717.4111328125
8637.7109375
8559.14453125
8483.5751953125
8417.2109375
8345.7001953125
8278.35546875
8210.333984375
8147.2802734375
8085.18896484375
8024.14892578125
7969.7587890625
7913.39111328125
7858.53271484375
7802.32958984375
7746.939453125
7697.54541015625
7644.39013671875
7594.06689453125
7542.2861328125
7491.79248046875
7440.0029296875
7388.73974609375
7339.6748046875
7289.55078125
7241.6767578125
7192.93212890625
7145.17626953125
7102.90869140625
7057.11181640625
7013.66845703125
6971.9287109375
6934.0361328125
6897.330078125
6861.8916015625
6828.30615234375
6794.40576171875
6762.13037109375
6729.060546875
6695.46630859375
6665.02001953125
6631.4814453125
6599.33154296875
6566.513671875
6535.25390625
6503.4345703125
6467.62939453125
6431.30224609375
6394.08837890625
6359.25830078125
6324.65625
6291.49267578125
6262.580078125
6230.2158203125
6199.63623046875
6169.37548828125
6141.251953125
6113.21923828125
6086.0400390625
6060.4169921875
6034.57861328125
6010.12841796875
5985.40673828125
5961.13525390625
5939.68310546875
5916.2177734375
5893.63134765625
5870.34814453125
5848.0087890625
5825.20703125
5802.74560546875
5781.30517578125
5759.53173828125
5738.83984375
5717.8583984375
