20000.0
20000.0
20000.0
20000.0
20000.0
20000.0
20000.0
20000.0
20000.0
20000.0
20000.0
20000.0
20000.0
20000.0
20000.0
20000.0
20000.0
20000.0
20000.0
20000.0
20000.0
20000.0
20000.0
20000.0
20000.0
20000.0
20000.0
20000.0
20000.0
20000.0
20000.0
20000.0
20000.0
20000.0
20000.0
19999.95703125
20000.0
20000.0
20000.01171875
20000.0
20000.0
20000.005859375
20000.0
20000.0
20000.0
20000.0
20000.0
20000.0
20000.0
20000.0
20000.0
20000.0
20000.0
20000.0
20000.0
19999.998046875
20000.0
20000.0
20000.0
20000.0
20000.0
20000.0
20000.0
20000.0
20000.0
20000.0
20000.0
20000.0
20000.0
20000.0
20000.0
20000.0
20000.0
20000.0
19546.8125
19031.8984375
18503.6015625
17907.02734375
17302.248046875
16810.953125
16361.7646484375
15928.1240234375
15476.591796875
15035.390625
14655.439453125
14305.7451171875
13983.91796875
13672.1630859375
13385.2578125
13145.10546875
12894.19921875
12650.634765625
12397.470703125
12164.373046875
11930.8603515625
11703.1181640625
11488.39453125
11266.4755859375
11055.2548828125
10839.4169921875
10632.193359375
10454.755859375
10262.0390625
10080.78125
9897.2294921875
9725.76953125
9547.12109375
9363.0361328125
9192.578125
9025.443359375
8870.3017578125
8715.375
8565.9736328125
8435.287109375
8294.7333984375
8161.08349609375
8028.5009765625
7913.64453125
7799.34130859375
7687.62109375
7581.6416015625
7474.669921875
7376.4365234375
7279.763671875
