20000.0
20000.0
20000.0
20000.0
20000.0
20000.0
20000.0
20000.0
20000.0
20000.0
20000.0
20000.0
20000.0
20000.0
20000.0
20000.0
20000.0
20000.0
20000.0
20000.0
20000.0
20000.0
20000.0
20000.0
20000.0
20000.0
20000.0
20000.0
20000.0
20000.0
19999.1875
20000.0
20000.0
20000.0
20000.0
20000.0
20000.0
20000.0
20000.0
20000.0
20000.0
20000.001953125
20000.0
19999.998046875
20000.0
20000.0
20000.0
20000.0
20000.0
20000.0
20000.0
20000.0
20000.0
20000.0
20000.0
20000.0
20000.0
19999.998046875
20000.0
20000.0
20000.0
20000.0
19999.998046875
20000.0
20000.0
19999.9140625
19860.625
19283.13671875
18734.77734375
18253.681640625
17853.953125
17453.400390625
17070.119140625
16725.970703125
16404.462890625
16116.4267578125
15832.9423828125
15563.7197265625
15335.9384765625
15096.236328125
14875.240234375
14661.19921875
14464.486328125
14265.51171875
14065.041015625
13872.255859375
13660.94921875
13446.2919921875
13220.7373046875
13012.5048828125
12832.6796875
12641.123046875
12457.9521484375
12261.486328125
12073.1337890625
11882.7607421875
11695.677734375
11536.767578125
11374.4140625
11210.8818359375
11035.9091796875
10860.427734375
10701.53125
10527.0634765625
10358.8125
10187.1142578125
10027.9482421875
9858.876953125
9689.2646484375
9528.6181640625
9366.6044921875
9205.240234375
9042.8994140625
8887.63671875
8751.2568359375
8594.783203125
8444.572265625
8293.58203125
8153.48828125
8015.12939453125
7887.73876953125
7772.35791015625
7658.27685546875
7551.58349609375
7444.38818359375
