20000.0
20000.0
20000.0
20000.0
20000.0
20000.0
20000.0
20000.0
20000.0
20000.0
20000.0
20000.0
20000.0
20000.0
20000.0
20000.0
20000.0
20000.0
20000.0
20000.0
20000.0
20000.0
20000.0
20000.0
20000.0
20000.0
20000.0
20000.0
20000.0
19999.9921875
20000.0
20000.0
20000.0
19999.99609375
20000.0
19999.99609375
19999.99609375
20000.0
19363.37109375
18163.462890625
16939.552734375
15980.4140625
15233.779296875
14476.126953125
13825.861328125
13160.927734375
12603.515625
12089.5126953125
11609.0888671875
11181.359375
10766.3896484375
10409.751953125
10050.7939453125
9724.5
9445.845703125
9150.5
8873.73046875
8594.935546875
8333.931640625
8070.2001953125
7810.3740234375
7544.4755859375
7274.93359375
7023.3037109375
6774.9169921875
6541.85791015625
6346.1611328125
6149.197265625
5968.8466796875
5793.54833984375
5637.138671875
5487.43701171875
5346.93017578125
5185.5361328125
5038.0751953125
4911.68115234375
4786.73193359375
4666.25537109375
4561.36572265625
4449.51025390625
4345.27880859375
4243.69482421875
4150.93603515625
4060.997802734375
3976.11962890625
3898.224853515625
3822.05078125
3752.803466796875
3685.640380859375
3621.605712890625
3566.348388671875
3508.321533203125
3453.929443359375
3400.07177734375
3350.69140625
3302.4833984375
3256.856201171875
3214.920654296875
3173.6279296875
3135.400146484375
3097.785400390625
3061.99072265625
3030.752197265625
2997.5947265625
2967.04833984375
2936.974365234375
2909.1640625
2881.765625
2855.550048828125
2831.24072265625
2807.127197265625
2784.90283203125
2763.0625
2742.18212890625
2724.064453125
2704.827392578125
2686.923095703125
2669.149169921875
2652.5576171875
2636.119140625
2620.3583984375
2605.622802734375
2590.924072265625
2577.1748046875
2563.391357421875
