20000.0
20000.0
20000.0
20000.0
20000.0
20000.0
20000.0
20000.0
20000.0
20000.0
20000.0
20000.0
20000.0
20000.0
20000.0
20000.0
20000.0
20000.0
20000.0
20000.0
19999.9765625
19999.9921875
19999.99609375
20000.0
20000.0
19999.99609375
20000.0
20000.0
20000.0
20000.0
20000.0
19999.99609375
20000.0
20000.0
20000.0
19927.71875
18927.265625
18057.658203125
17225.041015625
16456.19140625
15726.4580078125
15040.85546875
14463.6328125
13881.7353515625
13365.2119140625
12873.0009765625
12434.48828125
12067.6630859375
11733.8466796875
11365.14453125
11038.193359375
10730.65625
10430.3154296875
10153.1552734375
9914.6220703125
9673.9765625
9462.7783203125
9265.544921875
9007.9453125
8758.2490234375
8546.591796875
8366.2470703125
8188.24267578125
8011.38916015625
7825.8896484375
7647.64306640625
7491.9013671875
7326.95703125
7173.775390625
7022.603515625
6880.06298828125
6740.64697265625
6609.357421875
6489.0751953125
6368.314453125
6253.50146484375
6136.50732421875
6020.9873046875
5918.40185546875
5806.390625
5699.40576171875
5590.14404296875
5485.30517578125
5382.0078125
5290.494140625
5201.0771484375
5107.91552734375
5015.515625
4917.8662109375
4822.3173828125
4738.26904296875
4653.98486328125
4572.44287109375
4488.70849609375
4408.765625
4328.9072265625
4250.06640625
4173.43115234375
4094.255859375
4016.8232421875
3936.503662109375
3858.4755859375
3789.906005859375
3717.0947265625
3652.287109375
3588.48046875
3528.806396484375
3469.1279296875
3411.62890625
3358.44482421875
3306.270751953125
3257.993408203125
3210.163330078125
3164.109619140625
3123.9384765625
3078.642578125
3035.849365234375
2994.17822265625
2957.091552734375
2920.7919921875
2886.022216796875
2853.81982421875
2822.047607421875
2792.993408203125
2764.715087890625
