20000.0
20000.0
20000.0
20000.0
20000.0
20000.0
20000.0
20000.0
20000.0
20000.0
20000.0
19999.99609375
20000.0
20000.0
20000.0
20000.0
19999.99609375
19999.984375
20000.0
19999.1484375
19999.71484375
20000.0
19394.017578125
18147.0234375
17091.7421875
16266.1259765625
15603.4072265625
15126.3486328125
14730.0380859375
14326.8603515625
13970.9228515625
13618.42578125
13311.6533203125
13018.4814453125
12758.5087890625
12510.6435546875
12280.6845703125
12067.75
11867.7529296875
11689.3779296875
11516.8095703125
11353.9443359375
11211.6669921875
11052.4638671875
10897.189453125
10738.64453125
10589.3154296875
10441.34765625
10306.5625
10189.19921875
10066.625
9949.5458984375
9833.6748046875
9718.3447265625
9613.748046875
9500.91796875
9394.70703125
9287.2255859375
9198.5615234375
9114.56640625
9032.3466796875
8953.662109375
8874.1630859375
8799.0439453125
8722.8779296875
8648.1552734375
8581.7421875
8509.671875
8441.337890625
8372.41796875
8307.6171875
8241.5595703125
8175.62060546875
8109.1201171875
8041.0146484375
7976.361328125
7911.8046875
7843.94384765625
7783.16455078125
7717.50830078125
7655.15771484375
7591.76220703125
7531.40478515625
7470.03759765625
7409.90185546875
7353.6005859375
7297.55322265625
7245.4453125
7193.8388671875
7144.23486328125
7101.1044921875
7054.97021484375
7009.78662109375
6960.59033203125
6911.5908203125
6860.345703125
6808.9560546875
6759.27294921875
6707.9248046875
6657.86572265625
6605.51513671875
6552.87890625
6505.44921875
6453.12158203125
6402.86181640625
6351.4052734375
6302.31494140625
6252.2822265625
6202.951171875
6155.69775390625
6107.685546875
6062.103515625
6015.40380859375
5968.55126953125
5926.77490234375
5881.27978515625
5838.0419921875
5794.31201171875
5752.94189453125
5711.24951171875
5670.62109375
5632.2978515625
5593.826171875
5557.70361328125
5521.29931640625
