20000.0
20000.0
20000.0
20000.0
20000.0
20000.0
20000.0
20000.0
20000.0
20000.0
20000.0
20000.0
20000.0
20000.0
20000.0
20000.0
20000.0
20000.0
20000.0
20000.0
20000.0
20000.0
20000.0
20000.0
20000.0
20000.0
20000.0
20000.0
20000.0
20000.0
20000.0
20000.0
20000.0
20000.0
20000.0
20000.0
20000.0
20000.0
20000.0
20000.0
20000.0
20000.0
20000.0
20000.0
19999.998046875
20000.0
20000.0
20000.0
19999.876953125
19999.998046875
19999.9921875
20000.0
20000.0
20000.0
19999.263671875
20000.0
20000.0
20000.00390625
20000.0
20000.0
19999.958984375
20000.0
20000.0
20000.0
20000.0
20000.0
20000.0
20000.0
20000.0
19999.994140625
20000.0
20000.0
20000.0
19999.951171875
19999.96875
20000.0
20000.0
20000.0
20000.0
20000.0
20000.0
20000.0
20000.0
20000.0
20000.0
20000.0
20000.0
20000.0
20000.0
20000.0
19961.224609375
19591.908203125
19221.361328125
18864.32421875
18504.353515625
18157.88671875
17837.4921875
17518.607421875
17223.81640625
16935.14453125
16660.560546875
16423.080078125
16168.142578125
15928.513671875
15690.6044921875
15469.978515625
15245.2890625
15020.56640625
14808.4287109375
14598.9970703125
14401.6796875
14201.720703125
14016.5751953125
13857.3994140625
13687.0888671875
13525.064453125
13358.8447265625
13143.8408203125
12946.623046875
12765.8720703125
12610.0712890625
12447.998046875
12294.3759765625
12141.5673828125
