20000.0
20000.0
20000.0
20000.0
20000.0
20000.0
20000.0
20000.0
20000.0
20000.0
20000.0
20000.0
20000.0
20000.0
20000.0
20000.0
20000.0
20000.0
20000.0
20000.0
20000.0
20000.0
20000.0
20000.0
20000.0
20000.0
20000.0
20000.0
20000.0
20000.0
20000.0
20000.0
20000.0
20000.0
20000.0
20000.0
20000.0
20000.0
20000.0
20000.0
19999.78515625
20000.0
20000.0
20000.0
20000.0
20000.0
20000.0
20000.0
20000.0
20000.0
20000.0
20000.0
20000.0
20000.0
20000.001953125
20000.0
20000.0
20000.0
20000.0
20000.0
20000.0
20000.0
20000.0
19999.994140625
19998.90625
20000.0
20000.0
20000.0
20000.0
19999.986328125
20000.0
20000.0
20000.0
20000.0
20000.0
20000.0
20000.0
20000.0
20000.0
20000.0
20000.0
20000.0
20000.0
20000.0
20000.0
20000.0
20000.0
20000.0
20000.0
20000.0
19999.98828125
19999.998046875
20000.0
20000.0
20000.0
20000.0
20000.0
19999.990234375
19128.060546875
18144.580078125
17207.59375
16335.04296875
15598.4853515625
14812.4306640625
14083.1748046875
13371.1376953125
12716.4814453125
12064.9267578125
11429.90625
10855.3779296875
10316.3427734375
9837.654296875
9381.5009765625
8958.7490234375
8583.9765625
8198.70703125
7851.880859375
7526.31298828125
7248.07666015625
6975.9345703125
6717.1904296875
6478.611328125
6243.4541015625
6024.8271484375
5810.4267578125
