20000.0
20000.0
20000.0
20000.0
20000.0
20000.0
20000.0
20000.0
20000.0
20000.0
20000.0
20000.0
20000.0
20000.0
20000.0
20000.0
20000.0
20000.0
19999.998046875
20000.0
20000.0
20000.0
20000.0
20000.0
20000.0
19999.998046875
20000.0
20000.0
20000.0
20000.0
20000.0
20000.0
20000.0
20000.0
19999.865234375
20000.0
20000.0
20000.0
20000.0
19666.1953125
18490.416015625
17378.822265625
16290.9638671875
15353.673828125
14371.82421875
13487.52734375
12642.7734375
11898.392578125
11239.44140625
10621.404296875
10026.1875
9435.818359375
8918.2607421875
8433.630859375
7993.01611328125
7613.97021484375
7219.8251953125
6870.064453125
6536.080078125
6259.6611328125
6024.09375
5810.6982421875
5622.23681640625
5447.8173828125
5292.68017578125
5146.64404296875
5017.8759765625
4913.9052734375
4811.5390625
4723.0078125
4641.3427734375
4571.53857421875
4507.1513671875
4448.96435546875
4396.02197265625
4346.54296875
4303.1728515625
4262.3125
4224.9931640625
4193.9619140625
4162.42822265625
4134.2587890625
4107.306640625
4083.041259765625
4059.66455078125
4037.841796875
4018.09326171875
3999.02099609375
3981.6787109375
3964.8583984375
3948.989990234375
3935.42431640625
3920.967529296875
3907.758544921875
3894.80517578125
3882.8759765625
3871.2060546875
3860.03515625
3849.639892578125
3839.280029296875
3828.691162109375
3816.218505859375
3804.1826171875
3793.839599609375
3782.8916015625
3772.753173828125
3762.706298828125
3752.8330078125
3742.5517578125
3732.090576171875
3721.839111328125
3711.085693359375
3700.5673828125
3689.58984375
3675.685302734375
3659.692626953125
3638.4873046875
3615.661865234375
3590.241455078125
3564.326904296875
3536.46044921875
3507.714599609375
3479.28369140625
3449.367919921875
3409.925048828125
3366.290771484375
