20000.0
20000.0
20000.0
20000.0
20000.0
19867.814453125
19659.10546875
19864.837890625
20000.0
20000.0
20000.0
20000.0
20000.0
20000.0
20000.0
20000.0
20000.0
20000.0
20000.0
20000.0
20000.0
20000.0
20000.0
20000.0
19999.994140625
20000.0
20000.0
20000.0
20000.0
20000.0
20000.0
20000.0
19999.69140625
19464.029296875
18792.33984375
18167.533203125
17657.544921875
17238.3984375
16845.048828125
16509.90234375
16223.1884765625
15958.6064453125
15732.384765625
15497.0537109375
15282.3056640625
15078.701171875
14902.0166015625
14739.421875
14593.1005859375
14461.9775390625
14334.6435546875
14212.767578125
14085.943359375
13959.607421875
13828.71875
13686.787109375
13552.177734375
13422.6572265625
13304.5791015625
13188.2001953125
13079.53515625
12981.4560546875
12884.2607421875
12792.376953125
12698.33984375
12605.5087890625
12519.4345703125
12422.822265625
12329.1962890625
12228.451171875
12105.6318359375
11967.0908203125
11828.208984375
11690.48046875
11524.78125
11331.8486328125
11136.3037109375
10951.193359375
10777.00390625
10588.2900390625
10414.732421875
10245.1533203125
10090.2236328125
9934.650390625
9770.015625
9613.24609375
9459.4482421875
9320.3125
9209.2900390625
9101.7314453125
9006.615234375
8903.74609375
8806.599609375
8708.8369140625
8614.0166015625
8524.4482421875
8439.0908203125
8354.623046875
8266.3662109375
8181.20556640625
8094.0859375
8007.8896484375
7931.14111328125
7848.3427734375
7770.150390625
7691.46923828125
7616.9580078125
7541.62939453125
7467.8232421875
7397.73193359375
7326.69091796875
7259.197265625
7190.62158203125
7123.10595703125
7062.97998046875
6997.22900390625
6933.9521484375
6869.7265625
6808.7998046875
6746.98388671875
6686.22705078125
6628.48193359375
6569.8544921875
6514.1318359375
6457.53271484375
