20000.0
20000.0
20000.0
19999.99609375
20000.0
20000.0
20000.0
20000.0
20000.0
20000.0
20000.0
20000.0
20000.0
20000.0
20000.0
20000.0
20000.0
20000.0
20000.0
20000.0
20000.00390625
19999.974609375
19999.796875
20000.0
20000.0
20000.0
20000.0
19455.810546875
18521.548828125
17778.787109375
17243.990234375
16764.232421875
16355.130859375
15983.302734375
15650.9921875
15263.7216796875
14887.142578125
14560.611328125
14262.9521484375
13991.2548828125
13705.1494140625
13426.220703125
13127.427734375
12804.8994140625
12548.0419921875
12294.701171875
12061.5888671875
11833.6630859375
11613.63671875
11409.720703125
11212.7138671875
11041.1416015625
10881.2138671875
10738.333984375
10604.9140625
10461.0908203125
10329.9765625
10204.8740234375
10087.443359375
9942.8984375
9803.8544921875
9684.2451171875
9576.6962890625
9475.3173828125
9366.560546875
9255.41796875
9160.046875
9062.654296875
8974.7978515625
8887.013671875
8796.8759765625
8700.6142578125
8604.888671875
8513.556640625
8422.564453125
8339.6572265625
8258.96875
8181.95751953125
8115.82470703125
8046.4501953125
7980.74365234375
7912.42431640625
7846.09130859375
7777.87158203125
7707.34228515625
7640.0234375
7576.18115234375
7517.0458984375
7456.498046875
7396.68017578125
7343.009765625
7283.91650390625
7227.794921875
7171.4677734375
7118.64453125
7065.35205078125
7013.09228515625
6963.15185546875
6911.96142578125
6863.05224609375
6813.19384765625
6764.14208984375
6720.68505859375
6675.1162109375
6632.294921875
6589.083984375
6548.05224609375
6506.31494140625
6465.3193359375
6426.39111328125
6386.3916015625
6348.0888671875
6308.67822265625
6269.5478515625
6234.00146484375
6193.72412109375
6152.33251953125
6109.7353515625
6069.5048828125
6028.826171875
5988.77685546875
5950.4150390625
5899.9560546875
5842.39501953125
5785.0673828125
