20000.0
20000.0
20000.0
20000.0
20000.0
20000.0
20000.0
20000.0
20000.0
20000.0
20000.0
20000.0
20000.0
20000.0
20000.0
20000.0
20000.0
20000.0
20000.0
20000.0
20000.0
20000.0
20000.0
20000.0
19999.49609375
19999.986328125
19999.99609375
19999.99609375
20000.0
20000.0
20000.001953125
20000.0
20000.0
20000.0
19999.99609375
20000.0
20000.0
20000.0
20000.0
20000.0
20000.0
20000.0
20000.0
20000.0
19826.595703125
19169.212890625
18626.470703125
18125.931640625
17669.884765625
17257.1171875
16870.11328125
16514.677734375
16135.7060546875
15703.673828125
15305.3974609375
14924.30859375
14612.2783203125
14316.3994140625
14035.9677734375
13730.1474609375
13404.4130859375
13097.677734375
12774.5771484375
12487.7705078125
12222.3115234375
11975.970703125
11780.513671875
11584.5263671875
11347.1669921875
11103.4443359375
10878.1533203125
10662.6328125
10459.2451171875
10272.185546875
10088.435546875
9915.576171875
9738.771484375
9561.81640625
9403.81640625
9233.470703125
9073.6142578125
8913.8515625
8764.896484375
8612.6884765625
8469.732421875
8334.16015625
8196.0419921875
8064.49462890625
7931.685546875
7804.1689453125
7692.306640625
7573.55517578125
7464.54248046875
7351.4326171875
7241.90771484375
7131.021484375
7022.16796875
6919.93896484375
6816.0556640625
6716.84423828125
6615.81884765625
6515.80810546875
6425.458984375
6324.3642578125
6226.74072265625
6126.82763671875
6031.55859375
5935.03662109375
5841.47802734375
5754.59228515625
5668.96630859375
5589.34375
5509.2568359375
5437.73193359375
5372.8525390625
5300.232421875
5231.4921875
5160.10888671875
5087.59619140625
5010.8134765625
4932.7998046875
4857.591796875
4783.95703125
4715.2431640625
4643.88818359375
