20000.0
20000.0
20000.0
20000.0
20000.0
20000.0
20000.0
20000.0
20000.0
20000.0
20000.0
20000.0
20000.0
20000.0
20000.0
20000.0
20000.0
20000.0
20000.0
20000.0
20000.0
20000.0
20000.0
20000.0
20000.0
20000.0
20000.0
20000.0
20000.0
20000.0
20000.0
20000.0
20000.0
20000.0
19995.845703125
19998.810546875
20000.001953125
20000.0
20000.0
20000.0
19999.98046875
20000.0
20000.0
20000.0078125
20000.0
20000.0
20000.0
20000.0
20000.0
20000.0
20000.0
20000.0
20000.0
20000.0
19999.998046875
20000.0
20000.0
19999.998046875
20000.0
20000.0
20000.0
19999.998046875
20000.0
20000.0
20000.0
20000.0
19997.5
20000.0
20000.0
20000.0
20000.0
20000.0
20000.0
19980.107421875
19416.541015625
18915.404296875
18431.740234375
17950.93359375
17519.98046875
17065.935546875
16674.837890625
16319.890625
16005.6474609375
15694.4814453125
15413.001953125
15164.875
14931.796875
14723.181640625
14519.375
14322.0830078125
14154.9599609375
13973.1123046875
13802.001953125
13631.8994140625
13467.5458984375
13297.25
13130.275390625
12972.181640625
12812.4833984375
12675.8505859375
12536.763671875
12395.431640625
12267.76953125
12130.744140625
12003.62109375
11877.2451171875
11759.201171875
11640.7900390625
11526.1015625
11418.52734375
11310.4638671875
11209.1396484375
11107.6923828125
11010.82421875
10927.3662109375
10836.8642578125
10751.162109375
10664.734375
10583.91015625
10502.96484375
10424.4658203125
10350.166015625
10275.2060546875
10204.6064453125
10133.4267578125
