20000.0
20000.0
20000.0
20000.0
20000.0
20000.0
19999.998046875
20000.0
20000.0
20000.0
20000.0
20000.0
20000.0
20000.0
20000.0
20000.0
20000.0
20000.0
20000.0
20000.0
20000.0
20000.0
20000.0
20000.0
20000.0
20000.0
20000.0
20000.0
20000.0
20000.0
20000.0
20000.0
20000.0
20000.0
20000.0
20000.0
20000.0
20000.0
20000.0
20000.0
20000.0
20000.0
20000.0
20000.0
20000.0
20000.0
20000.0
20000.0
20000.0
19999.939453125
20000.0
20000.0
19999.99609375
20000.0
20000.0
19999.98828125
19999.978515625
20000.0
20000.0
19999.998046875
20000.0
19999.525390625
20000.0
20000.0
20000.0
20000.0
20000.0
19996.20703125
20000.00390625
20000.0
20000.0
20000.0
20000.0
20000.0
20000.0
20000.0
20000.0
20000.0
20000.0
20000.0
19999.9765625
20000.0
20000.0
20000.0
20000.0
20000.0
20000.0
20000.0
20000.0
20000.0
20000.0
20000.0
20000.0
19845.541015625
19442.1796875
19037.005859375
18641.41015625
18252.181640625
17725.498046875
17338.486328125
16987.4296875
16663.12109375
16367.5419921875
16043.87890625
15739.9111328125
15437.9794921875
15158.4111328125
14846.50390625
14536.5048828125
14264.580078125
14010.611328125
13785.724609375
13569.087890625
13374.2353515625
13188.9921875
12956.25
12727.9365234375
12512.3759765625
12321.5673828125
12137.8720703125
11962.4619140625
11804.681640625
11649.875
11504.349609375
11348.7119140625
