20000.0
20000.0
20000.0
20000.0
20000.0
20000.0
20000.0
20000.0
20000.0
20000.0
20000.0
20000.0
20000.0
20000.0
20000.0
20000.0
20000.0
20000.0
20000.0
20000.0
20000.0
20000.0
20000.0
20000.0
20000.0
20000.0
20000.0
19999.546875
19999.9375
20000.0
20000.0
20000.0
20000.0
20000.0
20000.0
20000.0
20000.0
20000.0
20000.0
20000.0
20000.0
20000.0
20000.0
20000.0
19999.998046875
19999.97265625
20000.0
19999.99609375
20000.0
20000.0
19999.99609375
20000.0
20000.0
19999.998046875
20000.0
19999.962890625
19666.443359375
18566.662109375
17647.640625
16787.056640625
15992.1845703125
15227.9501953125
14610.138671875
14110.216796875
13658.4140625
13276.3671875
12868.4970703125
12473.4775390625
12072.3408203125
11692.9150390625
11311.22265625
10944.9609375
10603.09375
10256.802734375
9931.4267578125
9600.1328125
9281.9326171875
9007.9033203125
8713.47265625
8427.6865234375
8145.74853515625
7893.015625
7657.52392578125
7423.0810546875
7198.55126953125
6983.8134765625
6784.67919921875
6586.673828125
6394.72802734375
6228.66552734375
6054.251953125
5896.56591796875
5756.724609375
5630.42138671875
5506.8525390625
5387.6787109375
5275.5400390625
5164.19384765625
5061.62890625
4955.84423828125
4845.3779296875
4750.533203125
4651.9638671875
4560.5966796875
4470.9287109375
4387.30712890625
4305.85009765625
4229.5029296875
4160.06298828125
4092.76611328125
4031.627685546875
3972.100341796875
3915.50732421875
3866.861083984375
3815.977294921875
3769.296875
3723.935791015625
3682.44921875
3641.885986328125
3603.53125
3568.380859375
3533.787353515625
3501.8798828125
3470.58984375
