20000.0
20000.0
20000.0
20000.0
20000.0
20000.0
20000.0
20000.0
20000.0
20000.0
20000.0
20000.0
20000.0
20000.0
20000.0
20000.0
20000.0
20000.0
20000.0
20000.0
20000.0
20000.0
20000.0
20000.0
19999.998046875
20000.0
20000.0
20000.0
20000.0
19999.998046875
20000.0
20000.0
20000.0
20000.0
20000.0
19999.99609375
20000.0
20000.0
20000.0
20000.0
19928.515625
19148.095703125
18331.853515625
17606.5
16925.130859375
16331.115234375
15771.7490234375
15249.6875
14764.595703125
14306.0615234375
13885.013671875
13471.5791015625
13019.712890625
12661.6240234375
12309.736328125
11993.8291015625
11666.8544921875
11331.3134765625
11029.6357421875
10769.2412109375
10551.8486328125
10352.1513671875
10144.2919921875
9929.5693359375
9730.515625
9562.9296875
9392.5673828125
9241.1123046875
9099.921875
8969.6728515625
8840.1259765625
8717.431640625
8601.580078125
8488.025390625
8382.8173828125
8280.0634765625
8180.5732421875
8094.27978515625
8001.64306640625
7913.11474609375
7821.3046875
7734.9296875
7648.310546875
7563.7021484375
7481.177734375
7394.5087890625
7307.0869140625
7208.794921875
7107.9921875
7014.72119140625
6908.271484375
6793.6328125
6676.82568359375
6572.24267578125
6478.17822265625
6394.44921875
6319.5947265625
6235.25
6155.845703125
6063.357421875
5908.40966796875
5776.1728515625
5644.62255859375
5530.31494140625
5423.65283203125
5328.86865234375
5238.0439453125
5153.220703125
5075.154296875
4997.67138671875
4925.7841796875
4855.296875
4788.578125
4730.931640625
4670.38720703125
4614.0869140625
4557.30615234375
4504.46923828125
4451.03857421875
4397.6923828125
4346.27392578125
4293.556640625
4242.92919921875
4190.5888671875
