20000.0
20000.0
20000.0
20000.0
19999.99609375
20000.0
20000.0
20000.0
20000.0
20000.0
20000.0
20000.0
20000.0
20000.0
20000.0
20000.0
20000.0
20000.0
20000.0
20000.0
19999.9375
19999.9765625
20000.0
19999.970703125
20000.0
20000.0
20000.0
20000.0
20000.0
19999.998046875
20000.0
20000.0
20000.0
20000.005859375
20000.0
20000.00390625
20000.0
20000.00390625
19864.771484375
19144.3046875
18438.73046875
17855.9765625
17279.279296875
16777.240234375
16338.97265625
15970.171875
15598.0078125
15172.7685546875
14762.2470703125
14320.4912109375
13953.095703125
13564.009765625
13226.1650390625
12946.4814453125
12649.701171875
12368.2021484375
12083.1650390625
11788.115234375
11511.7060546875
11288.966796875
11083.6796875
10867.2587890625
10667.736328125
10454.697265625
10251.6474609375
10082.0634765625
9892.982421875
9711.7197265625
9535.0732421875
9374.048828125
9208.9345703125
9039.2392578125
8877.7119140625
8719.787109375
8583.1337890625
8453.583984375
8330.7724609375
8225.0146484375
8114.59912109375
8012.14404296875
7906.90283203125
7806.0654296875
7703.85595703125
7604.6796875
7510.3369140625
7413.67626953125
7320.85888671875
7225.54296875
7130.83203125
7045.65869140625
6951.13720703125
6860.1083984375
6765.4443359375
6672.6513671875
6576.09375
6480.6884765625
6388.365234375
6292.61328125
6199.5283203125
6103.08935546875
6007.15185546875
5921.13720703125
5826.27734375
5736.52587890625
5646.1923828125
5561.4609375
5477.70703125
5395.4609375
5318.72265625
5243.6943359375
5174.4482421875
5105.75634765625
5039.4306640625
4981.45947265625
4919.33544921875
4861.7060546875
4805.1083984375
4752.14013671875
4698.49267578125
4646.44482421875
4599.40625
4550.0947265625
4503.259765625
4456.55517578125
