20000.0
20000.0
20000.0
20000.0
20000.0
20000.0
20000.0
20000.0
20000.0
20000.0
20000.0
20000.0
20000.0
20000.0
20000.0
20000.0
20000.0
20000.0
20000.0
20000.0
20000.0
19999.998046875
20000.0
20000.0
20000.0
20000.0
20000.0
20000.0
20000.0
20000.0
20000.0
20000.0
20000.0
20000.0
20000.0
19999.9921875
19999.998046875
19999.998046875
19999.986328125
20000.0
20000.0
20000.0
20000.0
20000.001953125
19999.998046875
20000.0
20000.0
20000.0
20000.001953125
19999.89453125
20000.0
20000.0
20000.0
20000.0
20000.0
19999.9921875
20000.0
20000.0
19999.998046875
20000.0
20000.0
20000.0
20000.0
20000.0
20000.0
19868.142578125
19599.384765625
19348.150390625
19099.4765625
18868.369140625
18638.193359375
18415.4296875
18205.33984375
17998.564453125
17796.29296875
17592.650390625
17397.068359375
17225.892578125
17038.861328125
16868.357421875
16700.322265625
16544.322265625
16384.150390625
16220.884765625
16054.56640625
15876.7197265625
15704.125
15528.642578125
15357.1650390625
15204.7333984375
15038.005859375
14874.08203125
14710.6318359375
14557.1806640625
14383.7265625
14208.3291015625
14043.5712890625
13879.5087890625
13725.44140625
13570.2880859375
13416.419921875
13272.20703125
13115.375
12967.8193359375
12818.9580078125
12692.6708984375
12555.966796875
12412.1396484375
12273.8193359375
12133.1982421875
11997.2744140625
11856.8828125
11719.490234375
11597.5595703125
11456.333984375
11319.0263671875
11181.9013671875
11053.3330078125
10924.4716796875
10802.6171875
10702.2138671875
10604.376953125
10511.880859375
10406.8134765625
