20000.0
20000.0
20000.0
20000.0
20000.0
20000.0
20000.0
20000.0
20000.0
20000.0
20000.0
20000.0
20000.0
20000.0
20000.0
20000.0
20000.0
20000.0
20000.0
20000.0
20000.0
20000.0
20000.0
19999.962890625
20000.0
20000.0
19999.974609375
20000.0
20000.0
20000.0
20000.0
20000.0
20000.0
20000.0
20000.0
20000.0
19999.994140625
20000.0
20000.0
20000.0
20000.0
19999.998046875
19999.998046875
20000.0
20000.0
20000.0
19999.998046875
20000.0
19999.99609375
19381.6171875
18072.998046875
16796.939453125
15780.07421875
15024.833984375
14231.703125
13534.890625
12882.4140625
12295.318359375
11721.6494140625
11180.3916015625
10689.5771484375
10227.2275390625
9762.30078125
9284.1142578125
8846.111328125
8484.509765625
8115.796875
7809.9521484375
7519.20361328125
7254.7197265625
7003.21728515625
6768.94873046875
6557.42822265625
6353.9111328125
6170.8056640625
5992.69775390625
5828.0146484375
5694.79638671875
5559.4462890625
5435.7685546875
5315.986328125
5207.970703125
5104.31201171875
5007.37744140625
4919.6865234375
4835.2236328125
4758.162109375
4683.78466796875
4613.40625
4552.654296875
4488.74462890625
4429.79345703125
4371.83203125
4317.330078125
4264.0234375
4213.65380859375
4167.3291015625
4121.78369140625
4079.777587890625
4038.2646484375
3998.416748046875
3963.671630859375
3926.75439453125
3892.287353515625
3857.972412109375
3825.863525390625
3793.82470703125
3762.859130859375
3733.8212890625
3704.72021484375
3677.392333984375
3649.952880859375
3623.22021484375
3599.620361328125
3574.07421875
3549.783203125
3525.08447265625
3501.806884765625
3478.180419921875
3454.79638671875
3432.38037109375
3408.366943359375
3384.848876953125
3360.942626953125
