20000.0
20000.0
20000.0
20000.0
20000.0
20000.0
20000.0
20000.0
20000.0
20000.0
20000.0
20000.0
20000.0
20000.0
20000.0
20000.0
20000.0
20000.0
20000.0
20000.0
19999.88671875
20000.0
20000.0
20000.0
19999.9921875
20000.0
20000.0
20000.0
19999.99609375
20000.0
20000.0
20000.0
19359.841796875
18557.08203125
17725.19921875
16998.298828125
16342.1181640625
15766.3369140625
15136.84375
14599.521484375
14148.607421875
13739.8544921875
13373.1923828125
13014.4013671875
12682.1943359375
12378.1669921875
12047.123046875
11756.4111328125
11436.3818359375
11156.84375
10879.3134765625
10626.251953125
10419.205078125
10206.59375
9979.4482421875
9744.3837890625
9532.859375
9371.080078125
9207.587890625
9045.7392578125
8885.5419921875
8737.58984375
8586.873046875
8436.4052734375
8287.6904296875
8124.45166015625
7963.9990234375
7797.822265625
7632.56298828125
7486.7197265625
7328.7099609375
7175.72119140625
7017.70166015625
6865.46044921875
6715.06787109375
6553.1689453125
6386.626953125
6204.9013671875
6041.81005859375
5895.91796875
5773.25439453125
5675.84375
5569.87744140625
5443.00390625
5267.5966796875
5108.83935546875
4961.0009765625
4825.810546875
4709.6611328125
4601.2666015625
4502.4599609375
4405.54345703125
4312.7841796875
4230.01318359375
4143.82275390625
4065.604248046875
3989.379150390625
3919.224853515625
3850.2626953125
3784.115234375
3722.2275390625
3660.328857421875
3602.2509765625
3543.59521484375
3486.242919921875
3435.555908203125
3380.74853515625
3329.429443359375
3278.247314453125
3230.518310546875
3183.41845703125
3138.68359375
3097.619873046875
3057.66552734375
3021.0830078125
2984.449462890625
2948.247802734375
2915.673583984375
2879.79736328125
2845.934814453125
2811.770751953125
2779.35791015625
2746.416259765625
2713.46337890625
2681.385498046875
2648.457763671875
2617.146728515625
2585.6259765625
