20000.0
20000.0
20000.0
20000.0
20000.0
20000.0
20000.0
20000.0
20000.0
20000.0
20000.0
20000.0
20000.0
20000.0
20000.0
20000.0
20000.0
20000.0
20000.0
20000.0
20000.0
20000.0
20000.0
19999.998046875
19999.998046875
20000.0
19999.953125
20000.0
20000.0
20000.0
19999.998046875
20000.0
19999.98828125
20000.0
20000.0
20000.0
20000.0
20000.00390625
20000.0
20000.0
20000.0
20000.0
20000.0
20000.0
20000.0
19999.998046875
20000.0
20000.0
19999.998046875
20000.0
19801.49609375
18992.744140625
18220.095703125
17489.849609375
16616.390625
15918.80078125
15262.884765625
14677.248046875
14146.9755859375
13687.6357421875
13268.3662109375
12864.779296875
12507.8701171875
12173.79296875
11846.228515625
11557.068359375
11251.314453125
10964.716796875
10678.822265625
10415.966796875
10161.4423828125
9923.6953125
9697.0869140625
9469.7890625
9266.9736328125
9073.326171875
8894.791015625
8733.263671875
8549.3515625
8375.421875
8201.927734375
8041.9462890625
7885.6806640625
7737.744140625
7603.0390625
7471.34423828125
7348.9736328125
7227.869140625
7112.5302734375
7011.80908203125
6901.13525390625
6798.748046875
6697.50439453125
6602.5859375
6506.85986328125
6412.4912109375
6324.9619140625
6231.7490234375
6142.81494140625
6053.10400390625
5968.60986328125
5895.12451171875
5814.43701171875
5735.775390625
5654.42578125
5579.42333984375
5514.0849609375
5458.30322265625
5407.79248046875
5355.181640625
5303.64697265625
5251.0732421875
5173.69189453125
5104.9150390625
5036.6533203125
4978.10986328125
4927.3876953125
4881.6796875
4838.0048828125
4797.40478515625
4760.6103515625
4725.55615234375
4693.01611328125
4658.4111328125
