20000.0
20000.0
20000.0
20000.0
20000.0
20000.0
20000.0
20000.0
20000.0
20000.0
20000.0
20000.0
20000.0
20000.0
20000.0
20000.0
20000.0
20000.0
20000.0
20000.0
20000.0
20000.0
20000.0
20000.0
20000.0
19999.994140625
19999.50390625
20000.0
20000.0
20000.0
19999.99609375
20000.0
20000.0
20000.0
20000.0
20000.0
20000.0
20000.0
19999.982421875
20000.0
20000.0
20000.0
20000.0
20000.0
19999.9921875
20000.0
20000.0
20000.0
20000.0
18919.724609375
17880.330078125
16726.083984375
15855.4775390625
15182.5732421875
14623.984375
14027.509765625
13453.71484375
12817.736328125
12265.4248046875
11764.2177734375
11348.5029296875
11002.7744140625
10657.408203125
10340.49609375
10028.1748046875
9727.3271484375
9468.27734375
9192.083984375
8929.0869140625
8647.9873046875
8385.2626953125
8122.14208984375
7869.7001953125
7634.7998046875
7402.7138671875
7189.0166015625
6982.6953125
6785.68359375
6619.166015625
6447.4541015625
6292.33544921875
6139.703125
5997.078125
5855.21435546875
5718.06494140625
5589.98193359375
5463.5107421875
5347.41845703125
5235.21435546875
5133.62646484375
5050.70263671875
4964.193359375
4881.783203125
4796.9931640625
4715.90185546875
4634.60107421875
4556.146484375
4482.6455078125
4409.16943359375
4340.48046875
4271.48486328125
4203.95263671875
4143.99072265625
4078.8837890625
4017.376708984375
3955.363525390625
3896.8291015625
3838.0693359375
3781.9267578125
3729.508544921875
3678.029541015625
3630.421875
3583.1455078125
3537.608642578125
3497.86962890625
3455.4404296875
3416.590576171875
3377.69091796875
3340.968505859375
3304.020751953125
3268.0888671875
3234.2978515625
3200.418212890625
3168.613037109375
3136.761962890625
