20000.0
20000.0
20000.0
20000.0
20000.0
20000.0
20000.0
20000.0
20000.0
20000.0
20000.0
20000.0
20000.0
20000.0
20000.0
20000.0
20000.0
20000.0
20000.0
20000.0
20000.0
20000.0
20000.0
20000.0
20000.0
20000.0
20000.0
20000.0
20000.0
20000.0
20000.0
20000.0
20000.0
20000.0
20000.0
20000.0
19999.998046875
19999.072265625
19999.998046875
19999.984375
19999.939453125
20000.0
20000.0
19999.9921875
19999.998046875
20000.0
20000.0
20000.0
20000.0
20000.0
20000.0
20000.0
20000.0
20000.0
20000.0
20000.0
20000.0
20000.0
20000.0
20000.0
20000.0
20000.0
20000.0
20000.0
20000.0
20000.0
20000.0
20000.0
20000.0
20000.0
20000.0
19999.998046875
20000.0
20000.0
20000.0
20000.0
20000.0
20000.0
20000.0
20000.0
20000.0
20000.0
20000.0
20000.0
20000.0
20000.0
20000.0
20000.0
19529.265625
18473.65625
17496.56640625
16648.359375
15732.3798828125
14949.69921875
14230.482421875
13581.794921875
12934.81640625
12339.7919921875
11811.5205078125
11294.4970703125
10817.859375
10353.7568359375
9931.369140625
9582.4658203125
9228.76171875
8909.517578125
8594.01953125
8302.2158203125
8017.86328125
7749.7373046875
7500.75927734375
7253.36865234375
7021.49560546875
6790.78759765625
6564.23779296875
6375.8134765625
6184.15478515625
6007.345703125
5833.44580078125
5670.51171875
5510.857421875
5358.1494140625
5218.5791015625
5086.4326171875
4963.9208984375
4842.044921875
