20000.0
20000.0
20000.0
20000.0
20000.0
20000.0
20000.0
20000.0
20000.0
20000.0
20000.0
20000.0
20000.0
20000.0
20000.0
20000.0
20000.0
20000.0
20000.0
20000.0
20000.0
20000.0
20000.0
20000.0
19999.552734375
20000.0
20000.0
19999.998046875
20000.0
20000.0
20000.0
19999.998046875
20000.0
20000.0
20000.0
20000.0
20000.0
20000.0
19999.958984375
20000.0
20000.0
19999.998046875
20000.0
19999.98828125
19766.623046875
19056.244140625
18303.93359375
17503.642578125
16785.52734375
16147.38671875
15541.380859375
15034.0859375
14582.1240234375
14190.4931640625
13869.38671875
13563.1455078125
13287.7705078125
13012.7265625
12751.4658203125
12483.708984375
12214.8427734375
11953.3271484375
11685.8388671875
11430.6298828125
11180.9619140625
10940.810546875
10723.7099609375
10495.236328125
10284.896484375
10076.55078125
9873.0732421875
9664.58984375
9457.7724609375
9262.095703125
9066.4306640625
8883.85546875
8701.9609375
8529.3974609375
8383.326171875
8228.3349609375
8081.87158203125
7932.48486328125
7790.17041015625
7645.75048828125
7498.91796875
7361.54736328125
7228.8505859375
7107.1171875
6987.02587890625
6875.2822265625
6777.16064453125
6669.23681640625
6570.58544921875
6479.04052734375
6396.9306640625
6316.1083984375
6238.9091796875
6167.20556640625
6095.77490234375
6028.58251953125
5961.30810546875
5896.7685546875
5840.01953125
5778.93505859375
5721.548828125
5663.68310546875
5602.263671875
5517.95361328125
5433.677734375
5355.71142578125
5279.42138671875
5209.4833984375
5137.63037109375
5067.21630859375
5004.83251953125
4942.78759765625
4885.46630859375
4828.16455078125
4775.7568359375
4724.80126953125
4676.34716796875
4631.78857421875
4587.24755859375
4545.2001953125
4502.7802734375
