20000.0
20000.0
20000.0
20000.0
20000.0
20000.0
20000.0
20000.0
20000.0
20000.0
20000.0
20000.0
20000.0
20000.0
20000.0
20000.0
20000.0
20000.0
20000.0
20000.0
20000.0
20000.0
20000.0
20000.0
20000.0
20000.0
20000.0
19999.78515625
20000.0
20000.0
19999.970703125
20000.0
20000.0
19423.9609375
18717.703125
18093.220703125
17564.037109375
17083.634765625
16666.30078125
16274.13671875
15926.173828125
15640.259765625
15350.1181640625
15088.7578125
14827.7568359375
14587.7021484375
14345.6484375
14121.1875
13917.0830078125
13715.1943359375
13527.3251953125
13340.458984375
13155.32421875
12992.65234375
12818.6552734375
12659.515625
12500.4423828125
12347.0126953125
12192.677734375
12043.4189453125
11903.9423828125
11764.697265625
11636.4970703125
11508.7529296875
11384.45703125
11275.1943359375
11157.17578125
11049.0634765625
10944.130859375
10846.3095703125
10749.212890625
10655.841796875
10566.294921875
10476.8056640625
10393.390625
10313.740234375
10240.9521484375
10178.333984375
10109.427734375
10045.875
9984.501953125
9929.1015625
9874.09375
9821.3828125
9770.67578125
9719.6728515625
9666.310546875
9592.2041015625
9512.169921875
9445.193359375
9346.1171875
9234.98046875
9121.0
9009.9267578125
8895.2236328125
8781.0849609375
8672.759765625
8564.7080078125
8463.92578125
8362.353515625
8263.7451171875
8182.33251953125
8090.97802734375
8003.0439453125
7914.10693359375
7830.16162109375
7745.4560546875
7662.3369140625
7583.37939453125
7503.0263671875
7425.90283203125
7348.310546875
7273.05859375
7206.70068359375
7134.8505859375
7066.66943359375
6997.4873046875
6931.62939453125
6864.59375
6798.62548828125
6735.47900390625
6671.09033203125
6609.923828125
6547.8095703125
