20000.0
20000.0
20000.0
20000.0
20000.0
20000.0
20000.0
20000.0
20000.0
20000.0
20000.0
20000.0
20000.0
20000.0
20000.0
20000.0
20000.0
20000.0
20000.0
20000.0
20000.0
20000.0
20000.0
20000.0
20000.0
20000.0
20000.0
20000.0
20000.0
19999.994140625
20000.0
19999.630859375
19999.916015625
19999.99609375
20000.0
20000.005859375
20000.0
20000.0
20000.0
20000.0
20000.0
19999.990234375
20000.0
20000.0
19999.9375
20000.0
20000.0
20000.0
20000.0
20000.0
20000.0
20000.0
20000.0
20000.0
20000.0
20000.0
20000.0
20000.0
20000.0
19684.978515625
19032.291015625
18461.568359375
17919.388671875
17426.591796875
16952.583984375
16511.5390625
16132.326171875
15727.9384765625
15337.0517578125
14925.0341796875
14446.4072265625
14025.5380859375
13641.7333984375
13287.7021484375
12967.5791015625
12682.6669921875
12372.6728515625
12076.1904296875
11822.994140625
11563.5869140625
11327.173828125
11086.8603515625
10834.3095703125
10572.83984375
10320.9326171875
10090.681640625
9868.86328125
9671.3447265625
9475.86328125
9298.3916015625
9149.4677734375
8995.4775390625
8854.5517578125
8715.365234375
8587.44921875
8460.3271484375
8326.3193359375
8199.0810546875
8069.740234375
7948.72509765625
7807.68408203125
7635.68359375
7489.92333984375
7342.1845703125
7209.8212890625
7082.52197265625
6966.17333984375
6851.31396484375
6741.0009765625
6637.6640625
6533.275390625
6434.33154296875
6333.44921875
6233.6201171875
6143.38818359375
6046.0810546875
5954.32958984375
5862.35546875
5775.7548828125
5688.21484375
5601.1103515625
5520.3544921875
5440.5615234375
5366.3935546875
5292.5078125
