20000.0
20000.0
20000.0
20000.0
20000.0
20000.0
20000.0
20000.0
20000.0
20000.0
20000.0
20000.0
20000.0
20000.0
20000.0
20000.0
20000.0
20000.0
20000.0
20000.0
20000.0
20000.0
19999.998046875
20000.0
20000.0
20000.0
20000.0
20000.0
20000.0
19999.998046875
19999.970703125
20000.0
20000.0
20000.0
20000.0
20000.0
19999.998046875
20000.0
20000.0
20000.0
20000.0
20000.0
20000.0
20000.0
20000.0
19999.99609375
20000.0
20000.0
20000.0
20000.0
20000.0
20000.0
18928.03515625
17816.205078125
16902.888671875
15892.9150390625
14943.1767578125
14041.8935546875
13236.7763671875
12523.30859375
11907.0546875
11371.4560546875
10857.162109375
10370.67578125
9840.3017578125
9335.484375
8909.5537109375
8501.8466796875
8162.642578125
7839.97998046875
7551.54833984375
7270.49560546875
6949.10498046875
6653.37744140625
6372.09033203125
6126.00048828125
5897.77734375
5688.31201171875
5512.87158203125
5333.1357421875
5171.04931640625
5014.896484375
4872.53955078125
4735.7197265625
4607.78076171875
4491.70703125
4380.76904296875
4280.1904296875
4182.5634765625
4091.230712890625
4013.72412109375
3933.263427734375
3860.318115234375
3789.404296875
3724.99462890625
3662.153564453125
3603.060302734375
3548.87451171875
3495.457763671875
3444.677734375
3395.1279296875
3348.85302734375
3309.65673828125
3269.38720703125
3233.319580078125
3198.29345703125
3166.199462890625
3134.757080078125
3104.970947265625
3077.5478515625
3050.557373046875
3025.654541015625
3001.15673828125
2977.799072265625
2957.4931640625
2935.9521484375
2915.863037109375
2895.860107421875
2877.201171875
2858.6044921875
2840.633056640625
2823.79833984375
2806.9892578125
2791.216552734375
2775.42724609375
