12661.548828125
12154.853515625
11789.166015625
11629.4404296875
11678.0556640625
11876.982421875
12130.205078125
12717.517578125
13242.5166015625
13728.0947265625
14148.263671875
14537.3544921875
14888.97265625
15199.6962890625
15494.56640625
15758.8740234375
16013.28125
16251.1416015625
16454.423828125
16669.5859375
16870.208984375
17068.810546875
17261.2734375
17470.0703125
17712.427734375
17976.771484375
17790.625
15761.71484375
14411.05078125
13242.373046875
12693.67578125
12392.6123046875
12080.443359375
11811.6396484375
11549.232421875
11299.3798828125
11033.6552734375
10796.7509765625
10612.271484375
10411.701171875
10203.58984375
9982.4873046875
9761.3154296875
9563.583984375
9348.078125
9140.8994140625
8921.8603515625
8722.970703125
8536.1240234375
8351.8349609375
8169.03076171875
7985.6416015625
7815.9892578125
7647.013671875
7484.64208984375
7341.4609375
7188.1044921875
7045.421875
6903.474609375
6770.95068359375
6673.681640625
6589.10595703125
6505.64453125
6416.904296875
6329.24072265625
6237.61328125
6149.50390625
6073.6982421875
5994.119140625
5920.42529296875
5847.15869140625
5777.92431640625
5708.3359375
5641.01123046875
5577.732421875
5514.25537109375
5454.40966796875
5393.900390625
5333.611328125
5277.77978515625
5215.4248046875
5158.49462890625
5102.34375
5048.91357421875
4994.38916015625
4940.501953125
4889.0966796875
4836.93212890625
4787.46044921875
4737.47802734375
4688.64013671875
4645.4580078125
4598.71484375
4554.6572265625
4510.4580078125
4468.68896484375
4426.466796875
4385.25537109375
4346.31298828125
4307.05712890625
4269.91796875
4232.34521484375
4195.490234375
4162.7587890625
4127.1298828125
4093.11865234375
4058.378173828125
4025.174560546875
3991.488525390625
3958.563720703125
3927.45458984375
3896.10498046875
3866.5068359375
3836.708740234375
3807.683837890625
3782.2724609375
3755.618896484375
3730.6748046875
3704.285888671875
3678.767822265625
3652.286376953125
3625.7841796875
3600.19873046875
3573.86572265625
3548.553955078125
3522.718017578125
