20000.0
20000.0
20000.0
19999.99609375
20000.0
20000.0
20000.0
20000.0
20000.0
20000.0
20000.0
20000.0
20000.0
20000.0
20000.0
20000.0
20000.0
20000.0
20000.0
20000.0
20000.0
20000.0
20000.0
20000.0
20000.0
20000.0
20000.0
20000.0
20000.0
19999.986328125
20000.0
20000.0
20000.0
20000.0
20000.0
19904.2265625
19170.259765625
18572.55078125
18068.380859375
17660.4296875
17296.412109375
16968.6796875
16693.74609375
16418.435546875
16172.8056640625
15946.9375
15747.6455078125
15539.228515625
15254.68359375
14988.994140625
14740.056640625
14522.8505859375
14319.5224609375
14128.9609375
13945.755859375
13740.4931640625
13545.3154296875
13349.5810546875
13166.6708984375
12984.68359375
12809.400390625
12638.900390625
12464.2275390625
12301.220703125
12140.3740234375
11986.919921875
11853.2333984375
11710.966796875
11577.353515625
11445.17578125
11322.4150390625
11200.1845703125
11081.8896484375
10942.123046875
10808.6220703125
10700.521484375
10596.2138671875
10499.337890625
10415.7177734375
10327.7919921875
10246.287109375
10164.9892578125
10088.53515625
10011.70703125
9937.1884765625
9859.7900390625
9771.666015625
9688.1240234375
9604.640625
9525.7431640625
9459.0244140625
9389.1884765625
9324.7578125
9260.869140625
9201.3359375
9142.9619140625
9086.7275390625
9034.6259765625
8981.716796875
8931.66015625
8880.365234375
8825.1533203125
8770.625
8704.5478515625
8638.86328125
8573.8779296875
8515.0166015625
8457.564453125
8404.482421875
8348.73828125
8290.0869140625
8235.2578125
8181.41748046875
8130.5849609375
8086.28759765625
8038.56787109375
7992.6689453125
7945.74267578125
7900.77490234375
7855.4287109375
7811.27880859375
7769.85498046875
7728.61669921875
7689.779296875
7650.20068359375
