25400.0
25400.0
25400.0
25329.08984375
24833.6171875
24620.248046875
24604.841796875
24473.51953125
24414.13671875
24405.30078125
24405.333984375
24407.455078125
24410.2265625
24413.208984375
24416.146484375
24419.19140625
24422.1015625
24425.099609375
24428.3828125
24432.244140625
24437.955078125
24442.93359375
24448.296875
24453.9296875
24460.5625
24468.279296875
24476.982421875
24487.66015625
24500.185546875
24516.26171875
24536.80859375
24559.33984375
24585.158203125
24614.76953125
24652.02734375
24700.890625
25171.83203125
26792.26171875
29072.927734375
34281.3515625
40809.99609375
48001.2578125
54894.7421875
60558.97265625
66498.4765625
70777.6953125
74837.25
78306.6796875
81287.484375
83802.1171875
86088.6640625
88735.390625
91311.6328125
94035.390625
96526.4296875
98854.8671875
101614.3984375
104005.6640625
106372.0703125
108608.7578125
110811.734375
112914.03125
114895.15625
116987.7421875
119042.1640625
121129.625
123644.515625
126134.578125
129228.78125
133121.375
137690.296875
141963.734375
145839.84375
149280.109375
149012.859375
147289.21875
145651.859375
143959.875
142273.1875
140757.234375
139084.5625
137477.671875
135870.9375
134315.953125
132822.046875
131522.28125
130410.46875
129326.484375
128424.5078125
127397.15625
126452.671875
125704.53125
124988.0078125
124541.4921875
124154.8828125
123988.4609375
123871.1015625
123739.7421875
123499.2265625
123259.5703125
122981.3359375
122692.609375
122593.40625
122561.96875
122523.953125
122438.1484375
122278.484375
122060.8671875
121759.671875
121464.703125
121151.921875
120800.3828125
120455.34375
120096.0078125
119737.546875
119433.3984375
119123.609375
118849.5234375
118585.0234375
118347.890625
118229.2109375
118092.078125
117982.546875
117882.3515625
117791.265625
117946.8671875
