25400.0
25400.0
25400.0
25400.0
25388.671875
25379.388671875
25374.126953125
25371.474609375
25370.06640625
25369.353515625
25368.974609375
25368.77734375
25368.67578125
25368.619140625
25368.587890625
25368.568359375
25368.55078125
25368.5234375
25368.3359375
25367.861328125
25366.9609375
39217.66796875
59628.3515625
76592.921875
88081.3671875
95729.421875
100909.9765625
106551.1640625
112121.8203125
116159.234375
119648.3671875
122625.3046875
125338.953125
127556.0859375
129994.875
131533.90625
129462.25
127474.5390625
125597.4921875
123704.046875
121875.5546875
120356.5390625
118792.015625
117387.4609375
116036.671875
114859.53125
113581.5390625
112469.9765625
111502.5703125
110576.234375
109738.828125
108973.2109375
108330.109375
107898.484375
107376.7109375
106850.9375
106322.8984375
105840.71875
105558.859375
105386.0625
105283.3046875
105199.078125
105139.2890625
105075.8046875
105004.8515625
105099.375
105346.4296875
105515.765625
105606.421875
105688.875
105795.4765625
106153.421875
106610.15625
107011.5703125
107219.5625
107369.8203125
107568.4609375
107775.640625
108014.375
108215.859375
108332.90625
108372.0234375
108397.46875
108435.828125
108476.6640625
108558.1328125
108603.7890625
108614.765625
108596.25
108556.8203125
108492.1328125
108413.3359375
108315.609375
108210.9375
108102.6171875
108021.90625
107941.859375
107853.21875
107760.515625
107662.296875
107565.3359375
107444.0703125
107315.234375
107223.0703125
107160.703125
107104.1875
107045.21875
106997.28125
106978.828125
106972.2578125
106970.0
106995.6484375
107071.59375
107150.2421875
107246.3671875
107349.9140625
107472.3203125
107668.5703125
107891.578125
108067.7890625
108180.6796875
108236.5
108215.1328125
108101.1953125
