25400.0
25400.0
25400.0
25400.0
25400.0
25400.0
25400.0
25400.0
25400.0
25400.0
25400.0
25400.0
25400.0
25400.0
25400.0
25400.0
25400.0
25400.0
25400.0
25400.0
36377.12109375
49302.93359375
63567.4609375
71958.5625
78912.09375
85248.4609375
91276.03125
95897.5
100652.0
104787.921875
108870.46875
113013.34375
116961.6953125
121431.3515625
125378.1328125
129003.234375
132787.640625
136835.296875
140822.6875
144485.640625
149819.359375
155650.984375
153542.171875
148222.109375
145001.28125
141520.421875
139132.984375
138699.65625
138574.453125
138500.71875
138589.671875
138815.25
138949.734375
138665.34375
138178.703125
137752.6875
137249.453125
136547.96875
135730.25
134932.96875
134114.859375
133265.890625
132397.0625
131673.6875
130976.265625
130246.421875
129505.9453125
128842.390625
128327.296875
127632.7734375
126811.53125
125865.640625
124927.6796875
123868.328125
122715.890625
121580.5
120438.4140625
119356.0625
118431.3046875
117768.140625
117095.9453125
116264.171875
115412.609375
114534.0
113701.1953125
112867.3671875
112098.3984375
111428.1171875
110785.5234375
110174.265625
109567.8359375
108989.46875
108490.2265625
107964.4453125
107478.828125
107002.640625
106573.7578125
106161.453125
105778.3671875
105427.9453125
105088.375
104780.015625
104481.0546875
104201.2890625
103962.34375
103715.7421875
103492.546875
103279.40625
103093.6171875
102924.984375
102778.734375
102656.2578125
102546.8046875
102454.890625
102372.53125
102300.421875
102242.4609375
102185.3046875
102135.03125
102102.15625
102088.4921875
102088.453125
102097.125
102109.6875
102125.046875
102141.765625
102156.984375
