25400.0
25400.0
25400.0
25364.703125
25364.703125
25361.935546875
25350.6953125
25345.033203125
25342.03125
25340.51171875
25339.703125
25339.28515625
25339.07421875
25338.966796875
25338.919921875
25338.833984375
25338.568359375
25337.791015625
34332.3125
55544.6015625
75891.328125
91524.7890625
100824.453125
107081.34375
111755.3359375
112451.5546875
112642.1015625
112444.1484375
111901.71875
111300.703125
110468.34375
109677.953125
108991.203125
108365.9921875
107746.3515625
107151.9921875
106589.2421875
106011.9140625
105454.8828125
104879.8359375
104329.3515625
103939.203125
103632.1484375
103408.109375
103231.40625
103068.9296875
102895.6328125
102736.640625
102604.984375
102520.7109375
102469.9765625
102438.53125
102694.8203125
103077.8984375
103461.859375
103807.7734375
104118.0078125
104317.390625
104545.796875
104758.3828125
104988.6796875
105174.6640625
105249.65625
105322.8046875
105433.4921875
105516.09375
105544.90625
105663.3984375
105834.171875
105962.4765625
106046.7265625
106090.6640625
106192.859375
106155.3125
106064.546875
105943.28125
105829.2265625
105730.765625
105617.6953125
105676.671875
105867.5703125
105960.25
105936.0
105844.1875
105783.1796875
105802.8671875
105854.8828125
105929.5859375
106038.3359375
106142.7109375
106258.03125
106352.6328125
106448.2265625
106613.7109375
106783.171875
106932.7265625
107062.2109375
107170.890625
107246.6484375
107312.8125
107378.578125
107440.3359375
107512.03125
107583.203125
107674.3046875
107801.6953125
107934.328125
108063.9453125
108182.375
108298.1328125
108383.34375
108427.0546875
108465.6796875
108499.421875
108535.6328125
108633.265625
108771.03125
108944.8046875
109093.2734375
109218.1171875
109320.0546875
109404.5546875
109455.1953125
109466.90625
