25400.0
25400.0
25400.0
25400.0
25400.0
25400.0
25400.0
25400.0
25400.0
25400.0
25400.0
25400.0
25400.0
25400.0
25400.0
25400.0
25400.0
25400.0
25400.0
25400.0
25400.0
25400.0
25400.0
25400.0
25400.0
25400.0
25400.0
34435.6171875
53002.5546875
66420.3984375
78329.9375
87433.09375
94860.6875
100929.796875
105319.734375
108878.78125
112141.1953125
115758.9609375
118738.375
121684.75
124618.3125
126915.5703125
128976.4296875
130673.6953125
132181.25
133468.296875
134750.484375
135707.734375
133395.03125
131371.375
129684.8828125
128069.875
126525.140625
125177.6015625
123733.1953125
122396.796875
121105.5
119907.0859375
118717.734375
117416.75
116358.375
115269.546875
114239.6796875
113216.828125
112244.5703125
111415.390625
110624.6015625
109908.71875
109227.046875
108608.296875
107980.8046875
107506.2421875
107173.6328125
106788.3515625
106429.6328125
106115.0078125
105904.984375
105706.6171875
105520.1953125
105597.4375
105950.5390625
106228.2265625
106364.7890625
106345.03125
106254.1171875
106282.4375
106466.0625
106772.53125
107099.1796875
107395.5625
107674.2265625
107836.1015625
107886.4140625
107911.7734375
107927.5546875
107970.296875
108063.6171875
108161.796875
108242.9296875
108310.7421875
108378.0703125
108441.59375
108518.5078125
108597.1171875
108682.8359375
108785.3046875
108946.34375
109129.109375
109315.7578125
109514.5
109710.4609375
109914.03125
110115.3359375
110309.140625
110520.1640625
110720.2578125
110931.53125
111150.578125
111379.625
111614.7890625
111852.8203125
112142.609375
112379.2265625
112644.25
