25400.0
25400.0
25348.17578125
24999.419921875
24999.419921875
24999.419921875
24999.419921875
24999.419921875
25036.58203125
25049.435546875
25052.59375
25055.732421875
25058.07421875
25059.716796875
25061.22265625
25062.57421875
25063.869140625
25065.072265625
25066.1015625
25067.1484375
25068.068359375
25068.5234375
25068.84765625
25086.33984375
33981.46875
45858.046875
55659.02734375
63243.8828125
69885.6640625
74900.7265625
79030.25
84962.3984375
91304.375
97866.3671875
106407.9140625
116813.734375
128938.171875
140239.28125
152094.171875
162486.9375
172936.53125
181413.15625
176475.984375
171037.78125
166491.78125
162269.0625
158133.515625
153725.375
149518.0625
146330.953125
143301.15625
140723.09375
138825.546875
137232.484375
135809.015625
134692.046875
133879.578125
133093.21875
132335.125
131619.734375
130884.3125
130132.6171875
129345.3515625
128666.5859375
127987.3203125
127751.46875
127470.125
126981.015625
126392.8359375
125784.8125
125159.1015625
124479.5625
123846.328125
123175.5
122443.609375
121829.4375
121266.4375
120724.4609375
120211.390625
119628.09375
119044.8828125
118436.125
117857.7890625
117275.0546875
116713.1328125
116190.1875
115676.171875
115200.015625
114725.1796875
114252.4921875
113801.171875
113285.2109375
112791.0703125
112286.5625
111804.1484375
111311.3828125
110880.6953125
110483.6484375
110073.1015625
109667.703125
109249.8359375
108847.4453125
108497.46875
108128.5
107788.8125
107456.203125
107151.421875
106865.3046875
106608.8203125
106389.2734375
106190.5859375
106018.0546875
105855.7890625
105706.5625
105579.359375
105446.6171875
105321.65625
105197.3046875
105081.3671875
104966.0078125
104854.984375
104729.9609375
104598.1015625
104478.5546875
104364.2265625
