23947.44140625
22423.900390625
21025.109375
19958.583984375
19303.060546875
19162.181640625
19544.08203125
20059.94140625
20624.80859375
21159.8984375
21684.28515625
22176.634765625
22621.794921875
23053.484375
23447.646484375
23835.654296875
24208.689453125
24537.412109375
24567.740234375
24569.8828125
24572.529296875
24606.615234375
31175.646484375
37848.5703125
42792.1640625
48303.80859375
54503.1640625
59637.09765625
64384.8125
68184.0234375
71896.265625
75023.8125
77865.40625
80322.953125
82566.75
84570.9375
86347.0078125
88093.046875
89609.828125
90931.6171875
92104.0234375
93062.71875
93982.65625
94791.9296875
95538.421875
96152.796875
96903.5703125
97706.921875
98364.6875
98882.6953125
99325.234375
99733.0390625
100092.4296875
100360.9296875
100594.6875
100788.1484375
100965.078125
101117.578125
101258.8828125
101385.015625
101495.1640625
101595.6796875
101675.65625
101710.2265625
101696.1484375
101664.171875
101613.265625
101550.8828125
101470.359375
101378.21875
101267.0625
101157.453125
101064.4765625
100977.9453125
100900.71875
100823.84375
100748.1875
100681.203125
100670.4140625
100683.078125
100693.640625
100691.7265625
100675.2109375
100646.359375
100610.609375
100571.8046875
100535.4140625
100498.4296875
100461.1875
100426.703125
100386.78125
100345.6953125
100299.71875
100252.4296875
100201.296875
100148.1640625
100093.1171875
100032.890625
99974.40625
99914.9375
99856.1484375
99803.890625
99747.4921875
99693.734375
99639.4375
99588.0390625
99536.0546875
99484.8984375
99430.4296875
99362.7421875
99300.921875
99238.09375
99180.28125
99128.65625
99074.125
99022.828125
98971.2890625
98923.609375
98875.1796875
98828.0078125
98782.90625
98737.0703125
98693.2578125
98648.828125
