25400.0
25400.0
25400.0
25400.0
25400.0
25400.0
25400.0
25400.0
25400.0
25400.0
25400.0
25400.0
25400.0
25400.0
25400.0
25400.0
25400.0
25400.0
25400.0
25400.0
25400.0
25400.0
25400.0
25400.0
25400.0
25400.0
25400.0
25400.0
25400.0
25400.0
25400.0
25400.0
25400.0
25400.0
25400.0
25400.0
25400.0
31834.65234375
49012.33984375
62352.08203125
73412.46875
80754.546875
87838.1796875
93758.6171875
98933.6171875
102976.9921875
106703.8828125
110092.671875
112645.359375
114532.1484375
116087.0625
117460.7421875
118815.8203125
120484.8515625
122303.9921875
123989.109375
125487.0859375
126763.609375
128091.75
129269.984375
130267.953125
131201.5
132021.1875
132823.375
133595.21875
134262.328125
134885.375
135578.125
136263.109375
136864.171875
137413.359375
137920.828125
138390.90625
138852.984375
139258.78125
139660.03125
142338.0
143395.390625
143708.25
144024.578125
144722.625
144675.453125
144605.6875
148744.828125
145879.015625
143249.296875
141109.875
139268.265625
137692.109375
136345.5625
135049.9375
133948.546875
132943.5
132109.953125
131429.515625
130968.0
130605.7109375
130272.703125
129971.1015625
129790.7421875
129822.6796875
129961.8828125
130137.7421875
130318.625
130527.0078125
130732.65625
130937.6796875
131137.578125
131296.390625
131367.234375
131462.25
131562.5
131631.234375
131653.125
131613.078125
131529.140625
131395.890625
131212.75
130981.3828125
130713.5625
130480.0859375
130333.578125
130148.96875
129900.4609375
