25400.0
25400.0
25400.0
25224.275390625
24927.72265625
24687.091796875
24658.615234375
24707.01171875
24712.609375
24713.306640625
24713.98828125
24715.087890625
24716.44140625
24717.84765625
24719.341796875
24720.76953125
24722.236328125
24723.6640625
24724.90625
24726.240234375
24727.501953125
24729.16796875
24730.984375
24732.232421875
24733.310546875
24734.255859375
24735.228515625
24736.14453125
24737.041015625
24737.94140625
24738.7421875
24739.587890625
24740.37890625
24741.22265625
24741.943359375
24742.71875
24743.357421875
24744.140625
24744.29296875
24744.947265625
24748.087890625
24769.947265625
26965.806640625
35403.359375
45217.90625
53602.44921875
60182.12890625
67108.359375
73325.03125
78418.6015625
82987.8359375
87003.96875
90382.703125
93253.4375
95773.4296875
98312.8359375
100285.0546875
101903.75
103186.2421875
104443.3671875
105903.6640625
107210.625
108733.96875
110493.5546875
112140.6328125
113568.9375
114711.40625
115835.640625
116837.1015625
117800.859375
118681.8046875
119523.3125
120284.59375
120970.7421875
121640.765625
122276.1484375
122928.28125
123579.6953125
124114.484375
124687.28125
125224.1875
125762.8984375
126295.03125
126828.8515625
127361.4921875
127864.5390625
128410.3828125
128868.8359375
129208.2734375
129627.2734375
130146.0859375
129139.90625
127925.46875
126748.2265625
125760.7890625
124582.390625
123384.6328125
122256.734375
121142.7578125
120122.5078125
119132.1953125
118204.3125
117412.53125
116622.578125
115887.4921875
115145.125
114565.8046875
114000.859375
113520.8671875
113124.0390625
112836.625
112602.4375
112352.03125
112080.0078125
111827.6796875
111704.09375
111526.9453125
111245.734375
110934.1328125
110590.4921875
110239.0703125
109962.3984375
109747.2734375
109605.171875
109499.4140625
