25400.0
25400.0
25400.0
25104.923828125
24822.74609375
24822.74609375
24843.181640625
24925.466796875
24938.8515625
24943.0546875
24945.908203125
24948.599609375
24951.150390625
24953.478515625
24955.71484375
24958.9375
24961.248046875
24963.044921875
24964.498046875
24965.9765625
24967.365234375
24967.927734375
24966.4609375
24982.2421875
32922.66015625
48686.828125
63755.5234375
75838.0546875
82613.0
86611.46875
89282.421875
92006.6953125
94377.8203125
97034.2265625
99414.453125
101821.34375
104059.84375
106252.9453125
108275.0703125
110351.8515625
112312.0625
114009.4765625
115393.1640625
116835.359375
118137.6953125
119163.2890625
119709.171875
120357.140625
121442.1640625
122332.1796875
123066.6328125
124084.9375
126309.90625
128455.671875
129170.9609375
130126.140625
128087.5625
125647.8203125
123746.0390625
122263.296875
120869.2890625
119446.6015625
117968.359375
116676.2421875
115623.546875
114651.0390625
113935.1328125
113132.7421875
112403.1640625
111767.234375
111187.5390625
110652.140625
110221.2109375
109894.8046875
109566.484375
109213.1875
108856.03125
108547.234375
108308.640625
108057.875
107828.75
107621.0859375
107454.2890625
107320.9375
107224.7109375
107233.5390625
107289.265625
107497.1640625
107692.84375
107923.0859375
108141.15625
108371.90625
108579.84375
108781.3125
109024.46875
109235.3125
109412.703125
109563.9375
109703.1640625
109831.0859375
109972.5234375
110128.8828125
110272.1484375
110423.9609375
110565.53125
110703.9921875
110826.734375
110942.8125
111052.703125
111163.21875
111291.484375
111439.7734375
111592.265625
111749.6953125
111905.234375
112083.609375
112252.2734375
112418.3359375
112570.953125
112695.3125
112819.796875
112946.9453125
113081.3359375
113210.0078125
113331.375
