25400.0
25400.0
25400.0
25400.0
25400.0
25400.0
25400.0
25400.0
25400.0
25400.0
25400.0
25400.0
25400.0
25400.0
25400.0
25400.0
25400.0
25400.0
25400.0
25400.0
25400.0
25400.0
25400.0
25400.0
25400.0
25400.0
25400.0
25400.0
25400.0
25400.0
25400.0
25400.0
25400.0
27968.8046875
41269.59375
52695.64453125
59747.73828125
66075.1171875
72390.8046875
78131.625
83091.375
86915.8359375
90544.28125
93930.9375
96867.1796875
99354.3828125
101652.8203125
103796.1328125
105769.6875
107694.390625
109446.390625
111133.5546875
112718.734375
114102.265625
115558.8984375
116966.0078125
118524.0
120098.828125
121845.1875
123797.078125
125632.4453125
127517.109375
129415.8125
131452.40625
133596.390625
135605.109375
137780.078125
140261.140625
142760.71875
145076.15625
147688.296875
150474.5625
153224.796875
156434.5625
160831.28125
166419.25
169368.65625
170966.359375
166323.875
162793.546875
159990.296875
157341.6875
155567.3125
154533.453125
153679.75
153049.78125
153185.578125
153380.703125
153513.0
153524.484375
153733.5
154031.796875
154393.375
154689.75
154810.328125
154766.1875
154655.03125
154478.40625
154239.875
153904.296875
153431.375
152985.796875
152361.75
151719.453125
151033.59375
150347.140625
149596.46875
148772.90625
147912.9375
146984.53125
146052.71875
145062.90625
144086.296875
143198.8125
142216.03125
141262.0
140282.328125
139358.6875
138403.359375
137449.328125
136529.5
135576.234375
134681.03125
133825.5625
