25400.0
25400.0
25400.0
25287.939453125
25099.146484375
25099.146484375
25099.146484375
25099.146484375
25099.146484375
25099.146484375
25099.146484375
25099.146484375
25099.146484375
25099.146484375
25112.69921875
25122.78125
25124.365234375
25124.970703125
25125.392578125
25125.845703125
25126.310546875
25126.6484375
25126.97265625
25127.248046875
25127.1328125
25125.62890625
25122.91015625
29388.783203125
46096.63671875
56697.0859375
61562.60546875
64535.484375
66425.4296875
68097.7421875
69767.21875
71530.9453125
73523.84375
75690.328125
78113.59375
80614.3671875
83169.9765625
85844.8125
88378.8671875
90660.6171875
92293.265625
93256.4453125
94031.28125
95769.4296875
97410.1484375
99425.375
101879.6484375
103871.203125
105637.53125
107233.46875
108606.6953125
110086.3125
111537.625
113079.3671875
114602.296875
116187.03125
117745.2734375
119372.3515625
121146.9765625
122982.984375
125043.265625
126972.15625
127506.7421875
126065.03125
124849.0703125
123619.1640625
122423.34375
121214.046875
119873.40625
118674.9765625
117592.8671875
116747.875
115987.9609375
115279.4921875
114687.671875
114103.4453125
113612.125
113173.15625
112799.4375
112551.546875
112320.265625
112037.6328125
111724.21875
111426.2265625
111135.5546875
110950.8828125
110938.8046875
110968.8671875
111312.0625
111701.8125
111916.4921875
112000.546875
112032.921875
112064.9921875
112100.4296875
112128.890625
112185.4765625
112350.6328125
112516.9375
112698.09375
112838.609375
112981.4609375
113099.546875
113198.0703125
113299.015625
113426.6328125
113547.265625
113628.96875
113713.9375
113812.1015625
113939.2890625
114126.7734375
114330.1171875
114550.3984375
114770.171875
115005.65625
115251.8671875
115495.3203125
115746.6796875
115990.546875
116233.515625
