25400.0
25400.0
25327.8671875
24824.52734375
24733.0859375
24767.765625
24815.1875
24827.236328125
24831.05078125
24834.515625
24837.75
24840.857421875
24843.94921875
24847.583984375
24849.951171875
24851.921875
24853.85546875
24855.60546875
24856.826171875
24860.693359375
24939.17578125
32232.205078125
40577.8828125
48788.76171875
57323.6328125
65067.2265625
72932.59375
79629.90625
86828.90625
94045.5625
100910.7265625
108376.4140625
115117.9140625
121353.015625
127047.7109375
132338.875
137048.03125
141758.859375
145826.0625
143464.125
141098.453125
138658.078125
136534.40625
134281.453125
132257.625
130169.171875
128339.1796875
126433.40625
124611.46875
122983.703125
121481.6796875
120324.1796875
119188.8359375
118843.2421875
118461.21875
117867.6015625
117127.296875
116464.734375
115724.8046875
115041.0
114499.5390625
114066.015625
113678.59375
113317.40625
113029.6484375
112853.7890625
112972.03125
113110.21875
113245.4453125
113339.0
113412.4921875
113499.234375
113654.6640625
113820.4140625
113981.671875
114111.734375
114267.703125
114439.2578125
114570.25
114681.6171875
114853.6015625
114975.515625
115069.4140625
115109.78125
115105.6875
115072.1484375
115011.640625
114928.7421875
114816.1328125
114675.7734375
114524.8984375
114352.6484375
114185.6875
114011.25
113848.1328125
113683.71875
113515.6796875
113343.703125
113148.0859375
112967.78125
112857.875
112699.6171875
112516.3203125
112282.4609375
112040.875
111783.828125
111531.46875
111263.40625
111017.234375
110797.0390625
110571.4609375
110374.15625
110211.6015625
110042.9609375
109889.328125
109719.9609375
109555.9609375
109386.2890625
109179.78125
108959.390625
108751.0859375
108562.109375
108377.1875
108204.703125
108032.3828125
