25400.0
25400.0
25400.0
25400.0
25400.0
25400.0
25400.0
25400.0
25400.0
25400.0
25400.0
25400.0
25400.0
25400.0
25400.0
25400.0
25400.0
25400.0
25400.0
25400.0
25400.0
25400.0
25400.0
25400.0
25400.0
25400.0
25400.0
25400.0
25400.0
25400.0
25400.0
25400.0
25400.0
25400.0
25400.0
25400.0
25400.0
25400.0
25400.0
34993.53515625
48145.1484375
58269.34375
66691.859375
74978.0234375
81438.3828125
87369.75
92729.03125
97726.625
102123.890625
105900.6171875
109637.171875
112745.5703125
115504.2890625
117943.4609375
120008.0625
122141.3828125
124055.796875
126022.6796875
127686.0078125
129302.5546875
130858.1484375
132264.65625
133607.015625
134716.78125
135887.15625
137028.375
138003.078125
139009.484375
139991.53125
140975.859375
141900.140625
142817.984375
143589.6875
144197.515625
144673.734375
144992.25
145293.25
144854.796875
142792.046875
140586.3125
138392.078125
136355.28125
134449.890625
132535.0
130680.625
128877.9609375
127175.7109375
125925.796875
124768.0546875
123721.4765625
122782.5390625
122017.6875
121394.28125
120776.4765625
120210.640625
119641.0703125
119092.296875
118643.0703125
118207.6796875
118005.671875
118268.9765625
118543.7421875
118768.390625
118999.0078125
119206.3671875
119409.8125
119655.328125
119949.171875
120227.4453125
120491.6953125
120763.5390625
121026.7265625
121305.9609375
121618.0859375
121906.4140625
122214.7734375
122500.78125
122784.8046875
123070.3984375
123377.390625
123763.6953125
124162.59375
124542.1953125
124881.578125
125207.59375
