25400.0
25400.0
25400.0
24972.943359375
24737.341796875
24767.85546875
24878.775390625
24904.357421875
24912.5859375
24917.03125
24920.8671875
24924.533203125
24927.853515625
24931.119140625
24934.46484375
24939.037109375
24942.0546875
24944.2109375
24946.2890625
24948.158203125
24949.7734375
24951.21484375
24950.560546875
24964.845703125
28647.736328125
39280.74609375
50840.16796875
63175.203125
75686.4375
84900.828125
95101.6796875
103455.828125
110500.921875
115265.8359375
118799.0390625
121888.609375
124486.421875
127012.015625
129667.3125
132415.484375
134737.953125
136390.453125
137563.40625
135035.46875
132697.609375
130550.7421875
128442.84375
126435.515625
124596.484375
122751.1796875
121050.015625
119470.0390625
118059.9765625
116693.8515625
115284.796875
114039.765625
112991.9765625
112112.8203125
111282.9296875
110515.4140625
109772.3203125
108956.1640625
108281.7578125
107646.03125
107107.265625
106848.1328125
106511.234375
106093.703125
105597.9453125
105082.578125
104574.7890625
104101.0703125
103659.4296875
103219.0859375
102813.234375
102455.359375
102226.734375
102092.3125
101995.6796875
101994.7421875
102047.9375
102131.2421875
102219.75
102265.484375
102254.7890625
102207.796875
102204.2421875
102246.046875
102322.9296875
102402.6875
102485.3671875
102551.078125
102608.0078125
102657.6015625
102719.6953125
102779.6328125
102821.890625
102885.0625
102958.6015625
103034.0390625
103100.1640625
103151.40625
103199.4609375
103235.2578125
103260.09375
103283.234375
103310.1640625
103339.875
103369.03125
103397.3046875
103419.703125
103434.828125
103438.2578125
103441.265625
103450.1015625
103450.5859375
103435.796875
103422.8359375
103412.125
103403.3828125
103395.6015625
103387.078125
103377.265625
103366.3125
