25400.0
25400.0
25400.0
25329.146484375
24884.83203125
24884.83203125
24884.83203125
24888.390625
24928.142578125
24934.7265625
24937.185546875
24939.029296875
24940.640625
24942.158203125
24944.48046875
24946.15234375
24947.26953125
24948.138671875
24948.99609375
24949.57421875
24949.462890625
24948.16015625
24946.59375
30446.10546875
48253.59765625
61399.5
69434.7578125
73408.8671875
78016.8984375
82112.3359375
87122.390625
91826.234375
96843.359375
101313.8515625
105314.6796875
108869.6328125
111995.9140625
115406.2890625
118644.25
121868.8671875
124988.203125
127569.59375
130183.9453125
129955.03125
128466.609375
127075.125
125601.984375
124307.3203125
123168.9921875
122106.9765625
121128.046875
120190.0234375
119220.203125
118357.5546875
117497.484375
116503.234375
115509.4296875
114727.4140625
113999.6875
113324.203125
112709.34375
112127.71875
111518.609375
110889.4296875
110289.8984375
109772.6796875
109541.2734375
109336.734375
109260.140625
109060.4140625
108841.1640625
108688.3671875
108674.984375
108750.421875
108918.0859375
109257.796875
109499.3359375
109564.46875
109489.7421875
109409.1796875
109378.6796875
109383.328125
109469.6171875
109636.4921875
109841.59375
110053.9609375
110235.5546875
110395.484375
110511.7421875
110655.640625
110921.5546875
111169.2734375
111369.1875
111525.0703125
111649.625
111743.3984375
111807.78125
111850.8515625
111864.4921875
111864.5859375
111887.7734375
111946.4140625
112040.828125
112108.3046875
112198.328125
112327.2734375
112489.3984375
112638.0703125
112771.203125
112895.1171875
113000.3515625
113107.1171875
113222.140625
113276.2265625
113322.6328125
113369.4453125
113415.5
113454.171875
113486.84375
113511.7265625
113532.171875
113544.7734375
113542.28125
113523.90625
