25400.0
25400.0
25400.0
25400.0
25400.0
25400.0
25400.0
25400.0
25400.0
25400.0
25400.0
25400.0
25400.0
25400.0
25400.0
25400.0
25400.0
25400.0
25400.0
25400.0
25400.0
25400.0
25400.0
25400.0
27279.666015625
46557.30078125
64508.5078125
78927.109375
90047.1953125
99840.5625
107775.6171875
115244.6796875
121478.859375
126362.6640625
130211.5
133684.859375
136438.359375
138578.015625
140379.21875
141907.421875
143215.21875
144321.578125
145112.21875
145961.765625
146696.59375
148354.90625
151668.5625
150475.5625
145037.265625
140236.234375
137473.65625
134734.90625
131873.90625
129548.6171875
127947.09375
126436.2265625
125240.5859375
124253.484375
123471.4765625
122764.53125
122178.3046875
121763.9140625
121599.6171875
121499.265625
121384.9453125
121206.2421875
121012.0234375
120753.0546875
120483.78125
120161.625
119775.953125
119354.984375
118934.828125
118526.78125
118134.2265625
117782.2578125
117442.4921875
117115.5
116832.1015625
116539.8046875
116278.0234375
116031.3046875
115816.15625
115636.3828125
115487.1640625
115360.546875
115246.109375
115149.9921875
115097.3125
115151.3046875
115166.9375
115134.984375
115127.0703125
115152.7734375
115281.078125
115403.46875
115507.2890625
115592.2890625
115664.1328125
115720.046875
115766.3671875
115800.3359375
115823.8515625
115922.2265625
116133.203125
116336.34375
116503.15625
116639.2109375
116732.4921875
116704.3984375
116599.484375
116481.078125
116378.546875
116295.765625
116209.1328125
116055.6796875
115844.0703125
115559.4609375
115216.2421875
114859.453125
114507.484375
114173.5859375
113836.5625
113513.65625
113183.7421875
