25400.0
25400.0
25400.0
25400.0
25400.0
25400.0
25400.0
25400.0
25400.0
25400.0
25400.0
25400.0
25400.0
25400.0
25400.0
25400.0
25400.0
25400.0
25400.0
25400.0
25400.0
25400.0
25400.0
25400.0
25400.0
25400.0
25400.0
25400.0
25400.0
25400.0
25400.0
25400.0
25400.0
25400.0
25400.0
25400.0
25400.0
25400.0
25400.0
25400.0
25400.0
25400.0
25400.0
25400.0
25400.0
25400.001953125
25400.0
25400.0
26909.77734375
35663.71484375
44106.49609375
50573.03515625
56396.796875
62053.7421875
69129.5859375
76325.3515625
83658.0703125
90986.8125
98436.1328125
105940.3671875
114305.0546875
122302.765625
129844.3359375
137223.34375
144129.765625
150143.125
156386.296875
161919.875
167680.625
173350.71875
178491.734375
183085.046875
187168.546875
191148.75
195128.5625
198870.296875
202103.28125
204983.8125
207774.390625
210330.28125
212625.625
214526.90625
216499.375
223584.84375
225429.390625
227363.953125
237497.515625
228840.125
223249.25
219447.34375
215955.265625
212770.640625
209713.515625
207065.65625
203952.921875
200694.8125
197412.90625
193912.4375
190526.5625
187102.5
183715.53125
180684.96875
177543.21875
174630.734375
171617.828125
168761.25
165789.640625
162854.484375
160121.125
157428.8125
154927.09375
152376.03125
149955.875
147919.015625
145795.34375
143901.734375
142064.78125
140322.125
138606.09375
136972.484375
135448.59375
133932.21875
132515.6875
131101.828125
