25400.0
25400.0
25400.0
24927.712890625
24579.55078125
24664.154296875
24509.056640625
24383.091796875
24357.19921875
24352.642578125
24353.490234375
24355.96875
24359.060546875
24362.337890625
24365.736328125
24369.048828125
24372.5625
24377.734375
24382.962890625
24390.05078125
24397.423828125
24405.1328125
24413.16796875
24423.017578125
24434.3984375
24447.28515625
24470.4140625
24565.86328125
28238.943359375
36662.1796875
46156.203125
55572.78125
63265.765625
69472.28125
75615.75
82279.6171875
88136.5078125
93331.859375
98022.9765625
101963.53125
105479.2109375
108544.78125
111074.640625
113674.34375
115827.2421875
116309.328125
115845.9375
115426.1640625
114957.1953125
114528.8046875
114098.2578125
113694.109375
113288.078125
112864.15625
112485.328125
112081.7890625
111692.1953125
111290.5859375
110903.1484375
110508.84375
110128.421875
109776.453125
109426.0390625
109131.84375
108784.3828125
108486.296875
108239.1328125
108012.4296875
107811.640625
107606.5625
107415.7109375
107223.234375
107048.765625
106892.15625
106730.6171875
106583.3203125
106497.5234375
106406.4453125
106302.2421875
106191.1328125
106088.1640625
105982.6328125
105884.2421875
105781.03125
105662.4765625
105543.3515625
105466.21875
105526.7734375
105670.859375
105785.140625
105876.6015625
105970.703125
106113.1953125
106269.46875
106497.453125
106616.8125
106693.28125
106771.0078125
106808.1875
106816.203125
106794.6328125
106747.15625
106684.625
106601.65625
106516.3828125
106435.203125
106484.8671875
106563.3125
106652.5625
106709.1484375
106704.9765625
106732.1328125
106723.7578125
106674.625
106603.0234375
106501.75
106414.8828125
106387.2421875
106376.484375
106360.7421875
106320.78125
106270.9453125
106200.9765625
106110.9375
105998.6484375
