25400.0
25400.0
25400.0
25400.0
25400.0
25400.0
25400.0
25400.0
25400.0
25400.0
25400.0
25400.0
25400.0
25400.0
25400.0
25400.0
25400.0
25400.0
25400.0
25400.0
25400.0
25400.0
25400.0
25400.0
25400.0
34176.94140625
50599.02734375
64421.6015625
77237.15625
86643.125
95272.0546875
102665.8203125
109225.125
114578.4296875
119311.140625
123343.5703125
126546.6484375
129319.5234375
131611.78125
133819.515625
135917.46875
137549.875
139099.03125
140459.296875
141718.203125
142837.078125
143812.71875
144579.171875
145378.328125
146228.96875
147014.71875
147760.109375
150892.796875
152079.25
150628.171875
151593.03125
154640.3125
158185.625
162974.75
167647.296875
172527.515625
173818.078125
170268.25
167772.828125
165675.28125
164063.375
162683.515625
161496.9375
160424.296875
159481.28125
158583.9375
157839.6875
157150.34375
156388.875
155639.640625
154795.078125
153795.015625
152918.15625
152012.34375
151337.828125
150701.828125
149832.109375
148793.328125
147677.125
146552.671875
145366.828125
144201.125
143043.828125
142035.15625
141071.828125
139931.859375
138890.953125
137802.921875
136679.515625
135348.546875
134089.90625
132854.609375
131717.296875
130610.890625
129410.859375
128156.5390625
127042.9921875
125843.8515625
124720.828125
123589.1875
122512.671875
121403.921875
120326.6640625
119319.046875
118313.0859375
117372.828125
116441.4296875
115550.4375
114770.7421875
113941.9140625
113176.9375
112426.8125
111741.375
111074.703125
110444.5078125
109861.078125
109287.1875
108762.3046875
108251.515625
