25400.0
25400.0
25400.0
25400.0
25400.0
25400.0
25400.0
25400.0
25400.0
25400.0
25400.0
25400.0
25400.0
25400.0
25400.0
25400.0
25400.0
25400.0
25400.0
25400.0
25400.0
25400.0
25400.0
29282.37890625
39763.79296875
46039.28515625
50271.62109375
54520.96875
58988.54296875
62804.8359375
67121.046875
71071.1171875
75428.1328125
79764.2890625
84053.515625
88364.5078125
93287.8671875
98554.5
102788.9296875
108498.0390625
114254.359375
119652.2890625
124946.125
130153.4140625
135441.640625
140761.171875
146429.6875
152147.25
157067.375
161458.21875
165071.296875
168093.296875
170343.421875
172034.53125
176695.390625
178996.40625
185911.484375
200296.453125
208292.078125
202611.0625
198934.96875
195356.25
192032.21875
188535.90625
185116.953125
182199.125
178581.40625
174784.390625
171122.25
167547.953125
163856.0625
160461.75
157277.734375
154142.96875
151219.140625
148270.0625
145299.765625
142662.015625
139887.4375
137319.3125
134819.875
132576.34375
130383.2890625
128293.8984375
126400.765625
124589.171875
122929.5078125
121316.5703125
119808.2421875
118528.7265625
117228.9296875
116078.390625
114994.2265625
114024.8359375
113097.125
112240.6796875
111472.8828125
110738.5234375
110074.2421875
109436.5546875
108845.640625
108349.890625
107843.6328125
107392.4609375
106968.3515625
106593.7109375
106235.59375
105901.6796875
105597.078125
105301.875
105033.1953125
104773.84375
104530.9921875
104325.375
104113.1484375
103921.140625
103736.296875
103569.4453125
103408.265625
103257.0546875
103119.8359375
102987.3203125
102883.921875
102894.0390625
