25400.0
25400.0
25400.0
25400.0
25400.0
25400.0
25400.0
25400.0
25400.0
25400.0
25400.0
25400.0
25400.0
25400.0
25400.0
25400.0
25400.0
25400.0
25400.0
25400.0
25400.0
25400.0
25400.0
25400.0
25400.0
25400.0
25400.0
25400.0
25400.0
25400.0
25400.0
25400.0
25400.0
25400.0
25400.0
25400.0
33031.18359375
46013.48828125
54415.75
59897.5390625
64756.375
68443.59375
71875.703125
75043.4453125
78596.8828125
81693.03125
84632.140625
87414.7265625
90078.3203125
92810.03125
95318.5234375
97726.7734375
100057.53125
102138.328125
104517.28125
106788.4609375
109005.6484375
110991.8515625
112897.359375
114689.40625
116385.9296875
118171.1953125
120007.921875
121931.6328125
123867.7109375
125637.9921875
127583.78125
129649.359375
131730.984375
133707.34375
135644.328125
137410.28125
139178.90625
141066.015625
142893.28125
144624.828125
146177.265625
147433.828125
148754.90625
152684.140625
155202.828125
156431.96875
157586.828125
157606.6875
154349.5
151396.5625
148727.5
147003.53125
145249.59375
143494.09375
141561.921875
139719.390625
138277.265625
137112.125
136027.90625
135152.125
134765.4375
134483.828125
134306.421875
134213.21875
134182.53125
134214.265625
134306.34375
134553.640625
134903.390625
135209.421875
135515.8125
135810.546875
136080.109375
136317.4375
136627.3125
136898.78125
137134.84375
137321.59375
137426.796875
137502.34375
137542.421875
137569.890625
137549.796875
137482.015625
137489.109375
137558.5
137545.140625
137458.1875
