25400.0
25400.0
25400.0
25400.0
25400.0
25400.0
25400.0
25400.0
25400.0
25400.0
25400.0
25400.0
25400.0
25400.0
25400.0
25400.0
25400.0
25400.0
25400.0
25400.0
25400.0
25400.0
25400.0
25400.0
25400.0
25400.0
25400.0
25400.0
25400.0
25400.0
25400.0
25400.0
25400.0
25400.0
25400.0
25400.0
28537.388671875
45347.12890625
57550.9921875
63752.85546875
67084.109375
69014.5078125
71198.7265625
73451.6796875
75464.8984375
77802.8203125
80023.8046875
82193.640625
84570.0546875
86766.140625
88768.5390625
90530.1328125
92266.5078125
94001.140625
95654.34375
97697.875
99841.921875
102163.7421875
104498.25
106956.140625
109489.3125
112264.2734375
115416.171875
118418.65625
121467.7421875
124669.6328125
125081.125
125775.71875
126498.5546875
127344.8046875
127852.1953125
127901.9375
127568.40625
127002.421875
126263.34375
125407.75
124374.5234375
123270.7421875
122358.5078125
121654.296875
121043.2421875
120969.203125
120789.15625
120450.359375
120010.75
119525.9609375
118989.3125
118451.25
117883.171875
117344.8125
116879.4140625
116395.5859375
116012.8203125
115892.0078125
115712.3203125
115494.578125
115301.859375
115081.9609375
114825.7109375
114561.7265625
114276.546875
113983.1640625
113711.0
113402.9296875
113267.6015625
112898.5625
112472.5625
112038.03125
111602.5
111208.921875
110845.703125
110528.2109375
110226.9921875
109975.0625
109792.625
109616.1796875
109452.15625
109282.25
109225.109375
109141.78125
109047.75
108899.5
108689.6015625
108454.0
108187.3046875
