25400.0
25400.0
25400.0
25400.0
25187.724609375
24981.720703125
24925.0234375
24925.0234375
24925.0234375
24925.0234375
24963.275390625
24987.37109375
24992.716796875
24994.85546875
24996.38671875
24997.86328125
24999.22265625
25000.52734375
25002.57421875
25004.21875
25005.41015625
25006.37890625
25007.337890625
25008.17578125
25009.076171875
25009.875
25010.654296875
25011.439453125
25012.142578125
25012.853515625
25013.537109375
25014.15234375
25014.7421875
25015.333984375
25015.89453125
25015.859375
25015.681640625
25014.720703125
25016.306640625
25733.66796875
34904.83984375
45393.60546875
53641.7265625
59559.35546875
65938.859375
71119.0625
75686.4609375
79505.296875
82833.3984375
85883.15625
88531.6484375
91054.203125
93259.3046875
95412.4453125
97300.421875
98913.515625
100705.171875
102311.484375
103771.609375
105103.5390625
106407.9140625
107609.875
108663.0703125
109673.9375
110363.09375
110989.7109375
111594.1796875
112196.0859375
113020.625
113772.8671875
114454.515625
115035.4140625
115571.3359375
116195.0
116899.40625
117835.640625
118913.75
120720.65625
123596.7421875
126284.3515625
129318.515625
132755.59375
136332.0
140209.75
143733.0
147226.421875
150599.078125
154116.046875
152932.015625
150846.734375
148903.578125
147239.53125
145495.515625
143922.78125
142358.3125
140839.734375
139287.125
138009.65625
137143.84375
136484.1875
135877.703125
135108.734375
134274.78125
133762.734375
133271.078125
132768.375
132260.828125
131787.0625
131437.84375
131155.65625
130929.609375
130751.1171875
130619.5546875
130524.0
130466.6953125
130457.9140625
130512.921875
130607.0390625
130840.75
131180.203125
131469.84375
131773.546875
132036.578125
132253.84375
132407.609375
132563.625
