25400.0
25400.0
25400.0
25400.0
25400.0
25400.0
25400.0
25400.0
25400.0
25400.0
25400.0
25400.0
25400.0
25400.0
25400.0
25400.0
25400.0
25400.0
25400.0
25400.0
37522.59765625
52885.30078125
67446.9296875
79566.4453125
89190.8203125
97849.5703125
104299.859375
109643.5
113916.8125
117215.359375
120515.0234375
122874.0546875
124728.4140625
126538.2578125
128097.484375
129811.8203125
131405.71875
132604.4375
134694.296875
137619.4375
137869.546875
136163.5625
134217.6875
131961.90625
129631.328125
127634.59375
125855.5859375
124144.3046875
122934.078125
122552.3984375
122138.65625
121786.9453125
121461.9140625
121303.1484375
121172.96875
121500.7421875
121899.8359375
122306.2265625
122752.4375
123203.3515625
123657.7421875
124086.0390625
124440.0078125
124803.1796875
125177.6875
125740.421875
126316.546875
126758.6015625
127091.9609375
127229.859375
127242.4453125
127044.1796875
126736.25
126311.09375
125815.609375
125238.28125
124613.1875
124015.546875
123539.234375
123279.75
123085.6875
122817.7265625
122504.7109375
122167.3203125
121834.78125
121473.8359375
121112.9375
120704.90625
120258.1953125
119825.65625
119328.1875
118832.734375
118311.2421875
117796.28125
117235.921875
116670.453125
116124.0390625
115557.3046875
115007.3046875
114486.7421875
113977.515625
113521.921875
113024.140625
112551.7109375
112076.0703125
111628.296875
111184.0703125
110753.65625
110354.6796875
109956.140625
109567.6953125
109176.1328125
108800.1640625
108473.421875
108127.1171875
107803.5234375
107482.796875
107185.0078125
106890.5390625
106607.6875
106341.515625
106077.640625
105831.8046875
105588.09375
