25400.0
25400.0
25400.0
25393.5859375
25300.7265625
25300.7265625
25300.7265625
25300.7265625
25300.7265625
25300.7265625
25300.7265625
25300.7265625
25300.7265625
25300.7265625
25300.7265625
25300.7265625
25300.7265625
25300.7265625
25300.7265625
25300.7265625
25300.7265625
29729.353515625
46223.61328125
64273.875
81856.734375
94315.6796875
103782.09375
113203.5234375
120404.390625
122276.5078125
123087.4765625
123172.8203125
122703.40625
121870.1015625
120840.953125
119660.3515625
118464.25
117310.8828125
116154.5
115070.234375
113992.6796875
112981.828125
112147.5078125
111252.484375
110423.34375
109607.9453125
108855.5859375
108122.8359375
107438.4375
106833.3671875
106258.3671875
105754.171875
105288.8671875
104846.78125
104462.75
104118.09375
104015.1484375
103971.5625
103911.3828125
103911.578125
103818.875
103651.65625
103458.7265625
103268.5703125
103071.5703125
102874.5546875
102710.984375
102588.859375
102453.4609375
102300.4765625
102173.6953125
102064.7578125
102015.3828125
101958.203125
101873.3359375
101811.75
101745.5546875
101642.625
101551.4609375
101456.75
101372.328125
101354.3828125
101538.40625
101718.8046875
101827.671875
101874.0625
101932.765625
102062.953125
102181.640625
102247.8359375
102283.84375
102307.1015625
102337.6484375
102401.0546875
102480.703125
102579.796875
102684.7578125
102782.359375
102896.5390625
103014.9140625
103131.984375
103256.6640625
103376.578125
103523.53125
103666.890625
103806.5234375
103928.7109375
104051.484375
104179.5546875
104311.75
104460.828125
104632.4921875
104845.5625
105067.0234375
105267.34375
105484.8203125
105687.4375
105888.5234375
106078.0
106270.546875
106460.625
106642.1171875
106827.890625
107007.7890625
107194.75
