25400.0
25400.0
25400.0
25400.0
25400.0
25400.0
25400.0
25400.0
25400.0
25400.0
25400.0
25400.0
25400.0
25400.0
25400.0
39770.2421875
63343.62109375
83979.046875
100757.9765625
114576.15625
125981.2265625
133804.6875
139304.59375
142768.484375
145314.5625
147287.5
148845.015625
149594.8125
152519.5625
152689.4375
156892.78125
167264.015625
161650.28125
159955.5
159681.625
159681.75
159482.0625
158613.40625
157624.9375
156174.3125
154067.21875
151572.65625
149093.140625
146205.484375
143458.171875
140831.140625
138432.609375
135976.6875
133673.015625
131562.390625
129421.140625
127479.2265625
125604.1015625
123847.0234375
122351.5546875
120798.859375
119410.6484375
118072.890625
116843.7578125
115662.96875
114562.796875
113576.9921875
112621.015625
111753.3125
110912.71875
110124.28125
109456.359375
108767.75
108151.578125
107558.984375
107024.4765625
106512.515625
106037.625
105606.7578125
105198.453125
104846.7421875
104523.2890625
104223.234375
103972.1171875
103718.703125
103493.453125
103283.3671875
103101.5078125
102933.5625
102784.71875
102656.109375
102541.3828125
102445.8671875
102393.8359375
102356.4375
102329.84375
102310.8671875
102297.1171875
102285.078125
102258.6796875
102217.5
102196.890625
102187.1953125
102190.2421875
102199.0
102215.5546875
102237.2578125
102249.234375
102250.4296875
102228.65625
102168.0703125
102118.3359375
102079.8671875
102050.1640625
102016.3125
102050.59375
102135.15625
102175.8828125
102206.953125
102204.59375
102206.53125
102187.546875
102147.90625
102096.7265625
102053.7421875
102025.7578125
102040.2265625
102047.5703125
102049.703125
102045.65625
