25400.0
25400.0
24732.61328125
25120.892578125
25305.955078125
24748.9375
23784.283203125
22847.873046875
22848.826171875
23009.37890625
23491.087890625
24333.740234375
24782.404296875
24948.5625
24996.65234375
24984.92578125
24971.78125
24971.619140625
24979.890625
24994.18359375
25009.55078125
25025.59765625
25041.708984375
25058.13671875
25073.8671875
25087.92578125
25100.861328125
25113.068359375
25135.126953125
25148.5
25162.68359375
25273.234375
25612.7109375
26615.8203125
29054.279296875
33407.93359375
39474.52734375
46523.765625
54858.53125
63352.92578125
70813.25
74461.8125
77433.6875
80548.5703125
83002.15625
85029.4375
86722.953125
88274.8671875
89624.1796875
90663.1328125
91546.984375
92310.0
93018.9296875
93638.6171875
94134.2421875
94618.203125
95002.1171875
95297.765625
95494.6796875
95620.3984375
95691.0859375
95732.0
95740.0234375
95740.75
95745.828125
95773.5
95804.5546875
95870.2890625
95965.921875
96056.7109375
96110.0
96128.3203125
96122.7578125
96104.3125
96091.7109375
96061.578125
96008.953125
95941.2421875
95877.4296875
95815.2734375
95766.640625
95724.2421875
95683.2890625
95658.9296875
95649.0234375
95641.9921875
95634.046875
95639.53125
95732.9453125
95914.1796875
96098.546875
96286.578125
96460.9375
96658.9140625
97009.8125
97507.875
97948.3671875
98313.6171875
98715.5234375
99117.1015625
99490.0546875
99824.9921875
100095.1875
100362.53125
100584.3125
100794.734375
101014.109375
101224.9765625
101405.546875
101553.5859375
101753.1171875
102153.0078125
102511.2890625
102835.9375
103106.71875
103380.75
103622.1640625
103846.2578125
104061.703125
104275.6015625
104406.8515625
104510.703125
104641.5546875
104775.7265625
104914.4375
