25400.0
25400.0
25400.0
25400.0
25400.0
25400.0
25400.0
25400.0
25400.0
25400.0
25400.0
25400.0
25400.0
25400.0
25400.0
25400.0
25400.0
25400.0
25400.0
25400.0
25400.0
25400.0
25400.0
25400.0
25400.0
25400.0
28723.193359375
48292.7265625
65932.8671875
80628.3359375
89230.9375
95052.5546875
98825.0625
102073.4765625
104978.8046875
108529.4375
111738.046875
114486.515625
116985.8359375
119383.5234375
121216.9375
122845.6328125
124164.8515625
125486.8984375
126856.03125
128323.59375
129642.7109375
130957.71875
132120.15625
133070.140625
133868.390625
134517.71875
135346.53125
138320.25
140447.09375
141517.421875
142522.921875
143077.78125
144889.296875
142001.421875
139096.203125
136494.421875
134451.359375
132941.3125
131535.25
130388.8203125
129570.8125
128847.1171875
128236.28125
127721.8515625
127529.03125
127671.40625
127896.0703125
128344.75
128834.1171875
129292.7109375
129753.609375
130197.9609375
130547.015625
130959.5546875
131246.0
131398.15625
131439.0625
131398.40625
131297.546875
131267.578125
131274.640625
131258.296875
131197.8125
131000.8515625
130769.859375
130493.546875
130197.3203125
129847.96875
129464.609375
129054.421875
128613.5859375
128130.7109375
127592.5078125
127102.9140625
126614.3515625
126138.1484375
125713.5625
125248.09375
124803.0
124344.1328125
123882.1953125
123398.5859375
122923.6796875
122495.390625
122061.8359375
121641.1328125
121206.15625
120768.984375
120371.8984375
119932.5859375
119479.3984375
119003.6875
118556.3046875
118111.8125
117673.6875
117245.4296875
116799.90625
116367.7578125
115924.390625
