25400.0
25400.0
24971.755859375
24652.439453125
24724.625
23486.791015625
23250.884765625
23507.396484375
23496.6953125
23502.443359375
23514.34375
23530.142578125
23551.400390625
23582.146484375
23626.875
23698.322265625
23794.162109375
23920.998046875
24256.990234375
24669.298828125
24880.64453125
24959.314453125
24981.427734375
24982.14453125
25067.7734375
25684.443359375
27658.076171875
33480.70703125
42230.53125
51119.0078125
57947.578125
60899.0703125
62675.203125
64359.1875
66493.7109375
68515.1328125
70263.5546875
71958.1015625
73487.5234375
74898.375
76244.78125
77417.1328125
78667.7109375
79864.765625
81100.8203125
82247.5078125
83283.0703125
84190.4140625
84970.953125
85785.671875
86467.625
87112.671875
87651.578125
87988.0625
88239.4453125
88414.3046875
88553.609375
88629.515625
88832.171875
89090.1953125
89339.6875
89582.25
89982.375
90442.6328125
90823.3125
91117.2734375
91427.078125
91713.671875
91977.2890625
92212.6640625
92438.7109375
92650.3046875
92831.7109375
93014.390625
93189.6953125
93366.2734375
93538.28125
93687.8828125
93844.890625
93994.6328125
94164.3515625
94326.3984375
94485.2265625
94638.4140625
94778.890625
94913.859375
95037.609375
95188.9453125
95336.359375
95449.7734375
95567.5234375
95672.234375
95772.390625
95863.9296875
95951.3125
96025.390625
96085.1875
96149.109375
96210.7265625
96270.90625
96326.296875
96370.109375
96409.5859375
96438.984375
96460.0390625
96474.328125
96485.3515625
96495.4921875
96504.828125
96521.8671875
96550.84375
96584.3125
96615.5234375
96639.4140625
96661.9609375
96678.796875
96703.6796875
96854.828125
96995.7265625
97133.59375
97267.203125
97405.265625
97538.2109375
97675.2734375
