25400.0
25400.0
25395.572265625
24928.51953125
24875.990234375
24875.990234375
24875.990234375
24882.337890625
24916.767578125
24921.880859375
24924.048828125
24925.78515625
24928.27734375
24928.13671875
24957.8984375
41545.15234375
66143.1484375
90988.9921875
109246.046875
127268.8203125
134594.8125
133736.703125
131324.640625
128068.4140625
124694.7578125
121753.1328125
119417.578125
117220.2265625
115105.4609375
113236.8203125
111784.2421875
110272.9921875
108910.0078125
107723.1953125
106730.53125
105862.7421875
105062.1796875
104584.890625
104289.6796875
104050.6484375
103779.6171875
103519.7421875
103611.7578125
103518.796875
103252.8515625
103217.6953125
103258.1328125
103223.15625
103158.5234375
103168.390625
103271.90625
103420.8671875
103547.0625
103637.4921875
103690.0546875
103721.6796875
103788.59375
103923.40625
104105.0
104364.4375
104611.265625
104797.25
105003.4296875
105211.8984375
105421.9765625
105594.515625
105730.0859375
105867.9296875
105995.8828125
106120.6015625
106235.4296875
106344.1171875
106402.5234375
106432.4296875
106444.171875
106441.8046875
106428.8046875
106416.296875
106405.4609375
106392.7578125
106402.5625
106461.9609375
106509.359375
106541.109375
106560.2734375
106700.234375
106901.6015625
107039.8203125
107129.46875
107189.265625
107222.3203125
107233.078125
107218.7578125
107180.6484375
107123.796875
107053.1171875
106969.921875
106881.7421875
106782.0546875
106675.9609375
106556.7265625
106415.90625
106275.15625
106115.921875
105962.9375
105808.578125
105663.8515625
105519.8671875
105378.3125
105239.6015625
105098.265625
104964.4921875
104829.5
104698.1953125
104582.8515625
104458.8125
104342.7734375
104226.5703125
104116.1796875
104003.6484375
103893.6015625
103789.765625
103684.7109375
103604.234375
103527.84375
