20968.9375
19865.232421875
19011.626953125
18650.052734375
18630.52734375
18858.171875
19194.576171875
20023.876953125
20781.966796875
21491.212890625
22106.001953125
22674.490234375
23185.94921875
23636.982421875
24064.3515625
24447.765625
24817.1875
25164.287109375
25400.0
25400.0
25400.0
25400.0
25400.0
25400.0
25400.0
25400.0
40203.86328125
46448.34375
50730.87890625
54375.80078125
57080.0546875
59676.07421875
61782.18359375
63683.8203125
65334.10546875
66928.046875
68650.0546875
70375.2890625
72100.6328125
73701.359375
75324.46875
76888.0234375
78269.796875
79928.796875
81459.34375
83007.96875
84496.046875
85970.0390625
87245.375
88459.421875
89706.015625
90907.421875
92063.4453125
93094.578125
94003.640625
94965.359375
95825.328125
96621.921875
97808.828125
98995.9765625
100056.75
101007.8828125
101906.4453125
102702.2421875
103477.2578125
104209.8046875
104826.5703125
105583.75
106221.7109375
106760.6171875
107185.65625
107549.8125
107864.0078125
108152.390625
108418.3359375
108649.625
108862.734375
109049.03125
109192.421875
109321.578125
109415.828125
109446.4609375
109483.140625
109519.6875
109545.2421875
109556.109375
109552.1328125
109536.4296875
109507.40625
109467.703125
109422.3515625
109366.6640625
109312.390625
109254.734375
109195.515625
109130.15625
109042.5546875
108938.9140625
108827.5078125
108720.7265625
108614.1328125
108511.5078125
108420.8828125
108321.046875
108222.8125
108117.96875
108009.109375
107887.3046875
107766.3125
107664.3828125
107567.078125
107475.546875
107381.84375
107287.25
107199.515625
107099.75
107009.234375
106916.296875
106816.84375
106702.6484375
106580.4765625
106459.28125
106337.7421875
106210.5078125
106004.53125
