25400.0
25400.0
25400.0
25189.115234375
24894.490234375
24702.6484375
24740.486328125
24761.068359375
24763.58203125
24764.3359375
24765.1796875
24766.185546875
24767.203125
24768.283203125
24769.287109375
24770.328125
24771.302734375
24772.162109375
24773.0703125
24774.001953125
24775.693359375
24776.58203125
24777.296875
24777.982421875
24778.603515625
24779.205078125
24779.296875
24777.966796875
24779.048828125
24785.107421875
26507.0234375
37714.8125
50926.91796875
62632.20703125
74341.4609375
84284.5234375
92956.8828125
101315.0390625
108559.6796875
115270.953125
121488.9296875
126649.5390625
131998.40625
136610.015625
140562.28125
143733.421875
146396.40625
148293.109375
146269.90625
144362.484375
142523.0
140622.21875
138750.046875
137093.921875
135319.734375
133649.859375
131979.03125
130438.203125
128907.765625
127473.0078125
126232.203125
124952.4765625
123637.140625
122341.59375
121142.3515625
120139.265625
119113.75
118206.109375
117215.6796875
116308.3515625
115361.34375
114440.296875
113775.4375
113389.734375
112902.0859375
112401.6640625
111861.9609375
111446.03125
110937.09375
110437.890625
110094.359375
109915.3125
109955.53125
109978.3359375
109848.3671875
109560.78125
109279.4140625
109016.3984375
108782.8984375
108627.578125
108509.828125
108395.5234375
108284.3359375
108186.625
108091.734375
108044.5625
108032.2890625
108023.578125
108026.0
108039.0
108048.984375
108047.984375
108039.6171875
108025.859375
108009.015625
107995.046875
107953.015625
107921.6796875
107913.875
107924.7109375
107947.3515625
107984.2578125
108035.046875
108109.0
108200.2890625
108283.9921875
108361.421875
108428.984375
108500.984375
108576.4765625
108649.8671875
108725.03125
108796.25
108864.7734375
