25400.0
25400.0
25398.20703125
25051.87109375
24583.138671875
24722.08203125
24622.32421875
24518.505859375
24490.712890625
24484.259765625
24484.44921875
24486.927734375
24490.1171875
24493.4296875
24496.833984375
24500.15625
24503.451171875
24506.646484375
24509.466796875
24513.12890625
24516.923828125
24519.890625
24522.5
24525.1484375
24527.802734375
24532.55078125
24538.98046875
24546.11328125
24554.322265625
24563.447265625
24572.525390625
24583.76171875
24596.03515625
24610.982421875
24627.5859375
24647.5078125
24983.2890625
25636.9453125
27080.328125
29591.90625
34950.578125
41097.1796875
47123.27734375
53338.63671875
58691.87109375
64261.50390625
69152.5390625
73190.5078125
76926.0625
80140.8671875
82956.859375
85323.03125
87636.78125
89834.078125
91653.8515625
93211.3984375
94411.484375
95432.9140625
96643.078125
98664.6953125
102253.8515625
106149.375
109807.7265625
111500.2421875
113586.6015625
115430.28125
116789.875
118014.4765625
119027.703125
119942.640625
120672.2734375
121291.390625
121780.2421875
122163.375
122491.109375
122742.0
122983.59375
123068.921875
123050.75
122979.859375
122872.2890625
122833.0546875
122720.046875
122521.4765625
122257.59375
121955.3671875
121900.7734375
121908.234375
121853.890625
121749.46875
121646.7890625
121528.078125
121449.7734375
121375.9453125
121281.7421875
121154.21875
120996.0390625
120819.0546875
120495.6328125
120085.484375
119677.1640625
119233.09375
118792.3515625
118320.6484375
117938.0859375
117553.421875
117192.8515625
116870.6015625
116820.4375
116714.0390625
116521.3984375
116274.734375
115975.6171875
115646.046875
115331.015625
114970.5078125
114619.0234375
114436.5703125
114253.8359375
113897.9375
113532.421875
113152.265625
112825.6796875
112517.5546875
112248.3828125
111977.5234375
