25400.0
25400.0
25399.9453125
25014.00390625
24965.482421875
24965.482421875
24965.482421875
24977.111328125
25005.109375
25008.427734375
25009.990234375
25011.443359375
25012.943359375
25014.763671875
25015.86328125
25016.80859375
25017.716796875
25018.56640625
25019.32421875
25020.099609375
25020.828125
25021.505859375
25022.173828125
25022.38671875
25022.166015625
25023.65234375
28904.234375
43008.22265625
54180.375
62439.484375
69629.7109375
75605.84375
80247.3359375
84383.0234375
87771.65625
90890.59375
93607.3515625
95557.953125
96863.03125
97965.5390625
99032.2421875
100080.7578125
101161.390625
102254.2265625
103223.46875
104140.9296875
104954.109375
105730.3984375
106455.875
107116.6015625
107783.125
108429.421875
109107.5703125
109861.25
110624.90625
111604.6484375
112742.3515625
114382.0703125
116712.875
119826.0234375
123344.3125
126084.8046875
127767.1484375
131693.15625
138792.390625
146333.109375
143672.78125
141561.0
139674.078125
138286.53125
136699.09375
135046.453125
133590.6875
133034.078125
132690.96875
132083.65625
131456.40625
130885.21875
130448.34375
130029.453125
129818.375
129676.7578125
129585.5234375
129543.96875
129574.390625
129724.7421875
129843.578125
129846.8984375
129798.1484375
129701.3671875
129574.171875
129495.1015625
129399.8046875
129221.3671875
128991.25
128723.9453125
128348.7109375
128005.3671875
127673.7265625
127364.3046875
127033.8828125
126747.7578125
126495.2578125
126204.6953125
125919.2578125
125684.625
125626.96875
125701.3046875
125689.3515625
125610.328125
125458.6953125
125234.203125
124941.2265625
124638.2734375
124356.8671875
124040.34375
123727.0234375
123396.3046875
123074.25
122699.3515625
122288.3125
121874.1796875
121429.890625
120988.1640625
120537.9140625
