25400.0
25400.0
25400.0
25400.0
25230.015625
24974.48828125
24809.271484375
24809.26953125
24858.2734375
24889.78125
24894.2890625
24895.765625
24897.0625
24898.421875
24899.748046875
24901.095703125
24902.3828125
24903.642578125
24904.865234375
24905.955078125
24907.306640625
24908.96875
24910.064453125
24910.984375
24911.875
24912.732421875
24913.546875
24914.369140625
24915.125
24915.904296875
24916.671875
24917.337890625
24918.060546875
24918.75
24919.451171875
24920.12109375
24920.771484375
24921.421875
24922.064453125
24922.705078125
24923.296875
24923.923828125
24924.552734375
24925.080078125
24925.689453125
24926.259765625
24926.84765625
24927.3828125
24928.017578125
24928.4140625
24928.58203125
24928.779296875
24928.451171875
24930.310546875
24950.3359375
27142.47265625
34446.265625
41242.171875
46156.0078125
50046.640625
53397.51171875
56307.984375
58825.7421875
61048.234375
62953.015625
64780.3203125
66349.4453125
67624.4375
68750.96875
69618.2734375
70345.03125
70965.1484375
71565.9609375
72145.453125
72735.0390625
73372.7109375
73988.7734375
74608.09375
75199.8515625
75720.1015625
76314.3828125
76952.7890625
77605.7734375
78218.71875
78828.3984375
79438.4140625
80009.703125
80575.8671875
81105.0078125
81634.75
82146.875
82626.265625
83149.296875
83631.890625
84110.375
84564.0390625
85031.953125
85507.4609375
85978.1796875
86487.9296875
87026.59375
87692.328125
88438.5234375
89186.9765625
90180.0078125
91443.0625
93161.7890625
94860.28125
96648.0390625
98359.1640625
99850.109375
100762.59375
101289.40625
102490.78125
104722.1015625
108948.3828125
113351.9140625
116958.421875
120295.390625
123454.359375
127382.5078125
131380.984375
135206.140625
139462.40625
143505.890625
147868.046875
