25400.0
25400.0
25400.0
25400.0
25400.0
25400.0
25400.0
25400.0
25400.0
25400.0
25400.0
25400.0
25400.0
25400.0
25400.0
25400.0
25400.0
25400.0
25400.0
25400.0
25400.0
25400.0
25400.0
41172.47265625
61664.8671875
77566.5
89062.140625
99241.3515625
107677.1953125
114333.078125
118797.78125
123062.4296875
126486.8515625
129289.1328125
130929.0625
131947.078125
132881.671875
133835.359375
135422.578125
136821.53125
137967.796875
138886.390625
139610.484375
142541.71875
144095.6875
144876.96875
144686.90625
148131.015625
143515.78125
139527.78125
136701.9375
134338.65625
132374.484375
130798.1640625
129705.9765625
128648.0
127749.6484375
126928.34375
126324.984375
126008.515625
125897.1015625
125846.828125
125776.078125
125642.0859375
125303.8203125
124983.8828125
124606.9921875
124127.8203125
123632.3515625
123098.96875
122563.0859375
121992.4765625
121403.3515625
120788.421875
120185.5234375
119613.8984375
119025.5859375
118451.0625
117948.125
117414.0703125
116938.8125
116472.0078125
116037.9453125
115603.3984375
115185.4609375
114801.4765625
114422.84375
114057.5390625
113697.0390625
113355.828125
113060.1953125
112781.6640625
112559.875
112337.2734375
112122.0234375
111901.3984375
111688.0390625
111493.234375
111303.0390625
111126.5703125
110989.6171875
110871.640625
110773.7578125
110674.140625
110599.5
110532.546875
110466.5625
110399.359375
110409.984375
110403.3828125
110379.625
110346.9453125
110301.8984375
110247.484375
110199.8125
110236.6796875
110288.8203125
110318.59375
110324.1875
110254.0234375
110120.234375
109997.125
109890.640625
109779.5859375
109647.546875
