25400.0
25400.0
25400.0
25400.0
25400.0
25400.0
25400.0
25400.0
25400.0
25400.0
25400.0
25400.0
25400.0
25400.0
25400.0
25400.0
25400.0
25400.0
25400.0
25400.0
25400.0
25400.0
25400.0
25400.0
28964.529296875
48608.65234375
64961.3125
77393.9296875
87895.03125
96231.28125
103102.1875
109043.265625
113108.0
116895.328125
120063.4921875
122915.2421875
124552.4140625
125551.875
126609.53125
127804.578125
129009.171875
130329.359375
131425.90625
132398.703125
133136.96875
133975.625
135895.0625
137594.46875
138015.84375
138539.484375
139652.96875
138140.09375
134666.34375
131610.015625
128822.328125
126856.8125
125303.828125
123804.0
122557.390625
121409.6640625
120448.0
119584.234375
118814.3984375
118196.921875
117661.5390625
117256.765625
116955.984375
116776.2734375
116885.46875
117181.7109375
117560.296875
117999.234375
118400.7734375
118695.265625
118892.2890625
119213.5
119588.1796875
120006.234375
120507.21875
120964.9609375
121326.0859375
121846.09375
122252.1171875
122597.2890625
122951.9609375
123182.875
123443.6171875
123794.578125
124042.9453125
124153.578125
124049.421875
123788.3984375
123478.8984375
123089.734375
122678.2890625
122176.6796875
121587.78125
120932.6953125
120249.421875
119562.0703125
118962.59375
118536.21875
118068.75
117537.6171875
117012.71875
116381.5390625
115755.8828125
115111.3125
114493.5625
113866.2578125
113253.3359375
112697.7109375
112167.6796875
111686.84375
111225.65625
110802.4140625
110444.765625
110072.875
109729.875
109390.1640625
109079.7265625
108777.2109375
108487.0390625
108205.1875
107907.375
107634.9140625
107367.40625
