25400.0
25400.0
25400.0
25396.80078125
25321.11328125
25321.11328125
25321.11328125
25321.11328125
25321.11328125
25321.11328125
25321.11328125
25321.11328125
25321.11328125
25321.11328125
25321.11328125
25321.11328125
25321.11328125
25321.11328125
25321.11328125
25321.11328125
25321.11328125
25321.11328125
25321.11328125
25321.11328125
25321.11328125
25321.11328125
25321.11328125
25321.11328125
33578.0078125
48645.109375
61062.3984375
69246.5703125
73250.9921875
76363.828125
79073.671875
82091.6015625
85120.8125
88003.90625
90703.703125
93371.2734375
95658.6484375
97594.5078125
99612.3515625
101464.453125
103308.421875
105030.0625
106677.78125
108239.5703125
109611.0546875
111347.328125
113090.296875
114849.1875
116479.9609375
117854.84375
119465.40625
121073.6015625
122921.609375
124718.5
126638.3984375
128580.671875
130471.796875
132371.140625
134270.046875
136387.78125
139222.5
143330.625
145866.90625
148345.890625
149449.625
146480.953125
143965.375
142229.4375
141026.90625
139423.90625
137739.90625
136267.109375
135090.375
134263.0625
134180.375
134339.5
134408.015625
134451.375
134501.296875
134581.96875
134728.8125
134888.765625
135046.78125
135077.015625
135123.453125
135195.953125
135311.671875
135326.53125
135189.0
134890.046875
134451.875
133928.5625
133376.21875
132732.78125
132123.671875
131584.59375
131248.8125
130883.0625
130406.5234375
129896.2421875
129322.171875
128733.234375
128106.1875
127474.4296875
126827.5859375
126134.890625
125462.015625
124769.0
124080.6953125
123469.0625
122813.609375
122198.359375
121582.7890625
121021.0078125
120455.8359375
119902.3671875
119378.71875
118847.8359375
118343.9921875
117835.890625
