25400.0
25400.0
25400.0
24964.65234375
24865.6875
24865.6875
24865.6875
24867.625
24912.9375
24920.6953125
24923.9453125
24926.822265625
24930.8203125
24932.79296875
24933.068359375
24958.5546875
38411.53125
58595.046875
78162.7265625
95205.75
110679.984375
121648.984375
126072.1953125
124465.6953125
122815.296875
121237.0625
119665.1875
118005.5
116261.015625
114609.765625
113215.5078125
111807.0
110619.984375
109511.6875
108507.65625
107571.4375
106673.1796875
105882.6640625
105185.0546875
104530.359375
103852.5234375
103231.21875
102726.9140625
102515.9609375
102436.9921875
102299.9140625
102163.03125
102074.390625
102218.1640625
102250.6640625
102164.8984375
102017.9453125
101797.984375
101691.671875
101698.140625
101802.453125
102038.7265625
102229.4453125
102402.84375
102528.75
102563.015625
102580.6640625
102650.125
102759.859375
102934.6875
103169.78125
103452.125
103818.546875
104170.171875
104506.9296875
104793.3984375
105065.65625
105323.4609375
105565.4921875
105820.4296875
106158.3515625
106503.96875
106858.984375
107165.7265625
107476.453125
107759.5078125
108036.3046875
108289.0234375
108533.3046875
108758.421875
108978.0
109214.7578125
109442.578125
109702.984375
109969.8671875
110200.6640625
110430.421875
110590.765625
110705.9921875
110848.375
110981.8359375
111040.71875
111009.7578125
110925.96875
110819.1953125
110691.453125
110582.5625
110516.796875
110480.96875
110483.4453125
110450.671875
110414.796875
110368.1171875
110255.4375
110155.6953125
110076.921875
110004.6796875
109916.9609375
109805.28125
109696.09375
109564.3515625
109429.53125
109284.484375
109145.7890625
109001.1953125
108853.8671875
108702.5625
108539.125
108376.4375
108204.734375
