25400.0
25400.0
25400.0
25169.94140625
25174.33203125
25169.939453125
25169.939453125
25169.939453125
25169.939453125
25169.939453125
25169.939453125
25169.939453125
25169.939453125
25169.939453125
25169.939453125
25169.939453125
25169.939453125
25177.955078125
25187.4453125
25187.173828125
30797.33203125
51434.59765625
68719.7578125
84013.5546875
95775.796875
103067.859375
107957.203125
111554.2109375
115239.34375
119281.5625
122372.28125
124836.515625
126880.7578125
128682.109375
130281.953125
131842.046875
133242.53125
134725.71875
137223.265625
134001.765625
129956.34375
126780.1015625
124334.3828125
121859.46875
119502.34375
117800.6640625
116655.34375
115183.2421875
113791.7265625
112588.140625
111480.8359375
110740.2578125
110121.75
109535.6875
109000.6015625
108477.8984375
108090.4765625
107843.6171875
107693.265625
107804.109375
108099.0
108361.6640625
108648.484375
108950.5078125
109296.015625
109734.109375
110203.375
110751.09375
111261.375
111695.7734375
112018.875
112405.640625
112742.484375
112964.90625
113100.046875
113140.328125
113141.7109375
113139.484375
113146.75
113148.0390625
113129.8359375
113090.7109375
113047.703125
113042.65625
113028.1328125
113001.5546875
112936.5703125
112875.5546875
112852.9765625
112840.8125
112860.2421875
112879.6953125
112888.7421875
112890.6171875
112917.1015625
112928.59375
112924.484375
112983.609375
113051.640625
113096.6875
113131.21875
113145.203125
113151.3828125
113151.078125
113238.5234375
113325.40625
113360.1953125
113359.8203125
113260.9765625
113128.015625
112989.7109375
112853.3515625
112703.0703125
112489.015625
112226.3515625
111893.90625
111571.2421875
111251.6640625
110952.3984375
110629.5234375
110398.265625
110245.4765625
110058.6328125
109846.0
109602.7578125
