25400.0
25400.0
25400.0
25400.0
25400.0
25400.0
25400.0
25400.0
25400.0
25400.0
25400.0
25400.0
25400.0
25400.0
25400.0
25400.0
25400.0
25400.0
25400.0
25400.0
25400.0
25400.0
25400.0
25400.0
25400.0
25400.0
25400.0
25400.0
25400.0
25400.0
25400.0
25400.0
25400.0
25400.0
25400.0
25400.0
25400.0
25400.0
25400.0
25400.0
25400.0
25400.0
25400.0
25400.0
31550.548828125
45662.38671875
56502.2890625
64639.546875
71074.578125
76675.8125
81419.40625
85737.0625
89749.3125
92969.5625
95914.9921875
98530.1015625
100797.7265625
102650.765625
104270.078125
105875.4375
107456.3125
108988.1796875
110644.5078125
112332.1328125
113777.171875
114915.5859375
116049.1953125
117052.4375
118035.4140625
119049.9296875
120131.546875
121182.453125
122117.6328125
122988.78125
123761.1640625
124505.609375
125210.265625
125819.1875
126458.296875
127070.0625
127657.0078125
128203.8125
128759.1953125
129306.953125
129857.0703125
130516.578125
131174.46875
131895.625
132521.5
133004.875
133453.953125
133759.4375
134113.890625
134470.53125
135144.828125
135990.53125
136705.5
137438.546875
138943.0625
140909.921875
141620.8125
142220.765625
142948.109375
143686.21875
144820.046875
145678.1875
147344.03125
150603.390625
154149.453125
156682.453125
154083.984375
152045.546875
150289.984375
148834.96875
147357.875
146197.109375
145202.875
144387.796875
143730.75
143428.90625
143476.3125
143531.328125
143595.484375
143716.46875
