25400.0
25400.0
25117.470703125
24523.427734375
24262.798828125
23938.5546875
23796.2109375
23774.521484375
23775.251953125
23784.833984375
23800.03125
23823.42578125
23869.826171875
23951.130859375
24135.03125
24578.31640625
24956.654296875
26275.958984375
30779.4296875
39959.26953125
53975.87109375
70545.328125
85541.21875
97700.6171875
109251.0078125
115532.2109375
116773.9140625
117175.8671875
116860.2421875
116279.125
115552.6171875
114769.859375
113865.125
112908.8359375
111760.5
110766.65625
109852.546875
109073.9609375
108304.859375
107510.0390625
106809.3984375
106093.515625
105398.46875
104806.5859375
104197.796875
103646.3125
103068.8984375
102553.1796875
102063.078125
101597.8515625
101191.078125
100847.0078125
100563.3828125
100299.7890625
100105.8203125
100032.5546875
99961.5390625
99874.3046875
99770.984375
99666.984375
99527.3828125
99374.515625
99185.984375
98914.6640625
98712.4921875
98498.453125
98320.171875
98167.8125
98024.3984375
98012.0390625
98077.7734375
98150.5234375
98150.90625
98110.15625
98112.21875
98139.9296875
98168.765625
98153.1328125
98164.953125
98158.1953125
98123.484375
98171.6015625
98242.4140625
98303.0625
98369.4609375
98443.765625
98517.296875
98664.34375
98853.8359375
99069.4765625
99297.421875
99505.7421875
99748.34375
100055.1875
100359.3125
100642.0703125
100936.640625
101199.1640625
101384.265625
101610.171875
101835.359375
102073.921875
102333.234375
102560.234375
102797.109375
103103.546875
103390.40625
103652.4140625
103957.28125
104278.3515625
104586.9765625
104945.5703125
105291.765625
105590.921875
105811.0625
105922.9921875
105897.3125
105835.734375
105755.84375
105666.1953125
105588.6796875
105522.0078125
105452.6328125
105380.921875
105432.5625
105700.234375
