25400.0
25400.0
25396.17578125
25069.912109375
25069.912109375
25069.912109375
25069.912109375
25069.912109375
25069.912109375
25069.912109375
25069.912109375
25069.912109375
25069.912109375
25095.474609375
25114.072265625
25118.23828125
25119.783203125
25119.974609375
25118.16015625
29678.94140625
43498.20703125
54720.9609375
66119.9765625
76247.640625
83813.6484375
90064.921875
96121.8828125
101490.5390625
106415.84375
111248.609375
116382.5546875
122213.2890625
128575.6640625
130449.0390625
129760.390625
128847.1484375
127995.09375
127008.203125
126019.28125
124987.0234375
123840.296875
122670.7578125
121634.6328125
120659.1796875
120272.7109375
119784.2109375
119146.4140625
118527.625
117945.2109375
117292.71875
116655.4140625
115938.7890625
115073.6171875
114621.3125
114641.1328125
114411.8515625
113916.828125
113416.2734375
113152.1328125
112997.0234375
112899.796875
112812.703125
112777.8671875
112779.109375
112840.75
112993.1953125
113143.0703125
113283.6796875
113430.21875
113586.4296875
113736.1953125
113887.4296875
114027.703125
114148.953125
114257.984375
114363.3828125
114461.4375
114456.875
114439.0859375
114434.1328125
114457.6953125
114549.7109375
114609.8515625
114648.1796875
114820.5234375
115222.0625
115598.90625
115916.1015625
116183.296875
116446.7578125
116664.9296875
116903.421875
117165.2734375
117369.3046875
117480.875
117507.390625
117394.8828125
117240.234375
117051.640625
116843.5703125
116580.1015625
116282.15625
115993.9453125
115652.46875
115304.6484375
114933.375
114648.7890625
114338.6875
113985.5625
113615.203125
113222.9765625
112840.2109375
112440.9453125
112034.4453125
111656.3984375
111241.953125
110849.265625
110428.7421875
110003.1796875
109576.1015625
109169.6484375
108790.953125
108413.1796875
108059.5
107706.546875
