25400.0
25400.0
24807.60546875
24763.873046875
24628.923828125
24062.509765625
23653.478515625
23454.791015625
23435.478515625
23463.751953125
23523.44921875
23643.24609375
24083.845703125
24684.40625
24971.482421875
25060.04296875
25081.626953125
25091.453125
25099.373046875
25107.005859375
25120.791015625
25566.94140625
27395.923828125
32985.69921875
42020.27734375
53286.16015625
68256.2578125
75639.3828125
81053.0625
86518.578125
90394.8671875
93452.53125
95474.703125
96734.6484375
97661.8203125
98616.8046875
99395.625
99952.0703125
100366.171875
100653.5625
100817.9140625
100887.9921875
100904.0078125
100875.2421875
100819.703125
100752.4921875
100644.75
100502.0078125
100344.1796875
100181.5
100004.78125
99832.1328125
99692.1015625
99593.96875
99525.3203125
99456.8203125
99390.3671875
99318.734375
99241.9921875
99141.21875
99006.21875
98892.234375
98790.4375
98688.6015625
98578.09375
98489.5078125
98430.1171875
98364.4609375
98299.9140625
98237.8671875
98185.6640625
98190.0625
98339.09375
98461.71875
98578.1640625
98704.3125
98820.9296875
98925.8046875
99013.328125
99103.1015625
99182.0390625
99256.7421875
99322.4140625
99381.8359375
99435.5625
99479.53125
99512.5390625
99549.8984375
99594.5703125
99647.0703125
99728.828125
99814.2109375
99892.9296875
99968.4375
100023.765625
100127.3359375
100230.1015625
100316.390625
100396.4140625
100467.984375
100535.484375
100596.46875
100651.78125
100715.2890625
100769.09375
100812.0
100842.46875
100859.9375
100865.4609375
100860.8671875
100851.984375
100839.140625
100821.3359375
100799.046875
100808.4921875
100849.09375
100904.296875
100969.2265625
101035.640625
101107.9453125
101180.2109375
101251.234375
101326.1953125
101398.96875
101477.6953125
