25400.0
25400.0
25195.921875
24607.568359375
24697.349609375
24310.408203125
23408.625
22941.890625
22602.28125
22459.935546875
22439.947265625
22481.11328125
22567.1015625
22745.29296875
23093.94921875
23646.046875
24235.5859375
24542.39453125
24669.12109375
24722.720703125
24752.576171875
24778.525390625
24802.2109375
24825.859375
24847.689453125
24868.28515625
24886.62890625
24903.390625
24918.189453125
24929.146484375
24950.5
24981.255859375
24997.60546875
25005.134765625
25007.8125
25013.4765625
25071.525390625
25275.958984375
25933.654296875
27685.529296875
31469.517578125
36345.8359375
42635.42578125
48879.41796875
54572.5
60799.015625
65810.2109375
69546.4765625
72320.5703125
74630.828125
76544.1328125
78074.1328125
79357.3359375
80429.9921875
81474.1796875
82575.3984375
83597.5546875
84740.96875
85843.984375
87091.9453125
88371.1875
89659.609375
90897.921875
92002.625
93069.015625
94070.4453125
95180.4140625
96179.4453125
96997.3046875
97827.046875
98579.3515625
99312.5078125
100015.5
100797.8359375
101601.890625
102347.296875
103072.7890625
103712.4453125
104321.0859375
104916.2421875
105446.25
106040.671875
106698.34375
107395.390625
108017.5390625
108623.546875
108127.4453125
107680.109375
107274.6484375
106908.15625
106540.65625
106181.4765625
105858.7734375
105527.484375
105266.7421875
105015.4765625
104779.0234375
104541.6015625
104311.0703125
104098.8515625
103893.546875
103708.78125
103544.03125
103422.1953125
103352.9609375
103316.2265625
103350.4921875
103464.890625
103574.1875
103683.5078125
103791.8828125
103848.328125
103883.0078125
103905.71875
103881.5703125
103804.7890625
103697.9921875
103572.3359375
103501.265625
103484.140625
103460.859375
103434.3046875
103414.4296875
103449.0703125
103541.265625
103900.7890625
104194.75
