25400.0
25400.0
24928.466796875
24616.16796875
24646.365234375
24098.37890625
23580.541015625
23146.171875
23051.92578125
23046.935546875
23064.7421875
23099.748046875
23164.3125
23251.98828125
23412.76953125
23664.32421875
24204.94921875
24582.24609375
24748.021484375
24820.296875
24848.9921875
24863.978515625
24875.36328125
24886.43359375
24896.76171875
24906.53125
24914.873046875
24921.986328125
24931.828125
24948.55859375
24962.208984375
25010.552734375
25225.095703125
25880.8359375
27317.544921875
30736.9921875
35815.625
42240.95703125
50462.3828125
58606.26953125
67798.0859375
75908.28125
82324.5625
86948.25
90259.6171875
93172.15625
95900.40625
98500.6796875
100844.5390625
102646.5078125
102949.015625
103259.578125
103500.2890625
103651.2109375
103710.28125
103758.4296875
103738.8359375
103644.140625
103503.4921875
103320.375
103100.3203125
102894.7890625
102668.8828125
102441.2265625
102201.2734375
101958.5546875
101747.1484375
101524.9140625
101315.6328125
101100.5234375
100993.328125
100911.578125
100824.15625
100724.140625
100608.40625
100492.3671875
100367.09375
100238.0625
100117.921875
99981.4296875
99847.0078125
99707.9375
99572.59375
99433.6640625
99296.8046875
99169.7890625
99044.296875
98926.3046875
98810.1796875
98697.7578125
98599.953125
98497.1953125
98401.3046875
98303.6796875
98214.453125
98126.734375
98046.2578125
97973.0859375
97910.8984375
97890.4609375
97906.84375
97919.765625
97925.2890625
97922.1328125
97911.578125
97894.046875
97872.5
97841.2578125
97798.328125
97737.046875
97660.1171875
97579.9375
97492.109375
97401.484375
97327.1875
97241.9921875
97166.0078125
97095.3828125
97039.2890625
97022.265625
97020.703125
97024.890625
97032.1484375
97042.828125
97058.3671875
