25400.0
25400.0
25400.0
24717.251953125
24502.568359375
24343.46875
24284.466796875
24272.9453125
24273.24609375
24275.53515625
24278.259765625
24281.125
24283.8984375
24286.39453125
24288.8203125
24291.404296875
24294.341796875
24297.322265625
24300.298828125
24303.857421875
24312.9921875
25001.07421875
35870.75
46471.59765625
51696.66796875
54776.625
58474.68359375
62829.51953125
68341.203125
73802.890625
79064.921875
85305.125
91333.0859375
97416.4765625
102681.671875
108259.046875
113430.3984375
118200.5546875
123167.296875
127161.8671875
126646.7578125
125412.59375
124149.515625
122569.265625
120959.9375
119436.0703125
118200.609375
116829.203125
115967.0234375
115415.3515625
115006.828125
114509.8046875
113913.7890625
113447.3984375
112937.9296875
112319.1953125
111703.7421875
111087.015625
110526.09375
109973.6640625
109448.875
108979.0546875
108541.9296875
108132.71875
107787.4296875
107378.0234375
107045.921875
106750.9921875
106581.6328125
106404.984375
106186.0
105945.09375
105712.421875
105491.1796875
105261.0625
105032.5390625
104856.328125
104693.6640625
104559.4296875
104398.3515625
104238.5390625
104168.78125
104222.421875
104329.6015625
104372.6171875
104364.0703125
104395.546875
104391.8046875
104332.6875
104231.6796875
104117.171875
104009.7734375
103956.9765625
103960.3203125
104002.265625
104073.890625
104175.765625
104307.7890625
104468.734375
104637.3984375
104802.375
104950.7734375
105069.296875
105181.1953125
105272.2421875
105350.796875
105415.1875
105471.6328125
105526.0703125
105559.1328125
105657.015625
105797.375
105954.9453125
106113.734375
106255.9765625
106406.90625
106546.5546875
106685.8359375
106817.5390625
106951.9453125
107084.5703125
107212.7890625
107345.0703125
107470.390625
107593.2734375
