25400.0
25400.0
25400.0
25092.626953125
24814.185546875
24680.77734375
24746.18359375
24801.28515625
24810.05078125
24812.8046875
24815.357421875
24818.365234375
24821.509765625
24824.49609375
24827.361328125
24829.953125
24832.771484375
24836.201171875
24838.275390625
24840.1484375
24841.865234375
24843.548828125
24845.109375
24846.646484375
24848.1484375
24849.541015625
24850.986328125
24852.435546875
24853.8671875
24855.12890625
24856.4140625
24858.4296875
24860.6015625
24863.1015625
24865.7578125
24871.775390625
24910.5625
29233.353515625
39867.37890625
50587.2734375
61119.68359375
72248.890625
80336.8046875
87686.4609375
94541.21875
100540.2109375
105744.34375
110497.484375
115613.6171875
121531.890625
127180.0625
132129.78125
136885.15625
141488.296875
145643.875
150024.75
153850.125
157380.25
160240.34375
162880.8125
161911.8125
158946.78125
156083.25
153386.453125
150691.921875
148098.421875
145827.0625
143390.8125
141075.515625
138793.0
136782.0
134862.984375
132905.40625
131110.484375
129474.109375
128155.859375
127381.5
126359.1015625
125357.609375
124243.1953125
123241.21875
122368.9921875
121579.0078125
120829.84375
120152.8046875
119563.1015625
119000.375
118483.109375
117958.59375
117460.8359375
117056.8046875
116735.0390625
116512.3984375
116328.5390625
116162.703125
115987.640625
115805.40625
115569.8671875
115396.296875
115297.546875
115231.8125
115179.21875
115132.5703125
115082.8046875
115042.203125
115013.765625
115006.1953125
115016.234375
115045.6171875
115091.8359375
115153.8671875
115203.25
115233.9140625
115257.9609375
115278.1171875
115303.8515625
115335.203125
115383.390625
115435.21875
115476.359375
115503.0
115517.8984375
115523.7109375
115506.578125
115456.1015625
