25400.0
25400.0
25400.0
25400.0
25366.0
25215.482421875
25192.2890625
25192.2890625
25192.2890625
25192.2890625
25192.2890625
25192.2890625
25192.2890625
25192.2890625
25192.2890625
25192.2890625
25192.2890625
25192.2890625
25192.2890625
25192.2890625
25192.2890625
25192.2890625
25192.2890625
25192.2890625
25192.2890625
25192.2890625
25192.2890625
25192.2890625
25192.2890625
25192.2890625
25192.2890625
25192.2890625
25192.2890625
25192.2890625
25192.2890625
25192.2890625
25192.2890625
25192.2890625
25192.2890625
25192.2890625
25192.2890625
25192.2890625
25192.2890625
25208.921875
25214.791015625
25215.01171875
25213.578125
25214.302734375
28341.76171875
35222.21875
41757.58984375
46258.09765625
50030.234375
53478.4296875
56563.5390625
60032.421875
63405.984375
66451.203125
68993.875
71554.125
74108.3125
76677.3671875
79325.09375
81787.8203125
84414.2421875
87162.90625
89778.203125
92859.2890625
95841.1640625
98841.734375
101667.546875
104547.4609375
107631.0390625
110849.1953125
114289.4296875
117656.6953125
121145.828125
124613.734375
127714.5234375
131548.234375
135327.6875
139117.1875
142661.78125
146179.09375
149604.984375
152959.046875
156391.296875
159775.78125
162725.15625
165058.546875
166658.109375
168683.015625
168053.84375
166056.328125
164603.328125
162927.703125
161078.84375
159225.625
157239.875
155329.9375
153398.40625
151554.65625
149896.0
148796.1875
147368.640625
145818.453125
144338.0625
142837.21875
141366.75
139994.453125
138836.6875
137839.703125
136726.78125
135572.75
134660.953125
133708.640625
132820.59375
132016.78125
131325.5625
130617.671875
130050.390625
129578.7109375
129150.5546875
128753.9921875
128373.8828125
