25400.0
25400.0
25400.0
25400.0
25400.0
25400.0
25400.0
25400.0
25400.0
25400.0
25400.0
25400.0
25400.0
25400.0
25400.0
25400.0
25400.0
25400.0
25400.0
25400.0
25400.0
25400.0
25400.0
25400.0
27218.22265625
46628.05859375
64877.1640625
79030.828125
90109.6171875
98218.5
103712.578125
107761.125
110333.3359375
113054.8828125
116342.7265625
119525.640625
122121.1953125
124115.109375
126017.390625
127669.7734375
129379.7265625
130906.7578125
132108.21875
133108.3125
134048.59375
135082.4375
136012.078125
136836.46875
137544.0
138602.40625
142033.609375
143349.78125
144342.296875
143808.65625
150298.078125
154788.34375
156628.25
152626.234375
149926.078125
147925.421875
146486.515625
145505.59375
145387.390625
145394.390625
145289.484375
145290.8125
145247.25
145026.078125
144470.15625
143813.75
142989.625
142000.28125
140872.359375
139676.328125
138424.9375
137291.703125
136168.875
135078.6875
134109.515625
133052.390625
132129.5
131217.5625
130328.65625
129378.109375
128462.8203125
127609.84375
126758.25
125960.1484375
125169.546875
124390.7265625
123689.09375
122895.7109375
122177.53125
121454.8359375
120773.5703125
120103.4140625
119515.8515625
118958.8671875
118397.8046875
117870.3203125
117350.0625
116857.625
116440.078125
116057.96875
115749.5546875
115433.734375
115117.765625
114772.5625
114373.7109375
114027.3828125
113714.28125
113427.296875
113115.265625
112734.96875
112340.8359375
111907.203125
111518.75
111142.5546875
110970.0390625
110824.40625
110620.8203125
110378.4765625
110098.171875
109811.1171875
109505.625
