20000.0
20000.0
20000.0
20000.0
20000.0
20000.0
20000.0
20000.0
20000.0
20000.0
20000.0
20000.0
20000.0
20000.0
19999.998046875
20000.0
20000.0
20000.0
20000.0
20000.0
19999.9609375
20000.0
20000.0
19999.998046875
19999.9609375
19903.681640625
19122.771484375
18481.65625
17880.40625
17347.966796875
16850.84375
16391.791015625
16016.4814453125
15631.1513671875
15267.3603515625
14900.8974609375
14562.845703125
14230.4541015625
13916.884765625
13632.7275390625
13356.3994140625
13108.1953125
12847.33984375
12587.380859375
12357.68359375
12109.46875
11868.3212890625
11632.3759765625
11414.69140625
11195.7236328125
10982.2890625
10791.1044921875
10605.3896484375
10434.0830078125
10265.236328125
10105.3759765625
9981.2822265625
9858.576171875
9743.6748046875
9620.76953125
9496.9462890625
9371.8896484375
9248.994140625
9131.69140625
9011.2607421875
8895.134765625
8774.7177734375
8656.70703125
8552.353515625
8439.6689453125
8330.1865234375
8215.78515625
8110.46728515625
8007.05859375
7907.9697265625
7815.701171875
7723.75927734375
7636.89990234375
7541.1044921875
7449.556640625
7374.083984375
7297.23974609375
7226.6279296875
7154.93408203125
7079.4765625
6986.384765625
6894.638671875
6814.42138671875
6738.1240234375
6667.44189453125
6587.41259765625
6499.6943359375
6424.82373046875
6344.41162109375
6269.8173828125
6195.3095703125
6125.97412109375
6057.43603515625
5989.78955078125
5928.39599609375
5863.23486328125
5799.47705078125
5734.52587890625
5672.40771484375
5618.67578125
5560.60546875
5507.4755859375
5456.33447265625
5409.83544921875
5363.5068359375
5321.3837890625
5279.26806640625
5234.7109375
5190.7470703125
5145.59765625
5102.427734375
5064.5439453125
5021.7255859375
4980.10205078125
4937.7421875
4897.36083984375
4856.29150390625
4816.19873046875
4778.43212890625
4740.7607421875
4705.91357421875
4671.57861328125
