20000.0
20000.0
20000.0
20000.0
20000.0
19999.998046875
20000.0
20000.0
20000.0
20000.0
20000.0
20000.0
20000.0
20000.0
20000.0
20000.0
20000.0
20000.0
20000.0
20000.0
20000.0
20000.0
20000.0
20000.0
20000.0
20000.0
20000.0
19999.994140625
20000.0
20000.0
20000.0
19999.97265625
20000.0
20000.00390625
20000.0
20000.0
19999.9765625
20000.0
20000.0078125
20000.0
20000.0
20000.0
20000.0
20000.0
20000.0
20000.0
20000.0
20000.0
20000.0
20000.0
20000.0
20000.0
20000.0
20000.001953125
19949.73828125
19352.8515625
18736.609375
18163.40234375
17596.08203125
17073.03125
16564.8203125
16101.0400390625
15681.4423828125
15243.7373046875
14768.7802734375
14350.6962890625
13977.56640625
13665.1240234375
13340.99609375
13039.8232421875
12764.93359375
12535.5556640625
12294.451171875
12049.9814453125
11804.529296875
11547.3134765625
11319.6376953125
11105.7392578125
10899.9130859375
10712.6875
10505.056640625
10313.9765625
10123.1435546875
9949.1142578125
9776.5185546875
9599.8125
9425.9892578125
9257.794921875
9107.123046875
8959.9560546875
8818.9677734375
8698.0625
8570.681640625
8452.7880859375
8336.150390625
8227.7578125
8117.65673828125
8008.927734375
7912.310546875
7813.11181640625
7715.9775390625
7613.095703125
7509.896484375
7422.18310546875
7325.712890625
7231.7421875
7135.0791015625
7041.60986328125
6944.81396484375
6848.302734375
6755.46337890625
6660.92333984375
6570.9921875
6477.4462890625
6385.7685546875
6305.7158203125
6220.57568359375
6140.404296875
6059.30859375
5981.4365234375
5903.57861328125
5828.705078125
5758.7587890625
5689.0361328125
5623.88671875
5557.24853515625
