20000.0
20000.0
20000.0
20000.0
20000.0
20000.0
20000.0
20000.0
20000.0
20000.0
20000.0
20000.0
20000.0
20000.0
20000.0
20000.0
20000.0
20000.0
20000.0
20000.0
20000.0
20000.0
20000.0
20000.0
19999.986328125
20000.0
20000.0
20000.0
20000.0
20000.0
20000.0
20000.0
20000.0
20000.0
20000.0
20000.0
20000.0
20000.0
19826.384765625
19160.638671875
18464.42578125
17801.220703125
17242.951171875
16672.373046875
16160.1337890625
15666.1962890625
15204.55859375
14765.873046875
14359.6474609375
13996.09375
13646.4423828125
13260.458984375
12904.4560546875
12595.0595703125
12336.2587890625
12067.78515625
11823.4794921875
11585.4658203125
11366.5908203125
11166.318359375
10958.689453125
10779.505859375
10599.8115234375
10434.1328125
10267.056640625
10103.1494140625
9959.375
9795.8505859375
9622.30078125
9455.78515625
9315.9443359375
9175.1640625
9028.787109375
8884.822265625
8737.7783203125
8597.0927734375
8452.744140625
8308.6376953125
8180.8359375
8041.11474609375
7912.31689453125
7787.2109375
7673.22119140625
7558.59033203125
7445.38623046875
7337.28271484375
7228.4794921875
7127.3544921875
7027.044921875
6930.31787109375
6845.3134765625
6753.59375
6667.88623046875
6583.85302734375
6504.87060546875
6426.759765625
6346.5400390625
6266.90185546875
6182.44091796875
6098.1650390625
6012.90869140625
5928.75048828125
5852.59521484375
5767.93896484375
5685.650390625
5600.39990234375
5518.2685546875
5434.0390625
5350.30126953125
5269.71728515625
5187.14990234375
5108.03125
5028.02685546875
4949.46875
4880.09716796875
4805.1240234375
4734.208984375
4662.634765625
4596.8310546875
4534.40625
4473.28759765625
4419.12158203125
4366.5087890625
4315.8876953125
4265.8017578125
