20000.0
20000.0
20000.0
19999.998046875
20000.0
20000.0
20000.0
20000.0
20000.0
20000.0
20000.0
20000.0
20000.0
20000.0
20000.0
20000.0
20000.0
20000.0
20000.0
20000.0
20000.0
20000.0
20000.0
20000.0
20000.0
20000.0
20000.0
20000.0
20000.0
20000.0
20000.0
20000.0
20000.0
20000.0
19809.814453125
19167.591796875
18602.13671875
18100.755859375
17611.193359375
17173.00390625
16760.857421875
16380.2060546875
16049.7490234375
15697.240234375
15373.41015625
15059.1884765625
14783.4248046875
14520.3310546875
14270.458984375
14022.9453125
13776.1259765625
13547.556640625
13285.1484375
13043.513671875
12847.0849609375
12653.0615234375
12480.68359375
12315.84375
12167.9873046875
12024.9208984375
11887.4716796875
11755.55078125
11616.767578125
11485.8544921875
11352.8515625
11227.0185546875
11122.9052734375
11013.66015625
10917.744140625
10828.564453125
10736.6689453125
10540.052734375
10363.9384765625
10219.5673828125
10076.1201171875
9940.8671875
9807.16015625
9678.736328125
9553.572265625
9377.2373046875
9226.845703125
9085.6201171875
8956.080078125
8829.650390625
8706.96875
8588.69140625
8470.4912109375
8360.130859375
8248.3603515625
8140.650390625
8047.0927734375
7932.869140625
7818.88037109375
7704.01708984375
7600.9365234375
7503.24072265625
7412.341796875
7319.4716796875
7222.4658203125
7131.70458984375
7042.12158203125
6951.3466796875
6867.17333984375
6773.705078125
6685.70751953125
6599.3876953125
6520.68359375
6443.23291015625
6368.1337890625
6295.5390625
6219.3291015625
6145.3759765625
6069.61474609375
5995.19873046875
5929.50830078125
5858.1435546875
5790.70849609375
5723.22119140625
5659.34228515625
5594.7138671875
5531.6708984375
5471.765625
5410.57470703125
5352.2236328125
5292.81396484375
