20000.0
20000.0
20000.0
20000.0
20000.0
20000.0
20000.0
20000.0
20000.0
20000.0
20000.0
20000.0
20000.0
20000.0
20000.0
20000.0
20000.0
20000.0
20000.0
20000.0
20000.0
20000.0
20000.0
20000.0
20000.0
20000.0
20000.0
19999.93359375
20000.0
20000.0
19999.998046875
20000.0
20000.0
20000.0
20000.0
20000.0
20000.0
20000.0
20000.0
20000.0
20000.0
20000.0
20000.0
20000.0
19999.998046875
20000.0
20000.0
20000.0
20000.0
20000.0
20000.0
19999.998046875
19601.447265625
18669.919921875
17927.66015625
17209.0234375
16571.595703125
16019.5537109375
15592.875
15195.673828125
14822.029296875
14484.1640625
14160.3486328125
13869.5419921875
13590.8193359375
13329.46484375
13103.830078125
12858.40625
12624.873046875
12395.3623046875
12185.4638671875
11980.7470703125
11786.5703125
11607.6728515625
11431.947265625
11269.8916015625
11110.455078125
10957.8271484375
10824.8095703125
10688.8544921875
10564.84375
10437.1435546875
10315.568359375
10193.2744140625
10075.4345703125
9965.5419921875
9856.2705078125
9754.6142578125
9653.25390625
9555.3203125
9469.5283203125
9377.6943359375
9291.6328125
9205.541015625
9124.6435546875
9043.70703125
8965.3779296875
8892.3486328125
8819.3115234375
8750.431640625
8679.9150390625
8611.3720703125
8551.3525390625
8486.345703125
8425.2431640625
8364.921875
8308.6572265625
8251.7421875
8196.1494140625
8143.93212890625
8090.642578125
8038.93310546875
7986.869140625
7936.21337890625
7891.72705078125
7843.71728515625
7798.5263671875
7752.8369140625
7709.46533203125
7665.173828125
7621.390625
7579.31396484375
7536.1298828125
7494.76806640625
7451.97119140625
