20000.0
20000.0
20000.0
20000.0
20000.0
20000.0
20000.0
20000.0
20000.0
20000.0
20000.0
20000.0
20000.0
20000.0
20000.0
20000.0
20000.0
20000.0
20000.0
20000.0
20000.0
20000.0
20000.0
20000.0
20000.0
20000.0
20000.0
20000.0
20000.0
20000.0
20000.0
19998.94921875
20000.0
20000.0
20000.0
20000.0
19999.962890625
20000.0
20000.0
19999.984375
20000.0
19999.9921875
20000.001953125
20000.0
20000.0
20000.001953125
20000.0
20000.0
20000.0
20000.0
20000.0
20000.0
20000.0
20000.0
20000.0
20000.0
20000.0
20000.0
20000.0
20000.0
20000.0
20000.0
20000.001953125
20000.0
20000.0
20000.0
20000.0
20000.0
20000.0
20000.0
20000.0
20000.0
19414.701171875
18363.341796875
17339.673828125
16419.830078125
15597.560546875
14891.205078125
14320.3330078125
13775.259765625
13248.2373046875
12714.4208984375
12221.7314453125
11732.779296875
11259.7783203125
10821.6298828125
10354.1806640625
9922.0205078125
9513.306640625
9140.4716796875
8833.49609375
8532.1572265625
8263.7626953125
8006.80078125
7782.81494140625
7574.2392578125
7372.6943359375
7160.89892578125
6957.77099609375
6777.3251953125
6609.27001953125
6457.0224609375
6330.78662109375
6201.60888671875
6086.712890625
5972.71484375
5867.96826171875
5766.14794921875
5672.35888671875
5585.2978515625
5498.50146484375
5417.35791015625
5337.583984375
5261.48583984375
5195.3583984375
5124.94873046875
5059.2978515625
4993.861328125
4932.68505859375
4871.53515625
4812.3310546875
4756.71875
4700.87939453125
4648.2431640625
4595.3134765625
