20000.0
20000.0
20000.0
20000.0
19999.998046875
20000.0
20000.0
20000.0
20000.0
20000.0
20000.0
20000.0
20000.0
20000.0
20000.0
20000.0
20000.0
20000.0
20000.0
20000.0
20000.0
20000.0
20000.0
20000.0
20000.0
20000.0
20000.0
20000.0
20000.0
20000.0
20000.0
20000.0
20000.0
20000.0
20000.0
20000.0
20000.0
19999.998046875
20000.0
19999.998046875
20000.0
20000.0
20000.0
20000.0
20000.001953125
20000.0
20000.0
19999.99609375
20000.0
20000.0
20000.0
20000.0
20000.0
20000.0
20000.0
19999.89453125
20000.0
20000.0
20000.0
20000.0
20000.0
20000.0
20000.0
20000.0
20000.0
20000.0
20000.0
20000.0
20000.0
20000.0
20000.0
20000.0
20000.0
20000.0
19363.09375
18550.46875
17719.34765625
16935.576171875
16056.1083984375
15339.1708984375
14799.6689453125
14241.8642578125
13731.751953125
13221.9189453125
12718.0673828125
12198.1025390625
11706.845703125
11271.86328125
10862.701171875
10494.0419921875
10135.3994140625
9804.6064453125
9525.1884765625
9232.4033203125
8958.6142578125
8686.130859375
8433.638671875
8184.7109375
7958.78857421875
7738.07373046875
7508.71826171875
7293.17529296875
7078.984375
6869.59814453125
6689.3095703125
6496.732421875
6313.8701171875
6130.74609375
5958.78515625
5792.302734375
5656.62158203125
5525.24951171875
5392.76123046875
5267.82568359375
5142.42041015625
5021.65234375
4916.23095703125
4804.08349609375
4699.97802734375
4596.740234375
4499.4443359375
4405.9384765625
4319.0712890625
4240.9150390625
4162.99267578125
4088.69921875
4012.7216796875
