20000.0
20000.0
20000.0
20000.0
20000.0
20000.0
20000.0
20000.0
20000.0
20000.0
20000.0
20000.0
20000.0
20000.0
20000.0
20000.0
20000.0
20000.0
20000.0
20000.0
20000.0
20000.0
20000.0
20000.0
20000.0
20000.0
20000.0
20000.0
20000.0
20000.0
20000.0
20000.0
20000.0
20000.0
20000.0
20000.0
20000.0
19999.998046875
19999.958984375
19999.982421875
20000.0
20000.0
20000.0
19999.990234375
20000.0
20000.0
20000.0
20000.0
20000.0
20000.0
20000.0
20000.0
20000.0
20000.0
20000.0
20000.0
20000.0
20000.0
20000.0
20000.0
20000.0
20000.0
20000.0
20000.0
20000.0
20000.0
20000.0
20000.0
19999.99609375
20000.0
20000.001953125
20000.0
20000.0
20000.001953125
20000.0
20000.0
20000.0
20000.0
20000.0
19999.998046875
20000.0
20000.0
20000.0
20000.0
20000.0
20000.0
20000.0
20000.0
19247.4140625
18455.84375
17626.212890625
16894.736328125
16223.3876953125
15641.5400390625
15035.2021484375
14485.56640625
13996.3662109375
13520.32421875
13082.7490234375
12649.1728515625
12234.61328125
11884.9873046875
11503.103515625
11137.8447265625
10770.5869140625
10428.892578125
10089.8974609375
9766.2490234375
9467.7099609375
9174.3642578125
8902.9072265625
8637.9677734375
8386.638671875
8170.181640625
7941.98681640625
7733.32763671875
7543.4541015625
7367.5380859375
7191.15673828125
7019.99365234375
6860.26708984375
6702.66552734375
6556.8046875
6412.5693359375
