20000.0
20000.0
20000.0
20000.0
20000.0
20000.0
20000.0
20000.0
20000.0
20000.0
20000.0
20000.0
20000.0
20000.0
20000.0
20000.0
20000.0
20000.0
20000.0
20000.0
20000.0
20000.0
20000.0
20000.0
20000.0
20000.0
20000.0
20000.0
20000.0
20000.0
20000.0
20000.0
20000.0
20000.0
20000.0
20000.0
20000.0
19998.396484375
20000.0
20000.0
20000.0
19999.998046875
20000.0
20000.0
20000.0
20000.0
19999.998046875
20000.0
20000.0
20000.0
20000.0
20000.0
19999.998046875
20000.0
20000.0
20000.0
20000.0
20000.0
20000.0
20000.0
20000.0
19999.99609375
20000.0
20000.0
20000.0
20000.0
20000.0
20000.0
20000.0
20000.0
19999.994140625
20000.0
20000.0
19581.392578125
18724.78125
17808.484375
16875.400390625
16026.29296875
15226.4580078125
14544.181640625
13861.748046875
13288.4111328125
12738.3798828125
12251.53125
11778.3505859375
11321.5859375
10887.1484375
10480.6640625
10122.1513671875
9773.912109375
9445.1298828125
9166.59765625
8880.703125
8625.5078125
8398.9541015625
8198.1455078125
8001.76904296875
7798.865234375
7610.26123046875
7432.97509765625
7276.56591796875
7127.75341796875
6989.5732421875
6871.3779296875
6743.21435546875
6619.5234375
6490.52392578125
6370.2451171875
6250.70849609375
6135.796875
6028.74462890625
5922.1767578125
5822.68115234375
5723.73046875
5623.1494140625
5525.68017578125
5424.8515625
5330.8486328125
5239.443359375
5153.53662109375
5065.8408203125
4979.1552734375
4896.69384765625
4813.19287109375
4733.5810546875
4652.166015625
