20000.0
20000.0
20000.0
20000.0
20000.0
20000.0
20000.0
20000.0
20000.0
20000.0
20000.0
20000.0
20000.0
20000.0
20000.0
20000.0
20000.0
20000.0
20000.0
20000.0
20000.0
20000.0
20000.0
20000.0
20000.0
20000.0
20000.0
19999.787109375
20000.0
20000.0
20000.0
20000.0
20000.0
20000.0
20000.0
20000.001953125
20000.0
19999.9921875
20000.0
20000.0
20000.0
20000.0
20000.0
20000.0
20000.0
20000.0
20000.0
20000.0
20000.0
20000.0
20000.0
19347.21875
18484.4453125
17775.61328125
17085.640625
16458.21875
15898.1845703125
15431.0810546875
14999.490234375
14606.33984375
14280.5
13987.2861328125
13719.869140625
13447.6396484375
13175.1416015625
12938.43359375
12688.8583984375
12454.65625
12226.947265625
12001.9013671875
11757.75390625
11512.158203125
11278.6455078125
11039.6943359375
10808.2900390625
10572.423828125
10339.6279296875
10132.7822265625
9907.728515625
9693.3994140625
9477.1298828125
9272.697265625
9066.43359375
8863.08203125
8669.9326171875
8473.7939453125
8290.58203125
8108.171875
7932.0009765625
7777.626953125
7611.7294921875
7455.57861328125
7299.46484375
7152.91650390625
6998.14013671875
6842.849609375
6696.58984375
6550.03076171875
6412.2841796875
6274.03515625
6140.05712890625
6027.7685546875
5922.96728515625
5822.76513671875
5719.3798828125
5621.158203125
5521.65185546875
5426.53369140625
5345.203125
5264.11767578125
5191.18994140625
5119.51171875
5050.8271484375
4991.009765625
4927.08203125
4859.09228515625
4781.595703125
4706.95751953125
4632.57568359375
4561.52294921875
4496.49755859375
4432.14892578125
4372.48193359375
4313.427734375
