20000.0
20000.0
20000.0
20000.0
19188.7265625
18766.611328125
18667.236328125
19005.361328125
19476.7578125
19951.857421875
20000.0
19999.994140625
20000.0
20000.0
19999.99609375
19999.998046875
20000.0
20000.0
20000.0
20000.0
20000.0
20000.0
20000.0
20000.0
19930.75
18422.302734375
17297.537109375
16469.833984375
15759.9150390625
15136.845703125
14597.00390625
14059.8818359375
13606.005859375
13210.490234375
12883.978515625
12600.8544921875
12350.84375
12127.3720703125
11912.3544921875
11717.9091796875
11528.140625
11361.4345703125
11236.44140625
11109.0244140625
10988.4765625
10862.869140625
10747.2021484375
10634.2578125
10526.1884765625
10413.4755859375
10296.0595703125
10183.806640625
10070.935546875
9970.544921875
9880.6787109375
9782.21484375
9689.5849609375
9597.14453125
9510.9638671875
9425.4921875
9343.3466796875
9266.7158203125
9190.078125
9118.044921875
9045.216796875
8981.1884765625
8927.66796875
8871.1005859375
8817.1767578125
8761.26171875
8706.84765625
8651.640625
8597.9140625
8547.5380859375
8497.1201171875
8449.4296875
8401.20703125
8353.935546875
8312.03515625
8266.6259765625
8223.57421875
8180.01416015625
8138.765625
8097.04296875
8056.1181640625
8017.37939453125
7978.21875
7941.16064453125
7903.7861328125
7867.3505859375
7835.14111328125
7800.2734375
7767.2392578125
7733.927734375
7702.375
7670.44189453125
7638.9619140625
7608.62939453125
7577.466796875
7547.70361328125
7517.544921875
7488.33935546875
7462.4658203125
7434.3330078125
7407.7685546875
7380.83740234375
7355.34521484375
7329.63916015625
7304.521484375
7280.82666015625
7256.8671875
7234.056640625
7208.89599609375
7180.6142578125
7155.62109375
7128.06787109375
7101.77880859375
7075.1533203125
7049.80810546875
7024.216796875
6999.12109375
6975.2412109375
6950.94091796875
6927.71875
6904.037109375
