20000.0
20000.0
20000.0
20000.0
19727.81640625
19257.50390625
19071.412109375
19232.71484375
19600.798828125
20000.0
20000.0
19999.998046875
20000.0
20000.0
20000.0
20000.0
20000.0
20000.0
20000.0
20000.0
20000.0
20000.0
20000.0
20000.0
20000.0
20000.0
20000.0
20000.0
19999.984375
20000.0
20000.0
20000.0
18956.9140625
18389.419921875
18012.30859375
17674.681640625
17337.46875
17029.41796875
16694.59765625
16397.8125
16124.1748046875
15874.90234375
15656.15234375
15434.619140625
15241.4619140625
15061.89453125
14898.6884765625
14743.296875
14597.880859375
14460.94140625
14309.505859375
14173.5517578125
14025.1689453125
13877.2197265625
13749.8720703125
13616.8857421875
13494.75390625
13374.4248046875
13262.6025390625
13151.390625
13042.29296875
12938.8046875
12832.552734375
12729.470703125
12623.3662109375
12518.052734375
12423.7880859375
12320.6328125
12220.80859375
12117.7529296875
12015.4619140625
11907.0166015625
11798.216796875
11693.6533203125
11579.564453125
11465.6171875
11352.1591796875
11244.01953125
11149.9560546875
11050.7822265625
10961.220703125
10872.9541015625
10789.42578125
10703.11328125
10615.814453125
10530.2265625
10444.412109375
10368.71484375
10297.0712890625
10228.576171875
10169.3046875
10107.03515625
10049.2646484375
9991.28515625
9936.3310546875
9877.578125
9814.921875
9753.5888671875
9690.01953125
9627.6748046875
9562.4541015625
9481.5869140625
9389.4013671875
9290.841796875
9202.171875
9118.6669921875
9044.3203125
8977.2763671875
8921.8056640625
8868.2119140625
8811.9091796875
8756.7607421875
8699.96875
8644.2392578125
8594.7763671875
8542.2666015625
8492.2919921875
8440.4931640625
8390.6875
8339.7392578125
8289.23828125
8240.7939453125
8191.283203125
8143.5947265625
8094.38330078125
