20000.0
20000.0
20000.0
20000.0
20000.0
20000.0
20000.0
20000.0
20000.0
20000.0
20000.0
20000.0
20000.0
20000.0
20000.0
20000.0
20000.0
20000.0
20000.0
20000.0
20000.0
20000.0
20000.0
20000.0
20000.0
20000.0
20000.0
20000.0
20000.0
20000.0
20000.0
20000.0
20000.0
20000.0
19999.966796875
20000.0
20000.0
20000.0
20000.0
20000.0
20000.0
20000.0
20000.0
20000.0
20000.0
20000.0
20000.0
20000.0
20000.0
20000.0
20000.0
20000.0
20000.0
20000.0
20000.0
20000.0
20000.0
20000.0
20000.0
20000.0
20000.0
20000.0
20000.0
20000.0
20000.0
20000.0
20000.0
20000.0
20000.0
20000.0
20000.0
20000.0
20000.0
20000.0
20000.0
20000.0
20000.0
20000.0
20000.0
20000.0
20000.0
20000.0
20000.0
20000.0
20000.0
20000.0
20000.0
20000.0
19999.99609375
19969.814453125
19123.212890625
18196.21484375
17325.19140625
16457.498046875
15682.9873046875
14952.2353515625
14266.0791015625
13636.515625
13005.265625
12423.3623046875
11858.8115234375
11318.46875
10852.3076171875
10365.7626953125
9913.583984375
9478.5478515625
9083.083984375
8696.8671875
8329.6552734375
7990.50341796875
7657.40673828125
7352.287109375
7056.13134765625
6794.541015625
6570.56689453125
6351.4580078125
6160.23828125
5968.77880859375
5787.6904296875
5605.43701171875
5428.19384765625
5261.349609375
5096.744140625
4947.005859375
4801.87060546875
