20000.0
20000.0
20000.0
20000.0
20000.0
20000.0
20000.0
20000.0
20000.0
20000.0
20000.0
20000.0
20000.0
20000.0
20000.0
20000.0
20000.0
20000.0
20000.0
20000.0
20000.00390625
20000.001953125
19999.775390625
20000.0
20000.0
19999.990234375
20000.0
20000.0
20000.0
20000.001953125
20000.0
20000.0
20000.0
20000.0
20000.0
19999.998046875
20000.0
20000.0
19999.98046875
20000.0
20000.0
20000.0
20000.0
19999.853515625
20000.0
20000.0
18749.29296875
17404.84375
16194.15625
15244.294921875
14463.623046875
13718.8095703125
13020.501953125
12422.2001953125
11791.0859375
11212.189453125
10629.623046875
10143.927734375
9659.9619140625
9198.169921875
8776.75390625
8346.2509765625
7939.87109375
7551.0244140625
7189.21875
6901.03369140625
6607.03564453125
6338.3583984375
6087.14697265625
5877.16943359375
5687.64208984375
5514.3173828125
5346.72900390625
5165.1826171875
5003.64599609375
4849.57421875
4708.39013671875
4590.6357421875
4471.2666015625
4369.32275390625
4273.9130859375
4188.90185546875
4108.35888671875
4031.0458984375
3960.47314453125
3893.09814453125
3833.02685546875
3775.57275390625
3722.076904296875
3676.551025390625
3629.39453125
3586.56591796875
3545.17236328125
3507.68408203125
3471.48193359375
3437.6875
3407.087646484375
3377.5400390625
3350.752197265625
3324.8984375
3300.50634765625
3279.503173828125
3257.455322265625
3237.26171875
3217.46875
3199.329345703125
3181.5419921875
3164.682373046875
3149.09326171875
3133.709716796875
3119.463623046875
3105.283935546875
3091.64013671875
3079.70068359375
3066.89208984375
3054.788330078125
3042.8525390625
3031.83203125
3020.688232421875
3009.671875
2999.101318359375
2988.245849609375
2977.8056640625
2967.07568359375
