20000.0
20000.0
20000.0
20000.0
20000.0
20000.0
20000.0
20000.0
20000.0
20000.0
20000.0
20000.0
20000.0
20000.0
20000.0
20000.0
20000.0
20000.0
20000.0
20000.0
20000.0
20000.0
20000.0
20000.0
20000.0
20000.0
19999.998046875
19999.994140625
20000.0
20000.0
20000.0
20000.0
20000.0
20000.0
20000.0
20000.0
20000.0
20000.0
20000.0
20000.0
20000.0
20000.0
20000.0
20000.0
20000.0
19999.998046875
20000.0
19999.984375
20000.0
20000.0
19999.998046875
19999.986328125
20000.0
19999.890625
20000.0
20000.0
20000.0
20000.0
19735.232421875
18711.82421875
17794.166015625
16946.267578125
16119.095703125
15395.6591796875
14681.8720703125
13969.0166015625
13354.830078125
12714.611328125
12101.2666015625
11499.5869140625
10968.376953125
10470.9013671875
10028.2431640625
9631.78515625
9183.7919921875
8810.0048828125
8470.484375
8160.02685546875
7905.318359375
7654.50146484375
7433.97412109375
7225.22998046875
7042.6337890625
6871.00048828125
6713.09033203125
6569.25927734375
6428.3935546875
6298.40966796875
6171.40966796875
6051.59130859375
5948.9619140625
5841.62646484375
5743.2939453125
5649.67822265625
5568.09716796875
5487.2412109375
5409.33837890625
5336.66650390625
5265.5390625
5200.91357421875
5137.541015625
5075.4375
5018.17431640625
4955.2861328125
4894.6416015625
4832.48681640625
4773.54638671875
4714.15673828125
4655.97509765625
4601.54443359375
4547.34130859375
4495.6162109375
4442.6845703125
4390.65478515625
4344.46435546875
4294.23681640625
4246.5166015625
4198.18896484375
4152.09716796875
4105.26171875
4059.354248046875
4015.59716796875
3971.074951171875
3928.52685546875
3885.2333984375
