20000.0
20000.0
20000.0
20000.0
20000.0
20000.0
20000.0
20000.0
20000.0
20000.0
20000.0
20000.0
20000.0
20000.0
20000.0
20000.0
20000.0
20000.0
20000.0
19999.75390625
20000.0
20000.0
20000.0
20000.001953125
20000.001953125
20000.0
19999.9921875
20000.0
20000.0
20000.0
20000.0
19353.23828125
18691.546875
18095.478515625
17579.41796875
17081.142578125
16625.333984375
16217.1767578125
15819.998046875
15460.6123046875
15115.294921875
14787.705078125
14506.3955078125
14213.74609375
13949.505859375
13688.4638671875
13446.1318359375
13209.0615234375
12983.40625
12774.9033203125
12568.478515625
12391.0703125
12217.5107421875
12049.0771484375
11901.5859375
11744.630859375
11603.3955078125
11475.5966796875
11363.2412109375
11255.5244140625
11154.412109375
11055.8828125
10953.6416015625
10858.76171875
10766.537109375
10680.427734375
10607.107421875
10527.5908203125
10450.4521484375
10378.5751953125
10318.54296875
10256.865234375
10187.650390625
10132.376953125
10082.6171875
10040.3037109375
10001.103515625
9954.9736328125
9915.4375
9875.6767578125
9819.6748046875
9761.751953125
9703.7490234375
9623.4462890625
9527.904296875
9430.8076171875
9323.4765625
9212.904296875
9085.86328125
8953.958984375
8831.42578125
8699.4638671875
8579.271484375
8461.4814453125
8352.974609375
8247.279296875
8147.29443359375
8054.6982421875
7959.3212890625
7866.078125
7770.60302734375
7678.158203125
7596.0947265625
7505.08349609375
7415.55859375
7321.9921875
7232.75390625
7142.99072265625
7054.86572265625
6971.15576171875
6885.99169921875
6804.94189453125
6721.859375
6638.7451171875
6563.630859375
6476.94921875
6391.07861328125
6306.00927734375
6228.7275390625
6153.07763671875
6080.81103515625
6013.392578125
5946.0625
5887.9423828125
5831.873046875
