20000.0
20000.0
20000.0
20000.0
20000.0
20000.0
20000.0
20000.0
20000.0
20000.0
20000.0
20000.0
20000.0
20000.0
20000.0
20000.0
20000.0
20000.0
20000.0
20000.0
20000.0
20000.0
20000.0
20000.0
20000.0
20000.0
20000.0
20000.0
20000.0
20000.0
20000.0
19998.068359375
20000.0
20000.0
20000.0
20000.0
19999.99609375
19999.990234375
19999.970703125
20000.0
19999.93359375
20000.0
20000.0
20000.0
20000.0
20000.0
19999.95703125
20000.0
19999.998046875
19999.986328125
20000.0
20000.0
20000.0
19999.99609375
20000.0
20000.0
20000.0
19999.884765625
20000.0
20000.0
20000.0
20000.0
20000.0
20000.0
20000.0
19537.08203125
18856.67578125
18229.296875
17561.265625
16968.369140625
16436.150390625
15922.728515625
15387.8994140625
14857.05859375
14365.65234375
13898.9716796875
13497.3544921875
13165.78515625
12809.0283203125
12480.9169921875
12169.6318359375
11883.685546875
11607.7724609375
11346.27734375
11106.5244140625
10868.5615234375
10643.005859375
10414.3125
10181.794921875
9976.1552734375
9755.2861328125
9547.009765625
9336.970703125
9136.3154296875
8930.513671875
8726.6240234375
8532.7822265625
8345.0439453125
8185.779296875
8019.92822265625
7852.3828125
7696.841796875
7526.99853515625
7363.8525390625
7199.89404296875
7046.80224609375
6893.85107421875
6750.703125
6615.193359375
6473.0302734375
6339.6875
6208.30712890625
6082.86669921875
5974.25927734375
5858.42626953125
5749.36962890625
5640.12255859375
5537.43017578125
5440.48974609375
5344.63134765625
5252.34033203125
5154.875
5062.5126953125
4970.23388671875
