20000.0
20000.0
20000.0
20000.0
20000.0
20000.0
20000.0
20000.0
20000.0
20000.0
20000.0
20000.0
20000.0
20000.0
20000.0
20000.0
20000.0
20000.0
20000.0
20000.0
20000.0
20000.0
20000.0
20000.0
20000.0
19999.99609375
20000.00390625
19999.654296875
20000.0
20000.0
20000.0
20000.0
20000.0
20000.0
20000.0
19999.970703125
20000.0
20000.0
20000.0
19999.998046875
20000.0
20000.0
20000.0
19741.994140625
19073.705078125
18304.69140625
17710.91015625
17203.212890625
16730.556640625
16333.0615234375
15982.3408203125
15674.5146484375
15315.443359375
14958.23046875
14562.1533203125
14203.33203125
13899.4306640625
13584.49609375
13285.24609375
12994.9111328125
12685.318359375
12421.013671875
12175.09765625
11954.1640625
11769.30859375
11574.32421875
11391.5263671875
11211.8623046875
11048.76953125
10889.3984375
10737.94140625
10598.169921875
10458.51953125
10325.921875
10191.734375
10060.916015625
9946.578125
9821.880859375
9702.4794921875
9587.5849609375
9477.900390625
9359.80078125
9238.4990234375
9119.810546875
8997.07421875
8877.919921875
8749.5126953125
8625.2001953125
8518.3701171875
8406.28125
8303.267578125
8202.0263671875
8107.5771484375
8011.73291015625
7917.68603515625
7828.88623046875
7737.34033203125
7649.3671875
7559.66162109375
7471.8544921875
7394.24267578125
7310.5625
7231.93408203125
7153.07666015625
7081.701171875
7011.1298828125
6942.2099609375
6877.01953125
6812.02001953125
6751.0400390625
6690.60986328125
6632.7021484375
6582.50439453125
6529.75244140625
6480.08349609375
6430.08837890625
6382.7373046875
6335.05322265625
6288.74560546875
6245.36328125
6201.7255859375
6160.59423828125
6119.3125
