20000.0
20000.0
19330.271484375
18902.802734375
18430.185546875
18484.724609375
18925.66015625
19423.419921875
19931.603515625
20000.0
20000.0
20000.0
20000.0
20000.0
20000.0
20000.0
20000.0
20000.0
20000.0
20000.0
20000.0
20000.0
20000.0
20000.0
20000.0
20000.0
20000.0
20000.0
20000.0
20000.0
19999.998046875
19999.994140625
19998.94140625
20000.0
19079.798828125
18336.041015625
17729.203125
17212.55078125
16767.27734375
16393.5859375
16081.4873046875
15822.130859375
15557.794921875
15321.697265625
15108.1953125
14927.271484375
14750.783203125
14577.904296875
14415.19921875
14252.564453125
14105.2412109375
13953.4248046875
13806.5859375
13680.259765625
13551.5615234375
13435.263671875
13322.2119140625
13218.078125
13113.3740234375
13013.6689453125
12922.9189453125
12831.185546875
12734.486328125
12626.517578125
12520.421875
12426.5322265625
12326.3466796875
12234.6494140625
12135.1650390625
11937.7177734375
11700.037109375
11454.4482421875
11223.3095703125
11000.146484375
10802.5986328125
10618.498046875
10444.794921875
10287.3701171875
10078.7919921875
9879.919921875
9683.9169921875
9509.3134765625
9345.4599609375
9193.55078125
9054.3642578125
8941.744140625
8838.19921875
8728.568359375
8618.603515625
8526.279296875
8428.806640625
8332.4619140625
8232.9736328125
8137.29638671875
8038.234375
7941.83544921875
7851.341796875
7759.77685546875
7672.14892578125
7582.23681640625
7493.37548828125
7413.19677734375
7324.07470703125
7238.845703125
7152.333984375
7070.205078125
6987.2392578125
6906.14013671875
6829.0751953125
6750.46533203125
6675.35595703125
6598.998046875
6524.021484375
6457.37548828125
6385.49072265625
6318.185546875
6249.96044921875
6184.94580078125
6118.861328125
6054.033203125
5992.60693359375
5930.29052734375
5871.0166015625
5810.8798828125
