20000.0
19890.666015625
19305.974609375
18627.353515625
18272.328125
18368.69921875
18955.44140625
19284.94921875
19811.712890625
20000.0
20000.0
20000.0
20000.0
20000.0
20000.0
20000.0
20000.001953125
19815.140625
17359.08203125
15785.9326171875
14688.0400390625
13955.4833984375
13504.5693359375
13039.4892578125
12577.9150390625
12142.1533203125
11781.748046875
11486.0234375
11216.8115234375
10975.26953125
10747.6123046875
10524.4150390625
10327.912109375
10124.6103515625
9942.2001953125
9762.4130859375
9577.755859375
9390.62109375
9213.1787109375
9052.0146484375
8892.6591796875
8745.634765625
8609.3037109375
8505.1728515625
8414.048828125
8313.791015625
8218.7919921875
8121.70947265625
8027.93603515625
7930.15087890625
7831.02294921875
7735.6748046875
7640.19140625
7546.5654296875
7455.58203125
7366.900390625
7288.6748046875
7199.46533203125
7112.7861328125
7022.455078125
6933.0390625
6840.25537109375
6748.388671875
6662.791015625
6578.6298828125
6500.21826171875
6422.52490234375
6343.8564453125
6273.5361328125
6198.00732421875
6126.3603515625
6052.73291015625
5982.345703125
5911.232421875
5842.30517578125
5776.36279296875
5699.2724609375
5621.90869140625
5546.36865234375
5477.97607421875
5423.52685546875
5365.9580078125
5312.21240234375
5258.80126953125
5209.08984375
5158.9970703125
5105.77294921875
5056.85205078125
5010.216796875
4969.76318359375
4929.30029296875
4888.888671875
4852.54541015625
4805.982421875
4760.0859375
4736.783203125
4714.17041015625
4672.9208984375
4632.70947265625
4594.58203125
4559.43701171875
4524.7919921875
4492.98828125
4461.17626953125
4429.875
4401.82373046875
4371.291015625
4341.92431640625
4311.30517578125
4296.24267578125
4281.107421875
4250.34375
4220.12451171875
4191.541015625
4162.203125
4133.8203125
4104.24951171875
4074.477294921875
4047.529296875
4017.77392578125
3989.511474609375
3960.39794921875
3933.123779296875
3905.712158203125
3878.688232421875
3852.881103515625
3826.725830078125
3803.935546875
3780.871826171875
