20000.0
20000.0
20000.0
20000.0
19418.447265625
18656.603515625
18567.970703125
18826.607421875
19211.126953125
19590.84375
19862.955078125
20000.0
19999.998046875
20000.0
20000.0
20000.0
20000.0
20000.0
20000.0
20000.0
19999.99609375
20000.0
20000.0
20000.0
20000.0
20000.0
20000.0
19999.97265625
20000.0
20000.0
20000.0
19999.888671875
20000.0
20000.0
19999.783203125
20000.0
19999.998046875
20000.0
20000.0
19594.55859375
19182.83203125
18837.125
18491.09765625
18168.2109375
17834.654296875
17526.134765625
17240.595703125
16996.91796875
16779.357421875
16550.404296875
16331.322265625
16110.091796875
15892.5380859375
15689.0751953125
15463.2080078125
15246.755859375
15029.005859375
14825.2607421875
14623.1396484375
14420.6962890625
14227.39453125
14037.03515625
13863.595703125
13694.8447265625
13532.94921875
13388.7021484375
13238.87890625
13101.4765625
12961.025390625
12822.3388671875
12674.2451171875
12533.921875
12403.7509765625
12270.9736328125
12143.73828125
12014.650390625
11888.603515625
11777.0439453125
11654.61328125
11536.5693359375
11415.3935546875
11299.5537109375
11181.7216796875
11065.7529296875
10954.388671875
10840.4775390625
10729.978515625
10610.9248046875
10490.1982421875
10384.5859375
10272.3515625
10166.4619140625
10066.576171875
9973.01953125
9875.8037109375
9778.52734375
9685.1494140625
9590.46875
9501.1298828125
9411.3046875
9324.21875
9247.7392578125
9168.8671875
9107.287109375
9045.564453125
8985.4306640625
8922.6513671875
8861.4833984375
8803.8017578125
8745.5576171875
8690.0419921875
8633.2421875
8576.8642578125
8526.498046875
8471.515625
8419.080078125
8366.0
8315.6875
8263.703125
8211.2275390625
8159.85498046875
8106.22412109375
8054.03955078125
8000.353515625
