20000.0
20000.0
20000.0
20000.0
20000.0
20000.0
20000.0
20000.0
20000.0
20000.0
20000.0
20000.0
20000.0
20000.0
20000.0
20000.0
20000.0
20000.0
20000.0
20000.0
20000.0
20000.0
20000.0
20000.0
20000.0
20000.0
20000.0
20000.0
20000.0
20000.0
20000.0
19993.19140625
20000.0
20000.001953125
20000.0
20000.0
20000.0
20000.0
20000.0
20000.0
20000.005859375
20000.001953125
20000.0
20000.0
20000.0
20000.0
19999.998046875
20000.0
20000.0
20000.0
20000.0
19999.990234375
20000.0
20000.0
20000.0
20000.0
19999.998046875
19999.998046875
20000.0
20000.0
20000.0
19999.908203125
20000.0
19999.99609375
20000.0
20000.0
19999.998046875
20000.0
19999.962890625
19999.998046875
20000.0
20000.0
20000.0
20000.0
20000.0
20000.0
20000.0
19572.822265625
18987.6953125
18414.1796875
17807.0390625
17235.451171875
16682.810546875
16126.84765625
15611.107421875
15098.5146484375
14621.84765625
14166.4384765625
13764.2978515625
13385.298828125
12970.349609375
12582.36328125
12196.9453125
11831.0771484375
11461.306640625
11110.0126953125
10786.2236328125
10459.60546875
10153.3173828125
9852.1435546875
9565.9267578125
9319.1875
9055.2412109375
8804.94921875
8545.8671875
8294.38671875
8045.27392578125
7805.904296875
7591.61083984375
7388.4716796875
7205.9013671875
7029.134765625
6866.806640625
6731.84912109375
6592.57666015625
6466.63232421875
6342.43798828125
6225.81005859375
6115.22900390625
6007.763671875
5908.1708984375
5812.2236328125
5725.04052734375
5641.7802734375
