19361.123046875
18158.34375
17314.533203125
16834.615234375
16793.013671875
17454.494140625
18274.91796875
19003.271484375
19666.638671875
20000.0
20000.0
20000.0
20000.0
20000.0
20000.0
20000.0
18735.091796875
16658.86328125
15518.361328125
14571.8271484375
13819.947265625
13277.9755859375
12833.326171875
12452.947265625
12118.330078125
11815.53125
11552.173828125
11304.30859375
11079.919921875
10895.7109375
10687.66796875
10483.361328125
10276.314453125
10081.9072265625
9893.4169921875
9718.9765625
9554.0107421875
9378.1142578125
9205.30859375
9025.0888671875
8841.8955078125
8680.75390625
8512.935546875
8356.7626953125
8234.53125
8125.62646484375
8014.25927734375
7902.7890625
7799.76806640625
7686.783203125
7576.125
7467.11181640625
7360.17138671875
7264.93896484375
7161.59326171875
7063.4658203125
6964.0263671875
6869.4638671875
6773.2958984375
6678.306640625
6587.525390625
6494.88671875
6405.9287109375
6314.74072265625
6224.30078125
6143.49462890625
6052.98876953125
5962.81640625
5873.79052734375
5791.73388671875
5710.72802734375
5631.15625
5556.41162109375
5482.3203125
5413.6162109375
5344.6806640625
5277.01611328125
5216.9765625
5152.42578125
5091.45361328125
5030.0087890625
4972.2041015625
4914.4013671875
4858.47314453125
4806.0546875
4752.7958984375
4701.78515625
4649.7265625
4598.666015625
4553.5322265625
4504.70263671875
4458.49169921875
4411.7919921875
4367.65576171875
4323.669921875
4280.83203125
4240.1552734375
4198.91796875
4159.82470703125
4120.08447265625
4081.118408203125
4046.49609375
4008.8193359375
3972.983154296875
3936.66015625
3902.217529296875
3867.348388671875
3833.210693359375
3800.939208984375
3768.44384765625
3740.1787109375
3713.235595703125
3686.773193359375
3661.858154296875
3632.987060546875
3605.79296875
3577.71630859375
3550.8017578125
3523.736328125
3497.36376953125
3472.654052734375
3448.197998046875
3425.196044921875
3401.647216796875
