20000.0
20000.0
20000.0
20000.0
20000.0
20000.0
20000.0
20000.0
20000.0
20000.0
20000.0
20000.0
20000.0
20000.0
20000.0
20000.0
20000.0
20000.0
20000.0
20000.0
20000.0
20000.0
20000.0
20000.0
20000.0
20000.0
20000.0
20000.0
20000.0
20000.0
20000.0
19999.830078125
20000.0
19999.994140625
20000.0
20000.0
20000.0
20000.0
20000.0078125
20000.0
20000.0
20000.0
20000.0
20000.0
20000.0
20000.0
20000.0
20000.0
20000.0
20000.0
20000.0
20000.0
20000.0
20000.0
20000.0
20000.001953125
20000.0
20000.0
20000.0
20000.0
19998.796875
20000.0
20000.0
19508.515625
18708.046875
17955.92578125
17295.34765625
16501.337890625
15810.984375
15237.26953125
14774.404296875
14354.1845703125
13968.845703125
13579.5361328125
13176.5283203125
12830.5087890625
12475.787109375
12119.638671875
11816.3759765625
11499.9892578125
11217.6240234375
10942.7734375
10687.7734375
10440.6494140625
10211.98828125
10008.4833984375
9813.712890625
9639.244140625
9475.2265625
9312.14453125
9167.7412109375
9011.7783203125
8864.546875
8715.1787109375
8572.447265625
8426.462890625
8284.8349609375
8149.82177734375
8010.48779296875
7877.080078125
7743.279296875
7612.134765625
7495.3466796875
7369.3369140625
7250.49853515625
7130.783203125
7017.11279296875
6903.85498046875
6793.24365234375
6688.31396484375
6581.8251953125
6481.07373046875
6379.2294921875
6280.02392578125
6191.25390625
6093.77490234375
6000.9482421875
5907.06494140625
5818.58056640625
5729.7939453125
5643.56787109375
5562.57568359375
5481.3447265625
5404.9052734375
5326.8935546875
