17774.205078125
16853.166015625
15948.6015625
15462.9638671875
15244.771484375
15076.021484375
15032.4658203125
15244.85546875
15560.9169921875
15926.671875
16287.0791015625
16651.955078125
17001.078125
17323.033203125
17637.482421875
17925.55859375
18207.119140625
18474.87109375
18704.880859375
18949.216796875
19176.1328125
19403.583984375
19617.92578125
19835.11328125
20000.0
20000.0
20000.0
20000.0
19999.9453125
20000.0
18472.77734375
16755.103515625
15425.7587890625
14501.3291015625
13817.55859375
13272.1806640625
12806.361328125
12393.541015625
11974.1533203125
11604.51953125
11265.43359375
10965.05859375
10718.248046875
10467.6357421875
10243.2314453125
10016.90234375
9812.1826171875
9616.521484375
9441.6484375
9280.849609375
9122.576171875
8977.1767578125
8835.7109375
8702.271484375
8586.388671875
8461.626953125
8341.3681640625
8226.462890625
8124.71728515625
8027.62646484375
7946.27099609375
7883.576171875
7821.95947265625
7765.0849609375
7709.27685546875
7656.1533203125
7609.99462890625
7560.34326171875
7513.5576171875
7466.65771484375
7422.6875
7378.7763671875
7336.3173828125
7296.4580078125
7256.3251953125
7218.205078125
7179.4541015625
7141.31591796875
7107.31787109375
7070.23583984375
7034.9677734375
6999.19580078125
6965.20849609375
6930.701171875
6896.7998046875
6864.51171875
6831.751953125
6800.564453125
6768.8369140625
6737.18701171875
6707.64306640625
6675.248046875
6644.6611328125
6613.8876953125
6585.4404296875
6557.06201171875
6529.08984375
6502.1767578125
6474.49560546875
6447.85595703125
6420.50439453125
6393.3681640625
6369.05908203125
6342.39501953125
6316.82958984375
6290.70947265625
6265.9384765625
6240.79345703125
6216.0849609375
6192.587890625
6168.6337890625
6145.666015625
6122.12841796875
6098.767578125
6077.87060546875
6054.98193359375
6033.009765625
6010.52490234375
5988.9462890625
5966.54443359375
5944.04931640625
5922.45849609375
5900.33984375
5879.2177734375
5857.70556640625
