20000.0
20000.0
20000.0
20000.0
20000.0
20000.0
20000.0
20000.0
20000.0
20000.0
20000.0
20000.0
20000.0
20000.0
20000.0
20000.0
20000.0
20000.0
20000.0
20000.0
20000.0
20000.0
20000.0
20000.0
20000.0
20000.0
20000.0
20000.0
20000.0
20000.0
20000.0
20000.0
20000.0
20000.0
20000.0
20000.0
20000.0
20000.0
20000.0
20000.0
20000.0
20000.0
19999.54296875
20000.0
19999.955078125
20000.0
20000.0078125
20000.0
20000.00390625
20000.0
20000.00390625
20000.001953125
19999.986328125
20000.001953125
20000.0
19999.998046875
20000.0
20000.0
20000.0
20000.0
20000.0
20000.0
20000.0
20000.0
20000.0
20000.0
20000.0
20000.0
20000.0
20000.0
20000.0
20000.0
19999.998046875
20000.0
20000.0
19974.142578125
19737.9375
19533.44140625
19358.291015625
19049.919921875
18728.83203125
18411.43359375
18126.958984375
17857.857421875
17608.861328125
17352.650390625
17049.76953125
16770.96875
16498.400390625
16237.0908203125
16009.4462890625
15765.4755859375
15536.6748046875
15302.9189453125
15078.24609375
14850.091796875
14627.08203125
14416.078125
14199.60546875
13993.705078125
13787.5478515625
13588.9052734375
13415.9287109375
13232.259765625
13061.517578125
12885.9130859375
12725.849609375
12569.29296875
12418.7265625
12277.7392578125
12140.4033203125
12013.26953125
11886.2216796875
11763.107421875
11654.865234375
11537.9970703125
11426.189453125
11311.822265625
11210.109375
11115.7060546875
10994.484375
10889.1357421875
10792.931640625
10706.21484375
10618.3974609375
