20000.0
20000.0
20000.0
20000.0
20000.0
20000.0
20000.0
20000.0
20000.0
20000.0
20000.0
20000.0
20000.0
20000.0
20000.0
20000.0
20000.0
20000.0
19999.916015625
19999.91796875
20000.0
20000.0
19999.99609375
20000.0
20000.0
20000.0
20000.0
19494.9921875
18601.7109375
17887.802734375
17222.958984375
16628.314453125
16052.806640625
15536.857421875
14961.3759765625
14374.3193359375
13917.3544921875
13498.521484375
13129.69921875
12820.646484375
12536.94921875
12292.89453125
11999.35546875
11754.70703125
11510.9453125
11266.7783203125
11047.98046875
10825.4970703125
10625.244140625
10437.240234375
10262.49609375
10082.57421875
9907.638671875
9758.0576171875
9609.3828125
9480.6650390625
9355.8671875
9238.77734375
9119.9326171875
9005.576171875
8900.669921875
8795.013671875
8694.4130859375
8586.8828125
8477.4052734375
8382.3173828125
8281.5693359375
8187.8359375
8093.56787109375
8004.00830078125
7912.14990234375
7820.9609375
7732.70703125
7642.521484375
7557.4267578125
7472.05126953125
7387.80126953125
7311.79345703125
7227.6015625
7147.41162109375
7069.30322265625
6994.98779296875
6918.68896484375
6843.95068359375
6774.7939453125
6706.6796875
6643.37060546875
6579.77783203125
6518.048828125
6463.76318359375
6405.20458984375
6349.95556640625
6299.3837890625
6251.8349609375
6202.248046875
6152.1005859375
6102.7119140625
6052.0966796875
6002.99462890625
5952.6103515625
5902.8935546875
5858.5556640625
5809.939453125
5762.72705078125
5714.76123046875
5669.10888671875
5622.81298828125
5577.36181640625
5534.15185546875
5490.18017578125
5448.06396484375
5405.13037109375
5363.02197265625
5325.6435546875
5285.0029296875
5246.484375
5207.51513671875
5170.994140625
5133.8662109375
5097.66943359375
5059.9306640625
5019.306640625
4979.66748046875
4939.11669921875
