20000.0
20000.0
20000.0
20000.0
20000.0
20000.0
20000.0
20000.0
20000.0
20000.0
20000.0
20000.0
20000.0
20000.0
20000.0
20000.0
20000.0
20000.0
20000.0
20000.0
20000.0
20000.0
20000.0
20000.0
20000.0
20000.0
20000.0
20000.0
20000.0
20000.0
20000.0
20000.0
20000.00390625
20000.0
20000.0
20000.0
19999.919921875
20000.0
20000.0
20000.0
20000.0
19999.955078125
20000.0
20000.0
20000.0
20000.0
20000.0
20000.0
20000.0
20000.0
19999.8984375
20000.0
20000.0
20000.0
20000.0
20000.0
19441.353515625
18763.412109375
18134.59375
17532.49609375
16970.66796875
16478.716796875
15990.294921875
15416.259765625
14988.375
14607.7568359375
14284.6513671875
13948.556640625
13630.6845703125
13282.54296875
12993.4521484375
12727.1005859375
12481.88671875
12255.3017578125
12024.189453125
11794.5927734375
11576.912109375
11369.689453125
11193.19140625
11017.138671875
10864.2373046875
10709.7939453125
10556.4541015625
10392.796875
10227.84375
10073.08203125
9921.2880859375
9782.552734375
9640.6689453125
9499.396484375
9374.59765625
9241.3408203125
9119.814453125
9000.4970703125
8889.609375
8778.65234375
8670.3154296875
8566.7353515625
8460.20703125
8356.9091796875
8250.013671875
8143.0966796875
8047.48046875
7938.4697265625
7827.3095703125
7710.107421875
7597.8388671875
7485.22412109375
7375.74609375
7271.63134765625
7164.19970703125
7058.85205078125
6948.9599609375
6840.21728515625
6744.72216796875
6645.0244140625
6553.2958984375
6461.9404296875
6375.3486328125
6293.53662109375
6211.91552734375
6130.712890625
6049.49609375
5973.72705078125
5896.5
