20000.0
20000.0
20000.0
20000.0
20000.0
20000.0
20000.0
20000.0
20000.0
20000.0
20000.0
20000.0
20000.0
20000.0
20000.0
20000.0
20000.0
20000.0
20000.0
20000.0
20000.0
20000.0
20000.0
20000.0
20000.0
20000.0
19999.58203125
19999.615234375
19999.845703125
19999.99609375
19999.955078125
19999.998046875
20000.0
20000.0
20000.005859375
20000.0
20000.0
20000.0
19999.986328125
20000.0
20000.0
20000.0
20000.0
19999.998046875
20000.0
20000.0
20000.0
20000.0
20000.0
19753.609375
19189.947265625
18414.09765625
17835.75390625
17369.63671875
16888.3828125
16443.908203125
16017.8359375
15651.7939453125
15289.318359375
14959.900390625
14664.0029296875
14349.765625
13971.099609375
13606.3828125
13305.525390625
13060.5595703125
12796.5830078125
12549.328125
12285.041015625
12033.865234375
11801.2744140625
11586.7763671875
11393.697265625
11205.0947265625
11023.4580078125
10837.109375
10656.060546875
10486.634765625
10300.9208984375
10131.8212890625
9965.5986328125
9810.9365234375
9656.4580078125
9505.4931640625
9361.0029296875
9211.255859375
9067.810546875
8925.3466796875
8792.736328125
8673.251953125
8540.3369140625
8412.0517578125
8281.0810546875
8156.66015625
8032.4189453125
7913.076171875
7800.43994140625
7684.35107421875
7571.28759765625
7457.529296875
7348.46630859375
7252.6533203125
7149.0068359375
7066.0
6979.2177734375
6892.0283203125
6801.93408203125
6712.01904296875
6625.65478515625
6538.29248046875
6455.78076171875
6372.443359375
6290.76171875
6218.28662109375
6138.5283203125
6061.66357421875
5984.67333984375
5914.06494140625
5842.59619140625
5771.6865234375
5701.34130859375
5630.4853515625
5564.5126953125
5498.646484375
