20000.0
20000.0
20000.0
20000.0
19999.998046875
20000.0
20000.0
20000.0
20000.0
20000.0
20000.0
20000.0
20000.0
20000.0
20000.0
20000.0
20000.0
20000.0
20000.0
20000.0
20000.0
19999.9921875
20000.0
20000.0
20000.0
20000.0
20000.0
19999.9921875
19999.970703125
20000.0
20000.0
19999.87890625
20000.0
20000.0
20000.0
20000.0
20000.0
19641.486328125
18886.025390625
18229.48828125
17648.810546875
17185.439453125
16734.26171875
16319.498046875
15923.328125
15556.712890625
15209.4501953125
14905.611328125
14644.939453125
14402.21875
14187.3466796875
13976.80078125
13774.8310546875
13599.9970703125
13418.0888671875
13255.0888671875
13098.0458984375
12955.0166015625
12814.556640625
12683.3349609375
12562.255859375
12438.5048828125
12316.3564453125
12192.134765625
12071.1875
11964.7548828125
11850.2783203125
11743.0205078125
11636.583984375
11536.794921875
11436.5126953125
11338.7705078125
11246.23046875
11152.63671875
11063.888671875
10974.607421875
10893.2119140625
10824.533203125
10753.2587890625
10689.17578125
10626.16015625
10567.0439453125
10505.7001953125
10443.5673828125
10384.029296875
10324.4658203125
10268.1767578125
10209.0927734375
10145.6640625
10091.439453125
10033.9765625
9977.603515625
9919.6162109375
9864.5693359375
9808.9453125
9754.845703125
9703.791015625
9651.4130859375
9600.2265625
9548.984375
9499.71875
9456.8134765625
9410.6689453125
9367.1298828125
9323.19921875
9281.615234375
9244.509765625
9209.5107421875
9176.8896484375
9143.3720703125
9111.2490234375
9078.6025390625
9046.5908203125
9018.1826171875
8987.392578125
8958.361328125
8928.9677734375
8901.087890625
8872.837890625
8845.1318359375
8818.8662109375
8792.1337890625
8766.73828125
8740.8662109375
