20000.0
20000.0
20000.0
20000.0
20000.0
20000.0
20000.0
20000.0
20000.0
20000.0
20000.0
20000.0
20000.0
20000.0
20000.0
20000.0
20000.0
20000.0
20000.0
20000.0
20000.0
20000.001953125
20000.0
20000.0
20000.0
19999.99609375
19999.99609375
20000.0
20000.0
19999.99609375
20000.0
20000.0
20000.0
19999.998046875
20000.0
20000.0
20000.0
20000.0
20000.0
20000.0
20000.0
19999.98828125
20000.0
20000.0
20000.0
20000.0
20000.0
20000.0
20000.0
20000.0
20000.0
20000.0
19736.7109375
18578.9453125
17612.34765625
16812.783203125
15939.5830078125
15095.046875
14242.8662109375
13484.9443359375
12787.5703125
12124.845703125
11534.8291015625
10996.98046875
10536.3310546875
10098.05859375
9697.8779296875
9350.384765625
8995.166015625
8692.763671875
8410.181640625
8162.49951171875
7931.46044921875
7708.53564453125
7511.255859375
7326.8994140625
7163.15869140625
7007.45751953125
6863.1923828125
6741.30859375
6615.02197265625
6504.876953125
6394.9423828125
6289.87939453125
6182.7021484375
6077.32958984375
5977.12158203125
5875.58203125
5781.025390625
5688.71630859375
5604.244140625
5531.41015625
5444.0302734375
5357.54052734375
5268.2353515625
5189.4140625
5109.32373046875
5030.1943359375
4956.24072265625
4881.30029296875
4808.1435546875
4732.62109375
4659.240234375
4594.82470703125
4520.38134765625
4432.837890625
4342.515625
4259.7431640625
4178.61669921875
4101.43212890625
4030.02294921875
3959.330078125
3893.441650390625
3827.74072265625
3764.266357421875
3708.131591796875
3644.6865234375
3582.84814453125
3519.531982421875
3459.479736328125
3399.098388671875
3340.65771484375
3286.09423828125
3231.973876953125
3181.290283203125
3130.487060546875
