20000.0
20000.0
20000.0
20000.0
20000.0
20000.0
20000.0
20000.0
20000.0
20000.0
20000.0
20000.0
20000.0
20000.0
20000.0
20000.0
20000.0
20000.0
20000.0
20000.0
20000.0
20000.0
20000.0
20000.0
20000.0
20000.0
20000.0
20000.0
20000.0
20000.0
20000.0
20000.0
19999.876953125
19999.951171875
19999.998046875
20000.0
20000.0
20000.0
20000.0
19999.982421875
20000.0
20000.0
20000.0
19736.330078125
18941.419921875
18212.921875
17560.5390625
16920.603515625
16316.8359375
15788.9931640625
15264.5
14777.8740234375
14311.9560546875
13884.150390625
13527.84765625
13182.630859375
12867.48828125
12556.6611328125
12260.4130859375
11958.595703125
11667.4736328125
11399.142578125
11132.931640625
10905.1298828125
10694.62109375
10492.314453125
10317.701171875
10130.3583984375
9953.4072265625
9775.4130859375
9608.193359375
9440.9892578125
9278.6083984375
9126.3115234375
8974.3173828125
8832.0908203125
8690.0234375
8552.9921875
8433.763671875
8306.2626953125
8187.228515625
8067.80615234375
7956.6640625
7846.6748046875
7740.57470703125
7641.00927734375
7532.15234375
7432.24658203125
7334.12939453125
7239.5966796875
7156.55224609375
7066.89794921875
6980.9404296875
6893.27197265625
6809.71630859375
6725.26318359375
6642.77880859375
6562.1904296875
6455.6015625
6369.91455078125
6289.0068359375
6211.2861328125
6141.58984375
6071.82666015625
6007.0263671875
5941.94921875
5879.05615234375
5813.56884765625
5752.76611328125
5696.75146484375
5630.67431640625
5561.33740234375
5492.59033203125
5430.06640625
5379.28466796875
5326.98828125
5268.79443359375
5202.638671875
5141.02001953125
5083.8310546875
5032.1142578125
4983.79443359375
4931.35888671875
4879.275390625
4830.31640625
