20000.0
20000.0
20000.0
20000.0
20000.0
20000.0
20000.0
20000.0
20000.0
20000.0
20000.0
20000.0
20000.0
20000.0
20000.0
20000.0
20000.0
19999.998046875
20000.0
20000.0
20000.0
20000.0
20000.0
20000.0
20000.0
20000.0
20000.0
20000.0
20000.0
20000.0
20000.0
20000.0
20000.0
20000.0
19999.9921875
20000.0
20000.0
19999.4296875
20000.0
20000.0
20000.0
20000.0
20000.0
20000.0
20000.0
19999.95703125
20000.0
20000.0
20000.0
20000.0
20000.0
20000.0
20000.0
20000.0
20000.0
20000.0
19179.580078125
18333.326171875
17582.615234375
16888.685546875
16309.2666015625
15720.3330078125
15162.5205078125
14672.1767578125
14212.3671875
13798.2998046875
13404.416015625
13036.86328125
12724.046875
12437.7890625
12183.0400390625
11930.984375
11693.076171875
11454.294921875
11223.1865234375
11003.09375
10782.130859375
10575.9775390625
10367.1435546875
10163.7880859375
9989.5078125
9806.2880859375
9637.525390625
9472.1826171875
9319.693359375
9169.3671875
9025.154296875
8891.2158203125
8761.7568359375
8637.1328125
8496.064453125
8363.833984375
8253.2138671875
8110.00634765625
7976.8818359375
7866.64306640625
7769.87353515625
7678.57177734375
7579.44775390625
7475.5390625
7368.671875
7273.29150390625
7173.56298828125
7075.26513671875
6990.41796875
6901.6044921875
6820.2255859375
6741.8544921875
6669.23779296875
6594.92724609375
6522.45703125
6455.11474609375
6388.6435546875
6327.03466796875
6266.32470703125
6208.30126953125
6157.97607421875
6104.13671875
6053.546875
6001.51904296875
5950.69970703125
5898.18359375
5845.822265625
5795.81787109375
5736.7265625
5663.2294921875
5590.2373046875
