20000.0
20000.0
20000.0
20000.0
19999.99609375
20000.0
20000.0
20000.0
20000.0
20000.0
20000.0
20000.0
20000.0
20000.0
20000.0
20000.0
20000.0
20000.0
20000.0
20000.0
20000.0
20000.0
20000.0
20000.0
20000.0
20000.0
20000.0
20000.0
20000.0
20000.0
20000.0
20000.0
20000.0
19999.95703125
20000.0
20000.0
20000.0
20000.0
20000.0
20000.0
20000.0
20000.0
20000.0
20000.0
20000.0
20000.0
20000.0
20000.0
20000.0
20000.0
20000.0
20000.0
20000.0
20000.0
19266.861328125
18575.55078125
17909.201171875
17306.0859375
16578.87890625
15957.345703125
15448.6513671875
14989.0693359375
14592.138671875
14216.1591796875
13866.66015625
13562.2744140625
13199.82421875
12890.80859375
12613.0517578125
12337.556640625
12066.1123046875
11816.7177734375
11585.4326171875
11344.951171875
11112.7763671875
10869.1708984375
10634.1494140625
10442.6298828125
10234.5458984375
10042.5673828125
9860.5986328125
9695.2802734375
9537.212890625
9387.94140625
9245.8935546875
9100.6015625
8962.6484375
8822.681640625
8678.3271484375
8554.869140625
8423.6298828125
8298.73046875
8171.77880859375
8050.93896484375
7928.6865234375
7809.54638671875
7696.990234375
7584.037109375
7476.921875
7367.37841796875
7259.34326171875
7163.361328125
7059.04296875
6960.22705078125
6859.70361328125
6763.9248046875
6665.794921875
6570.3818359375
6480.70361328125
6390.611328125
6305.67431640625
6219.35400390625
6133.88671875
6057.5712890625
5974.4873046875
5895.859375
5816.45263671875
5735.43310546875
5654.88818359375
5579.1064453125
5508.67041015625
5438.6748046875
5373.3115234375
5308.24658203125
