20000.0
20000.0
20000.0
20000.0
20000.0
20000.0
20000.0
20000.0
20000.0
20000.0
20000.0
20000.0
20000.0
20000.0
20000.0
20000.0
20000.0
20000.0
20000.0
20000.0
20000.0
20000.0
20000.0
20000.0
20000.0
20000.0
20000.0
20000.0
20000.0
20000.0
20000.0
20000.0
20000.0
20000.0
20000.0
20000.0
20000.0
20000.0
20000.0
20000.0
20000.0
20000.0
20000.0
20000.0
20000.0
19999.99609375
19999.998046875
20000.0
20000.0
20000.0
20000.0
20000.0
20000.0
20000.0
20000.0
20000.0
20000.0
20000.0
20000.0
20000.0
19999.99609375
20000.0
19999.9921875
20000.0
19999.0234375
20000.0
20000.0
20000.0
20000.0
20000.0
20000.0
20000.0
20000.0
20000.0
19999.99609375
20000.0
20000.0
20000.0
20000.0
20000.0
20000.0
20000.0
20000.0
20000.0
20000.0
19982.04296875
19384.873046875
18872.119140625
18367.634765625
17841.728515625
17382.96875
16928.822265625
16528.25
16148.5703125
15750.0634765625
15324.201171875
14917.09765625
14518.9765625
14154.892578125
13834.0302734375
13527.5
13240.685546875
12992.3017578125
12724.2666015625
12476.2998046875
12234.9638671875
12011.392578125
11792.8759765625
11583.4150390625
11388.04296875
11195.0703125
11016.7216796875
10836.447265625
10658.837890625
10500.7705078125
10323.974609375
10153.259765625
9980.2138671875
9816.9111328125
9651.8173828125
9489.4423828125
9335.025390625
9177.0517578125
9024.8701171875
8868.2958984375
