20000.0
20000.0
20000.0
20000.0
20000.0
20000.0
20000.0
20000.0
20000.0
20000.0
20000.0
20000.0
20000.0
20000.0
20000.0
20000.0
20000.0
20000.0
20000.0
20000.0
20000.0
20000.0
20000.0
20000.0
20000.0
20000.0
20000.0
20000.0
20000.0
20000.0
20000.0
20000.0
20000.0
20000.0
20000.0
20000.0
20000.0
19999.921875
20000.0
20000.0
20000.0
19999.990234375
20000.0
20000.0
20000.0078125
20000.0
20000.0
20000.0
20000.0
20000.0
20000.0
20000.0
20000.0
20000.0
19999.962890625
20000.0
20000.0
20000.0
20000.0
20000.0
20000.0
20000.0
20000.0
20000.0
20000.0
20000.0
20000.0
20000.0
20000.0
20000.0
20000.0
20000.0
20000.0
20000.0
20000.0
20000.0
20000.0
20000.0
20000.0
20000.0
20000.0
20000.0
20000.0
20000.0
20000.0
19999.998046875
20000.00390625
19999.98828125
19796.517578125
18974.12109375
18292.814453125
17580.6171875
16978.818359375
16425.56640625
15871.9794921875
15336.6640625
14828.8095703125
14358.68359375
13899.9765625
13500.2412109375
13101.2421875
12723.2685546875
12410.5546875
12084.3916015625
11769.6123046875
11449.4794921875
11151.103515625
10846.03515625
10553.0537109375
10280.79296875
10013.875
9764.158203125
9519.138671875
9288.9033203125
9090.7919921875
8882.0400390625
8694.9111328125
8505.87109375
8325.1279296875
8148.76513671875
7983.9345703125
7834.484375
7696.9091796875
7573.7685546875
7454.8701171875
