20000.0
20000.0
20000.0
20000.0
20000.0
20000.0
20000.0
20000.0
20000.0
20000.0
20000.0
20000.0
20000.0
20000.0
20000.0
20000.0
20000.0
20000.0
20000.0
20000.0
20000.0
20000.0
20000.0
20000.0
20000.0
20000.0
20000.0
20000.0
20000.0
20000.0
20000.0
20000.0
20000.0
20000.0
20000.0
20000.0
20000.0
20000.0
19998.87890625
20000.0
20000.0
20000.0
19999.982421875
20000.0
20000.0
20000.0
20000.0
19999.986328125
20000.001953125
20000.001953125
20000.0
19999.998046875
20000.0
20000.0
20000.0
20000.0
20000.0
20000.0
20000.0
19999.99609375
20000.0
20000.0
20000.0
20000.0
20000.0
19999.99609375
20000.0
19999.994140625
20000.0
20000.0
20000.0
20000.0
20000.0
20000.0
20000.0
20000.0
20000.0
19999.998046875
20000.0
20000.0
19999.857421875
19999.99609375
19999.998046875
20000.0
19999.908203125
19999.8828125
20000.0
20000.0
20000.0
19886.9140625
19157.591796875
18400.890625
17716.349609375
17087.361328125
16580.291015625
16107.3740234375
15659.0361328125
15231.7021484375
14806.6357421875
14413.4140625
14023.794921875
13644.9892578125
13307.0341796875
12938.1015625
12583.46875
12229.8740234375
11900.5078125
11573.5849609375
11288.9501953125
11019.611328125
10742.9609375
10478.306640625
10211.8466796875
9952.951171875
9725.6796875
9482.4716796875
9254.6923828125
9012.595703125
8775.279296875
8538.02734375
8311.015625
8101.74462890625
7896.1171875
7706.3544921875
7517.3896484375
