20000.0
20000.0
20000.0
20000.0
20000.0
20000.0
20000.0
20000.0
20000.0
20000.0
20000.0
20000.0
20000.0
20000.0
20000.0
20000.0
20000.0
20000.0
20000.0
20000.0
20000.0
20000.0
20000.0
20000.0
20000.0
20000.0
20000.0
20000.0
20000.0
20000.0
20000.0
20000.0
20000.0
20000.0
20000.0
19999.998046875
20000.0
20000.0
20000.0
20000.0
19999.935546875
20000.0
20000.0
20000.0
20000.0
19999.998046875
20000.0
19999.99609375
20000.0
20000.0
20000.0
20000.0
20000.0
20000.0
20000.0
20000.0
20000.0
19999.978515625
20000.0
20000.0
19999.99609375
19634.998046875
17537.474609375
15728.953125
14268.115234375
12939.61328125
11749.6533203125
10720.8251953125
9730.4482421875
8893.470703125
8167.26220703125
7572.9326171875
7013.77001953125
6513.607421875
6072.73046875
5647.61083984375
5274.17724609375
4930.22119140625
4623.08203125
4372.65234375
4121.744140625
3905.052734375
3707.822998046875
3533.577880859375
3367.7548828125
3214.725830078125
3081.82958984375
2957.887939453125
2848.9111328125
2747.114501953125
2654.28662109375
2576.365966796875
2495.81884765625
2423.120361328125
2353.226806640625
2290.837158203125
2231.40771484375
2176.34326171875
2126.5830078125
2078.3349609375
2034.5418701171875
1992.157958984375
1952.2781982421875
1918.1494140625
1882.3812255859375
1849.4844970703125
1817.0352783203125
1786.9775390625
1757.2059326171875
1728.656494140625
1702.129150390625
1676.96630859375
1658.92138671875
1638.66552734375
1617.7222900390625
1598.59716796875
1578.195068359375
1558.89111328125
1539.2242431640625
1520.406494140625
1501.1556396484375
1482.0997314453125
1463.8314208984375
1445.1448974609375
1427.2667236328125
1409.55517578125
