20000.0
20000.0
20000.0
20000.0
20000.0
20000.0
20000.0
20000.0
20000.0
20000.0
20000.0
20000.0
20000.0
20000.0
20000.0
20000.0
20000.0
20000.0
20000.0
20000.0
20000.0
20000.0
20000.0
20000.0
20000.0
20000.0
20000.0
20000.0
20000.0
20000.0
20000.0
20000.0
20000.0
20000.0
20000.0
20000.0
20000.0
20000.0
20000.0
20000.0
19999.986328125
20000.0
20000.0
20000.0
20000.0
19999.16015625
19999.998046875
20000.0
20000.0
19999.978515625
20000.0
20000.0
20000.0
20000.0
19467.103515625
18861.126953125
18294.115234375
17777.8515625
17265.044921875
16769.9921875
16309.1279296875
15883.478515625
15483.6943359375
15076.998046875
14689.86328125
14360.7060546875
14020.94140625
13709.2998046875
13426.326171875
13170.21484375
12917.8984375
12674.583984375
12444.810546875
12208.2001953125
11980.958984375
11752.4091796875
11533.060546875
11340.931640625
11134.5087890625
10959.1484375
10793.712890625
10637.599609375
10482.505859375
10332.970703125
10191.2509765625
10047.34375
9911.0498046875
9773.1337890625
9638.4560546875
9519.9892578125
9391.833984375
9270.4716796875
9148.1796875
9032.94140625
8917.033203125
8804.1552734375
8697.693359375
8590.6669921875
8490.34765625
8389.4814453125
8291.3330078125
8204.888671875
8111.810546875
8023.685546875
7936.20361328125
7853.99609375
7771.24853515625
7690.5986328125
7610.07666015625
7526.4443359375
7449.01904296875
7372.2978515625
7297.92724609375
7232.3037109375
7161.20263671875
7093.712890625
7024.74658203125
6958.45654296875
6890.64208984375
6823.6357421875
6759.78076171875
6694.97216796875
6628.3251953125
6541.28369140625
