20000.0
20000.0
20000.0
20000.0
20000.0
20000.0
20000.0
20000.0
20000.0
20000.0
20000.0
20000.0
20000.0
20000.0
20000.0
20000.0
20000.0
20000.0
20000.0
20000.0
20000.0
20000.0
20000.0
20000.0
20000.0
20000.0
19999.40234375
20000.0
19999.96875
20000.0
20000.0
20000.0
20000.0
20000.0
20000.0
20000.0
20000.0
20000.0
20000.0
20000.0
20000.0
20000.0
20000.0
20000.0
19999.837890625
20000.0
19999.998046875
20000.0
19999.990234375
19999.9921875
20000.0
19576.369140625
18693.40234375
18059.248046875
17473.91015625
16962.462890625
16456.55859375
16001.3564453125
15547.951171875
15117.837890625
14728.923828125
14355.5966796875
14022.9169921875
13708.25
13422.525390625
13178.640625
12925.0849609375
12695.7578125
12471.923828125
12267.1064453125
12066.146484375
11876.220703125
11701.296875
11528.5498046875
11367.990234375
11210.2275390625
11056.599609375
10923.3759765625
10783.1650390625
10653.681640625
10523.5849609375
10403.84375
10285.658203125
10172.4873046875
10067.3076171875
9964.3232421875
9870.154296875
9777.44921875
9688.58984375
9611.294921875
9529.2275390625
9453.2373046875
9378.0546875
9308.4228515625
9239.685546875
9174.021484375
9113.302734375
9054.2998046875
8999.9677734375
8947.09375
8897.0458984375
8853.6748046875
8807.6826171875
8765.1884765625
8723.1318359375
8684.2236328125
8645.5830078125
8608.59375
8574.2275390625
8540.853515625
8509.998046875
8479.8720703125
8451.60546875
8427.0595703125
8400.76953125
8376.103515625
8351.5634765625
8328.8828125
8306.4345703125
8284.537109375
8264.1611328125
8243.380859375
8223.734375
8203.7607421875
