20000.0
20000.0
20000.0
20000.0
20000.0
20000.0
20000.0
20000.0
20000.0
20000.0
20000.0
20000.0
20000.0
20000.0
19999.99609375
19999.99609375
20000.0
20000.0
20000.0
19999.994140625
20000.0
19999.99609375
20000.0
19140.21875
18287.447265625
17538.970703125
16890.01953125
16293.884765625
15750.806640625
15300.4638671875
14846.8955078125
14437.4560546875
14048.9296875
13703.5947265625
13367.8017578125
13054.2783203125
12768.4541015625
12492.09375
12263.4501953125
12034.078125
11814.6171875
11628.4677734375
11454.3720703125
11305.853515625
11166.224609375
11031.5126953125
10895.5068359375
10769.4619140625
10657.6337890625
10549.04296875
10444.3642578125
10351.8837890625
10255.4658203125
10175.134765625
10103.4775390625
10044.5107421875
9989.3291015625
9929.181640625
9868.1201171875
9790.1484375
9711.92578125
9601.0703125
9476.740234375
9335.8974609375
9182.384765625
9029.2705078125
8848.8115234375
8679.8232421875
8518.0595703125
8370.576171875
8228.666015625
8096.17529296875
7970.0888671875
7839.859375
7716.876953125
7593.38134765625
7470.8408203125
7355.701171875
7230.48876953125
7113.30224609375
6995.07177734375
6883.45068359375
6770.2587890625
6658.19921875
6549.4853515625
6430.58544921875
6317.734375
6209.76220703125
6109.08349609375
6022.72900390625
5931.943359375
5854.94873046875
5782.337890625
5716.09228515625
5650.63671875
5587.52490234375
5527.63623046875
5470.56689453125
5414.703125
5355.7373046875
5267.56884765625
5182.77685546875
5094.12744140625
5013.9873046875
4936.57958984375
4866.0869140625
4797.24951171875
4731.892578125
4671.310546875
4611.27490234375
4555.216796875
4499.18408203125
4445.02294921875
4398.2138671875
4350.84521484375
4305.505859375
4260.91552734375
4219.47216796875
4177.95849609375
4137.5341796875
4099.380859375
4060.96142578125
4025.060302734375
3988.2900390625
