20000.0
20000.0
20000.0
20000.0
20000.0
20000.0
20000.0
20000.0
20000.0
20000.0
20000.0
20000.0
20000.0
20000.0
20000.0
20000.0
20000.0
20000.0
20000.0
20000.0
20000.0
20000.0
20000.0
20000.0
20000.0
20000.0
20000.0
20000.0
20000.0
20000.0
20000.0
20000.0
20000.0
20000.0
20000.0
19999.998046875
19999.943359375
20000.0
20000.0
20000.0
20000.0
19999.986328125
20000.0
20000.0
20000.005859375
20000.0
20000.0
20000.0
20000.0
20000.0
20000.0
20000.0
20000.0
20000.0
20000.0
20000.0
20000.0
20000.0
20000.0
20000.0
20000.0
20000.0
20000.0
19999.99609375
20000.0
20000.0
20000.0
20000.0
19999.998046875
20000.0
19999.99609375
20000.0
20000.0
20000.0
20000.0
20000.0
19999.998046875
20000.0
20000.0
20000.0
20000.0
20000.0
20000.0
19999.931640625
20000.0
19999.72265625
20000.0
20000.0
20000.0
19999.99609375
20000.0
19999.978515625
19999.994140625
19500.025390625
18665.314453125
17866.9453125
17132.56640625
16524.580078125
15951.9091796875
15415.7470703125
14882.5703125
14395.46875
13976.7119140625
13532.865234375
13118.7431640625
12686.55859375
12280.6865234375
11884.3525390625
11493.0263671875
11123.5341796875
10755.826171875
10407.1669921875
10063.2529296875
9734.634765625
9445.7978515625
9134.958984375
8844.6171875
8544.19921875
8253.986328125
7967.873046875
7695.41162109375
7431.0166015625
7164.85791015625
6920.1572265625
6681.62060546875
