20000.0
20000.0
20000.0
20000.0
20000.0
20000.0
20000.0
20000.0
20000.0
20000.0
20000.0
20000.0
20000.0
20000.0
20000.0
20000.0
20000.0
20000.0
20000.0
20000.0
20000.0
20000.0
20000.0
20000.0
20000.0
20000.0
20000.0
20000.0
20000.0
20000.0
20000.0
20000.0
20000.0
20000.0
20000.0
20000.0
20000.0
20000.0
20000.0
20000.0
20000.0
19999.716796875
19993.40234375
20000.001953125
20000.0
19999.931640625
20000.0
20000.0
20000.0
20000.017578125
20000.009765625
20000.0
20000.0
20000.0
20000.0
19999.998046875
20000.0
20000.0
20000.0
20000.0
19999.99609375
20000.0
20000.0
20000.0
20000.0
20000.0
20000.0
20000.0
20000.0
20000.0
20000.0
20000.0
20000.0
20000.0
20000.0
20000.0
20000.0
20000.0
19997.080078125
20000.0
20000.0
20000.0
19999.98046875
20000.0
19999.943359375
19999.9921875
19999.998046875
19869.57421875
19378.375
18896.5703125
18482.25390625
18038.427734375
17634.6953125
17261.77734375
16947.640625
16667.080078125
16420.96875
16200.9501953125
15985.92578125
15779.9482421875
15573.8330078125
15376.8544921875
15207.5654296875
15030.666015625
14868.3603515625
14708.6728515625
14561.609375
14421.1806640625
14280.9736328125
14149.9189453125
14020.509765625
13901.447265625
13782.7373046875
13667.3427734375
13565.5703125
13455.677734375
13351.9755859375
13247.6103515625
13148.8984375
13049.740234375
12953.0322265625
12860.34375
12766.16015625
12677.38671875
12588.03125
