20000.0
20000.0
20000.0
20000.0
19999.98828125
20000.0
20000.0
20000.0
20000.0
20000.0
20000.0
20000.0
20000.0
20000.0
20000.0
20000.0
20000.0
20000.0
20000.0
20000.0
20000.0
20000.0
20000.0
20000.0
20000.0
20000.0
20000.0
20000.0
20000.0
20000.0
19999.861328125
19999.990234375
19999.998046875
20000.0
19999.908203125
20000.0
20000.0
20000.0
20000.0
20000.0
20000.0
20000.0
20000.0
20000.0
20000.0
20000.0
20000.0
20000.0
20000.0
20000.0
20000.0
20000.0
20000.0
20000.0
20000.0
20000.0
20000.0
20000.0
19683.5
19180.75390625
18744.705078125
18298.91015625
17789.11328125
17297.427734375
16817.9921875
16453.62890625
16104.8876953125
15767.8037109375
15380.90625
15013.2451171875
14656.6943359375
14318.962890625
13995.7255859375
13664.3310546875
13361.2958984375
13076.1875
12810.4951171875
12593.974609375
12371.9326171875
12163.3994140625
11958.9248046875
11781.71484375
11583.0205078125
11380.63671875
11186.904296875
10990.7099609375
10805.2060546875
10617.1181640625
10430.650390625
10265.55859375
10096.2373046875
9935.7841796875
9775.8017578125
9621.0654296875
9459.357421875
9296.2314453125
9141.0478515625
8990.6728515625
8860.935546875
8735.9658203125
8607.28125
8489.76953125
8359.8349609375
8235.1494140625
8107.951171875
7986.80322265625
7847.1650390625
7705.759765625
7574.5693359375
7446.47265625
7328.06787109375
7209.43994140625
7093.04150390625
6992.59814453125
6887.00634765625
6790.109375
6695.3876953125
6608.92724609375
6524.48974609375
6443.47607421875
6367.9306640625
6292.62451171875
6221.95166015625
6151.0703125
