20000.0
20000.0
20000.0
20000.0
20000.0
20000.0
20000.0
20000.0
20000.0
20000.0
20000.0
20000.0
20000.0
20000.0
20000.0
20000.0
20000.0
20000.0
20000.0
20000.0
20000.0
20000.0
20000.0
20000.0
20000.0
20000.0
20000.0
20000.0
20000.0
20000.0
20000.0
20000.0
20000.0
20000.0
19970.775390625
20000.0
20000.0
19999.943359375
20000.0
19999.99609375
20000.0
20000.0
20000.0
20000.00390625
20000.0
20000.0
20000.0
20000.0
20000.0
20000.0
20000.0
20000.0
20000.0
20000.0
20000.0
19999.998046875
20000.0
20000.0
20000.0
20000.0
20000.0
20000.0
20000.0
20000.0
20000.0
20000.0
20000.0
20000.0
20000.0
19999.984375
19999.99609375
20000.0
20000.0
20000.0
20000.0
20000.0
19821.14453125
19287.3203125
18848.564453125
18386.005859375
17953.06640625
17519.5859375
17119.248046875
16718.55859375
16334.8232421875
15979.3896484375
15626.896484375
15235.8232421875
14843.892578125
14502.9443359375
14215.1513671875
13909.21484375
13632.5263671875
13367.1435546875
13131.3486328125
12913.11328125
12704.9267578125
12508.9150390625
12298.9384765625
12116.3515625
11946.306640625
11758.48046875
11590.33984375
11418.81640625
11266.0224609375
11119.9033203125
10983.6728515625
10848.345703125
10707.8583984375
10570.140625
10433.7529296875
10305.8583984375
10172.45703125
10039.62109375
9922.1142578125
9793.9052734375
9674.8759765625
9558.2294921875
9445.771484375
9331.099609375
9219.1572265625
9114.9111328125
9013.66796875
8921.515625
8832.5283203125
