20000.0
20000.0
20000.0
20000.0
20000.0
20000.0
20000.0
20000.0
20000.0
20000.0
20000.0
20000.0
20000.0
20000.0
20000.0
20000.0
20000.0
20000.0
20000.0
20000.0
20000.0
20000.0
19999.998046875
20000.0
20000.0
20000.0
20000.0
20000.0
20000.0
20000.0
20000.0
20000.0
20000.0
20000.0
20000.0
20000.0
20000.0
20000.0
20000.0
20000.0
20000.0
20000.0
19999.998046875
20000.0
20000.0
20000.0
20000.0
20000.0
20000.0
20000.0
20000.0
20000.0
20000.0
20000.0
19999.99609375
20000.0
19510.228515625
18685.083984375
17877.91796875
17083.642578125
16319.705078125
15651.6767578125
15146.4423828125
14699.75
14298.662109375
13952.248046875
13576.853515625
13219.7021484375
12845.0087890625
12484.3681640625
12114.98046875
11755.2001953125
11409.3525390625
11061.73828125
10718.9755859375
10386.7177734375
10080.708984375
9821.10546875
9551.69921875
9305.7265625
9063.625
8841.6220703125
8632.55078125
8446.95703125
8273.5185546875
8100.06982421875
7938.5849609375
7777.4541015625
7623.2001953125
7489.51220703125
7348.6884765625
7219.65185546875
7091.42919921875
6969.23291015625
6846.626953125
6730.62890625
6624.34521484375
6520.7939453125
6424.46923828125
6328.22998046875
6234.9443359375
6153.0625
6065.1064453125
5982.736328125
5900.98486328125
5825.876953125
5750.82861328125
5678.4697265625
5610.5888671875
5543.0751953125
5479.5966796875
5415.73876953125
5353.791015625
5299.7431640625
5241.45947265625
5186.91552734375
5132.33447265625
5082.51513671875
5033.60302734375
4985.103515625
4938.98291015625
4892.41552734375
4849.18994140625
4805.87548828125
