20000.0
20000.0
20000.0
20000.0
19832.291015625
19819.40234375
20000.0
20000.0
20000.0
20000.0
20000.0
20000.0
20000.0
20000.0
19999.958984375
20000.0
19999.94140625
19999.9765625
20000.0
18560.673828125
17146.60546875
15958.890625
14991.2666015625
14195.1904296875
13559.353515625
12999.4580078125
12530.671875
12057.2431640625
11632.5576171875
11294.8486328125
10979.716796875
10694.9375
10428.0341796875
10197.572265625
9983.51953125
9789.34765625
9622.0302734375
9457.908203125
9327.4150390625
9204.4189453125
9085.7197265625
8981.736328125
8870.03125
8764.94140625
8663.439453125
8571.2685546875
8480.84375
8394.1669921875
8313.5498046875
8233.1337890625
8158.71337890625
8086.4501953125
8018.39453125
7957.09521484375
7892.10498046875
7832.20361328125
7772.939453125
7717.287109375
7657.7705078125
7597.767578125
7539.853515625
7474.7236328125
7401.8115234375
7325.4365234375
7252.17333984375
7189.2939453125
7123.51953125
7062.92626953125
7003.0029296875
6947.16455078125
6891.48974609375
6837.54541015625
6786.791015625
6735.732421875
6687.607421875
6639.1494140625
6591.80078125
6549.95556640625
6504.73681640625
6462.1064453125
6419.2138671875
6378.7119140625
6337.97021484375
6298.3994140625
6260.3779296875
6222.25537109375
6186.58447265625
6150.86767578125
6116.1083984375
6085.35302734375
6051.92333984375
6020.21142578125
5988.2919921875
5958.263671875
5928.04833984375
5898.2109375
5869.81640625
5840.916015625
5813.34912109375
5785.2919921875
5757.7138671875
5732.83056640625
5705.6513671875
5679.7626953125
5653.47900390625
5628.486328125
5603.21337890625
5578.41064453125
5554.89453125
5531.28173828125
5509.3759765625
5487.44921875
5466.03759765625
5447.08251953125
5426.63232421875
5407.29150390625
5387.73046875
5369.26318359375
5350.6064453125
5332.35693359375
5315.0263671875
5297.47607421875
5280.7333984375
5263.7177734375
