20000.0
20000.0
20000.0
20000.0
20000.0
20000.0
20000.0
20000.0
20000.0
20000.0
20000.0
20000.0
20000.0
20000.0
20000.0
20000.0
20000.0
20000.0
20000.0
20000.0
20000.0
20000.0
20000.0
20000.0
20000.0
20000.0
20000.0
20000.0
20000.0
20000.0
20000.0
20000.0
20000.0
20000.0
20000.0
20000.0
20000.0
19999.666015625
19999.93359375
20000.0
19999.994140625
20000.0
20000.0
19999.998046875
19999.994140625
20000.0
19999.998046875
20000.0
20000.0
19999.798828125
20000.0
20000.0
20000.0
19999.998046875
20000.0
19999.998046875
20000.0
20000.0
20000.0
20000.0
20000.0
19999.99609375
19999.998046875
20000.0
20000.0
20000.0
20000.0
20000.0
20000.0
20000.0
20000.0
19999.291015625
19790.93359375
19406.791015625
19053.388671875
18700.91796875
18353.95703125
18049.517578125
17729.44140625
17434.943359375
17142.208984375
16882.548828125
16660.994140625
16448.595703125
16204.248046875
15924.6611328125
15620.7177734375
15335.3251953125
15099.7353515625
14916.439453125
14741.3544921875
14576.26171875
14406.431640625
14241.36328125
14072.1025390625
13910.009765625
13754.94921875
13590.9677734375
13434.232421875
13279.5927734375
13128.5712890625
12996.4384765625
12858.7578125
12735.6572265625
12614.84375
12504.880859375
12393.294921875
12283.4052734375
12174.78125
12062.4794921875
11955.5576171875
11850.5478515625
11746.712890625
11659.017578125
11570.3076171875
11488.0166015625
11404.603515625
11325.0126953125
11243.8193359375
11163.8759765625
11087.6552734375
11009.732421875
10934.650390625
10856.951171875
