20000.0
20000.0
20000.0
20000.0
20000.0
20000.0
20000.0
20000.0
20000.0
20000.0
20000.0
20000.0
20000.0
20000.0
20000.0
20000.0
20000.0
19998.7734375
20000.0
20000.0
20000.0
20000.0
20000.0
20000.0
20000.0
19999.998046875
20000.0
20000.0
20000.0
20000.0
19999.994140625
19736.400390625
18886.015625
17719.189453125
16652.423828125
15693.2587890625
14932.3095703125
14300.7177734375
13825.0380859375
13395.56640625
12970.609375
12598.353515625
12201.037109375
11821.955078125
11445.7685546875
11100.5751953125
10773.8369140625
10468.2666015625
10192.9912109375
9925.115234375
9686.82421875
9460.689453125
9256.3984375
9085.6591796875
8910.2373046875
8751.1357421875
8594.65234375
8449.154296875
8307.0859375
8173.88623046875
8050.72607421875
7929.5439453125
7824.61376953125
7718.4833984375
7614.82177734375
7524.16162109375
7426.55908203125
7335.30126953125
7245.935546875
7163.0224609375
7080.81640625
7001.5263671875
6927.40771484375
6853.21826171875
6783.509765625
6713.15869140625
6644.068359375
6582.6875
6516.3642578125
6453.47119140625
6389.88134765625
6328.97509765625
6262.7431640625
6197.49853515625
6136.13134765625
6074.68603515625
6017.7646484375
5960.99951171875
5906.671875
5859.26025390625
5807.30712890625
5757.14697265625
5705.19384765625
5654.642578125
5602.62841796875
5551.08154296875
5502.0615234375
5453.78857421875
5408.93701171875
5364.01611328125
5320.6328125
5282.97119140625
5243.29443359375
5207.37841796875
5172.25830078125
5139.98779296875
5106.28369140625
5073.2421875
5041.61376953125
5009.30908203125
4978.26220703125
4946.3349609375
4911.15283203125
4867.0634765625
4818.10693359375
4772.33935546875
4727.1123046875
4687.0439453125
4648.70654296875
4611.130859375
4575.619140625
4540.66943359375
4508.49853515625
4476.431640625
