20000.0
20000.0
20000.0
20000.0
20000.0
20000.0
20000.0
20000.0
20000.0
20000.0
20000.0
20000.0
20000.0
20000.0
20000.0
20000.0
20000.0
20000.0
20000.0
20000.0
20000.0
20000.0
20000.0
20000.0
19999.9765625
20000.0
20000.0
20000.0
20000.0
20000.0
20000.0
20000.0078125
20000.0
20000.0
20000.0
20000.0
20000.0
20000.0
20000.0
19685.4375
18923.96875
18270.853515625
17672.775390625
17122.791015625
16553.822265625
16042.26171875
15615.09765625
15198.9482421875
14756.1494140625
14299.6630859375
13924.73828125
13563.5185546875
13232.7109375
12938.853515625
12619.96875
12336.056640625
12083.1064453125
11859.9892578125
11646.6171875
11451.3623046875
11279.59375
11117.0029296875
10969.0478515625
10821.0341796875
10677.33203125
10551.259765625
10414.5439453125
10283.8837890625
10149.681640625
10016.7548828125
9875.99609375
9733.2158203125
9594.814453125
9452.966796875
9317.7607421875
9183.9951171875
9058.5146484375
8948.1484375
8823.2392578125
8706.5966796875
8591.1005859375
8481.2158203125
8367.5048828125
8254.796875
8147.0517578125
8037.5537109375
7933.166015625
7827.7392578125
7725.7119140625
7636.31396484375
7540.15673828125
7449.9638671875
7359.52685546875
7274.76513671875
7192.3017578125
7114.2919921875
7040.55078125
6966.0869140625
6896.646484375
6826.78125
6759.1728515625
6703.978515625
6645.62158203125
6590.1376953125
6534.20751953125
6481.7587890625
6429.490234375
6378.7802734375
6330.6591796875
6282.75439453125
6237.74267578125
6192.80419921875
6149.16259765625
6111.787109375
6072.00390625
6034.287109375
5995.9697265625
5959.47705078125
5922.349609375
5885.86767578125
5851.044921875
5815.75927734375
5782.2158203125
5748.27001953125
