20000.0
20000.0
20000.0
20000.0
20000.0
20000.0
20000.0
20000.0
20000.0
20000.0
20000.0
20000.0
20000.0
20000.0
20000.0
20000.0
20000.0
20000.0
20000.0
20000.0
20000.0
20000.0
20000.0
20000.0
20000.0
20000.0
20000.0
20000.0
20000.0
20000.0
20000.0
20000.0
20000.0
20000.0
20000.0
19998.3203125
20000.0
19999.994140625
20000.0
20000.0
20000.0
19999.998046875
20000.0
20000.0
20000.0
20000.0
20000.0
20000.0
20000.0
20000.0
20000.0
20000.0
20000.0
20000.0
20000.0
20000.0
20000.0
20000.0
20000.0
20000.0
20000.0
20000.0
20000.0
20000.0
20000.0
20000.0
20000.0
20000.0
20000.0
20000.0
20000.0
19999.99609375
20000.0
20000.0
20000.0
20000.0
19999.998046875
20000.0
19999.95703125
19999.998046875
20000.0
19999.99609375
20000.0
20000.0
19542.791015625
18947.966796875
18427.572265625
17931.462890625
17502.375
17147.87890625
16778.650390625
16427.9765625
16070.70703125
15748.7080078125
15429.2314453125
15117.3115234375
14827.439453125
14541.9814453125
14278.6015625
14012.466796875
13765.4296875
13548.7421875
13313.52734375
13093.9228515625
12878.2060546875
12682.517578125
12497.501953125
12325.685546875
12167.40234375
12009.3515625
11860.244140625
11711.0
11565.53125
11436.4775390625
11297.2421875
11163.8115234375
11028.1103515625
10900.16796875
10772.755859375
10649.759765625
10534.65625
10419.634765625
10310.6982421875
10201.7763671875
