20000.0
20000.0
20000.0
20000.0
20000.0
20000.0
20000.0
20000.0
20000.0
20000.0
20000.0
20000.0
20000.0
20000.0
20000.0
20000.0
20000.0
20000.0
20000.0
20000.0
20000.0
20000.0
20000.0
20000.0
20000.0
20000.0
20000.0
20000.0
19999.986328125
19999.90625
20000.0
19999.984375
19999.953125
20000.0
20000.0
20000.0
20000.0
20000.0
20000.0
20000.0
20000.0
20000.0
20000.01171875
20000.013671875
19999.998046875
20000.0
20000.0
20000.0
19930.525390625
19229.595703125
18560.59375
17934.455078125
17405.26953125
16971.12890625
16510.130859375
16062.5908203125
15634.376953125
15173.11328125
14727.291015625
14328.0791015625
13974.6611328125
13636.0341796875
13323.099609375
13013.802734375
12711.9951171875
12459.7509765625
12200.6328125
11987.9765625
11781.853515625
11591.4638671875
11402.59765625
11209.24609375
11019.8642578125
10801.7802734375
10572.4814453125
10373.775390625
10190.4521484375
10032.158203125
9863.939453125
9708.142578125
9554.796875
9403.9189453125
9239.5556640625
9089.3671875
8959.0966796875
8836.30859375
8724.572265625
8608.4755859375
8482.7998046875
8371.2177734375
8253.6787109375
8143.62890625
8025.75244140625
7911.720703125
7798.22265625
7691.23779296875
7592.279296875
7496.52001953125
7406.78515625
7315.64306640625
7227.5615234375
7151.79541015625
7071.1494140625
6995.677734375
6920.19482421875
6849.2958984375
6777.79638671875
6707.81201171875
6641.63525390625
6574.63720703125
6510.8427734375
6445.646484375
6378.794921875
6318.37158203125
6253.53662109375
6192.96875
6133.1298828125
6076.833984375
6019.69873046875
5962.6650390625
5907.2265625
5850.11865234375
5795.705078125
5740.330078125
