20000.0
20000.0
20000.0
20000.0
20000.0
20000.0
20000.0
20000.0
20000.0
20000.0
20000.0
20000.0
20000.0
20000.0
20000.0
20000.0
20000.0
20000.0
20000.0
19999.5
20000.0
19999.818359375
20000.0
20000.0
20000.0
20000.0
20000.0
20000.0
20000.0
20000.0
20000.0
20000.0
20000.0
20000.0
20000.0
20000.0
19999.693359375
19999.994140625
20000.0
20000.0
19900.626953125
18810.23046875
17766.328125
16907.474609375
16145.8896484375
15580.4619140625
15071.845703125
14606.7451171875
14197.2119140625
13814.6064453125
13476.025390625
13150.1845703125
12835.37890625
12558.9599609375
12272.9443359375
12015.5966796875
11766.5654296875
11540.5478515625
11321.8115234375
11116.0810546875
10927.59375
10742.9130859375
10583.4970703125
10419.9755859375
10260.40625
10121.55859375
9975.0302734375
9839.517578125
9706.3544921875
9583.0615234375
9460.9970703125
9344.033203125
9235.34375
9127.607421875
9027.1337890625
8927.748046875
8832.4423828125
8749.52734375
8659.423828125
8575.4677734375
8491.271484375
8412.9013671875
8336.4951171875
8262.4599609375
8193.146484375
8124.13134765625
8056.62060546875
7989.2392578125
7924.19921875
7867.353515625
7806.59521484375
7749.55517578125
7691.79833984375
7636.7431640625
7580.59423828125
7525.0048828125
7471.54345703125
7415.60400390625
7357.61669921875
7297.7998046875
7239.04931640625
7186.41162109375
7128.08544921875
7072.2861328125
7019.05908203125
6967.28564453125
6912.3349609375
6856.27685546875
6800.822265625
6743.447265625
6688.30615234375
6634.37890625
6584.80419921875
6541.89404296875
6494.97216796875
6448.677734375
6400.1875
6353.37939453125
6305.49169921875
6234.125
6167.51513671875
6104.8525390625
6049.32373046875
5996.15234375
