20000.0
20000.0
20000.0
20000.0
20000.0
20000.0
20000.0
20000.0
20000.0
20000.0
20000.0
20000.0
20000.0
20000.0
20000.0
20000.0
20000.0
20000.0
20000.0
20000.0
20000.0
20000.0
20000.0
20000.0
20000.0
20000.0
20000.0
20000.0
20000.0
20000.0
20000.0
20000.0
20000.0
20000.0
20000.0
20000.0
20000.0
20000.0
20000.0
20000.0
19999.826171875
20000.0
20000.0
20000.0
20000.0
19999.998046875
20000.0
20000.0
20000.0
20000.0
19999.998046875
20000.0
20000.0
19999.998046875
20000.0
20000.0
20000.0
20000.0
20000.0
20000.0
20000.0
20000.0
20000.0
20000.0
20000.0
20000.013671875
20000.0
20000.0
20000.0
20000.00390625
20000.0
20000.0
20000.0
20000.0
20000.0
20000.0
20000.0
20000.0
20000.0
20000.0
20000.0
20000.0
19458.9609375
18295.287109375
17207.974609375
16200.990234375
15253.8046875
14473.4599609375
13847.912109375
13255.04296875
12713.119140625
12216.146484375
11743.8759765625
11337.4560546875
10876.20703125
10413.654296875
9964.30078125
9571.662109375
9202.5283203125
8863.884765625
8552.5
8249.5
7980.3095703125
7725.7099609375
7489.9775390625
7290.92236328125
7085.01123046875
6898.74560546875
6717.12744140625
6551.142578125
6392.548828125
6241.92138671875
6104.150390625
5971.443359375
5851.10693359375
5733.916015625
5626.5283203125
5535.53759765625
5435.02099609375
5340.7666015625
5250.115234375
5167.59228515625
5087.01318359375
5011.10009765625
4941.30224609375
4872.85009765625
4809.5869140625
4747.23974609375
