20000.0
20000.0
20000.0
20000.0
20000.0
19999.998046875
20000.0
20000.0
20000.0
20000.0
20000.0
20000.0
20000.0
20000.0
20000.0
20000.0
20000.0
20000.0
20000.0
20000.0
20000.0
20000.0
20000.0
20000.0
19999.875
20000.0
19999.966796875
19999.998046875
20000.0
20000.0
20000.0
20000.0
19577.544921875
19024.53515625
18443.3671875
17899.623046875
17339.373046875
16856.146484375
16411.25390625
16016.1826171875
15637.6708984375
15283.498046875
14977.6982421875
14655.17578125
14378.6806640625
14102.4619140625
13838.525390625
13577.2646484375
13329.52734375
13103.146484375
12878.630859375
12671.49609375
12467.8447265625
12243.3369140625
12034.8974609375
11841.92578125
11667.9296875
11489.41015625
11317.2060546875
11143.6015625
10975.5556640625
10819.4755859375
10681.12890625
10560.6923828125
10445.8681640625
10335.669921875
10239.6103515625
10132.7900390625
10020.0224609375
9911.1044921875
9815.490234375
9722.4443359375
9630.3720703125
9545.0439453125
9462.2412109375
9377.00390625
9286.1865234375
9193.9716796875
9114.4052734375
9029.109375
8946.7109375
8857.646484375
8773.9423828125
8693.6748046875
8620.7109375
8556.0556640625
8494.126953125
8436.033203125
8375.55859375
8314.05859375
8257.564453125
8192.99609375
8127.525390625
8057.458984375
7987.951171875
7914.42724609375
7841.20263671875
7772.08837890625
7702.2158203125
7636.2890625
7570.41357421875
7507.31103515625
7452.71630859375
7394.5283203125
7338.9130859375
7280.7236328125
7224.04736328125
7163.43212890625
7101.83349609375
7041.0966796875
6978.8291015625
6916.7578125
6852.62255859375
6790.3125
6735.28564453125
6674.90234375
6616.5244140625
6556.13427734375
6497.85595703125
6437.9111328125
6378.26220703125
6320.92333984375
6264.95166015625
6214.22021484375
6159.87646484375
