20000.0
20000.0
20000.0
18951.1484375
18248.9453125
17750.69140625
17515.6875
17549.98046875
17841.994140625
18226.947265625
18613.904296875
18913.73828125
19209.3515625
19528.328125
19876.171875
20000.0
20000.0
20000.0
20000.0
20000.0
20000.0
20000.0
20000.0
20000.0
20000.0
20000.0
20000.0
20000.0
20000.0
20000.0
20000.0
20000.0
20000.0
20000.001953125
20000.0
20000.0
20000.0
19188.92578125
18309.408203125
17690.173828125
17186.853515625
16728.45703125
16353.77734375
15988.908203125
15675.138671875
15371.0751953125
15109.986328125
14865.033203125
14646.8671875
14458.4150390625
14280.0751953125
14116.1328125
13953.71484375
13799.76953125
13667.8876953125
13530.3779296875
13400.0869140625
13266.53125
13145.3603515625
13031.08984375
12921.2275390625
12817.8955078125
12713.9775390625
12617.640625
12521.70703125
12428.8486328125
12347.2392578125
12260.1943359375
12179.16796875
12098.9560546875
12024.35546875
11949.642578125
11875.060546875
11803.5361328125
11732.2734375
11666.9033203125
11601.361328125
11538.2431640625
11485.00390625
11428.369140625
11374.9287109375
11321.46484375
11271.7333984375
11222.740234375
11174.7568359375
11129.9697265625
11084.6953125
11041.79296875
10996.62109375
10950.0068359375
10909.6005859375
10864.35546875
10818.4482421875
10767.068359375
10701.8291015625
10622.5419921875
10510.4013671875
10392.015625
10250.2548828125
10106.7275390625
9959.81640625
9815.40234375
9688.5400390625
9554.05859375
9429.7900390625
9305.642578125
9189.0751953125
9066.34375
8946.9599609375
8834.0146484375
8735.98828125
8654.9609375
8574.873046875
8497.6962890625
8429.90625
8356.2578125
8285.7265625
8214.017578125
8145.8388671875
8076.6015625
8008.5029296875
7943.3017578125
7876.57958984375
7812.650390625
7747.501953125
