20000.0
20000.0
19663.43359375
18740.416015625
18227.158203125
18163.849609375
18571.51171875
19066.654296875
19590.94140625
20000.0
20000.0
20000.0
20000.0
20000.0
20000.0
20000.0
19999.998046875
19999.982421875
20000.0
20000.0
20000.00390625
20000.0
18611.646484375
17107.673828125
16105.9404296875
15212.138671875
14456.6025390625
13803.921875
13243.7158203125
12793.4208984375
12355.9892578125
11978.505859375
11623.2158203125
11297.08203125
10989.58203125
10717.251953125
10475.5078125
10243.1171875
10037.365234375
9836.7392578125
9651.3076171875
9497.2802734375
9341.9052734375
9202.1083984375
9072.3408203125
8963.76171875
8874.443359375
8789.087890625
8709.892578125
8632.189453125
8559.751953125
8486.8681640625
8415.3720703125
8351.8203125
8282.54296875
8216.5400390625
8147.54052734375
8082.19189453125
8018.75927734375
7960.69091796875
7908.10400390625
7856.33984375
7808.7783203125
7764.75634765625
7719.77294921875
7678.4443359375
7632.66943359375
7588.92578125
7544.30517578125
7498.1357421875
7447.787109375
7397.18798828125
7349.095703125
7300.66796875
7255.6416015625
7210.8916015625
7167.24609375
7128.40087890625
7086.00146484375
7045.5419921875
7004.4814453125
6965.49951171875
6926.0849609375
6887.48095703125
6850.8603515625
6813.767578125
6778.65283203125
6742.52197265625
6707.01904296875
6675.6259765625
6641.71826171875
6609.69580078125
6577.36376953125
6546.640625
6515.47607421875
6484.84912109375
6455.73974609375
6426.21728515625
6398.19091796875
6369.78759765625
6341.982421875
6317.326171875
6290.60009765625
6265.25732421875
6239.5751953125
6215.22998046875
6190.5283203125
6166.279296875
6143.14111328125
6119.59912109375
6097.130859375
6074.26806640625
6051.7490234375
6031.78466796875
6010.06396484375
5989.40869140625
5968.46044921875
5948.505859375
5928.283203125
5908.48046875
5889.6044921875
5870.50048828125
5852.3349609375
5833.88623046875
