20000.0
20000.0
20000.0
20000.0
20000.0
20000.0
20000.0
20000.0
20000.0
20000.0
20000.0
20000.0
20000.0
20000.0
20000.0
20000.0
20000.0
20000.0
20000.0
20000.0
20000.0
20000.0
20000.0
20000.0
20000.0
20000.0
19999.974609375
19999.978515625
20000.0
20000.0
19999.94921875
20000.0
20000.0
20000.0
20000.0
19749.185546875
19064.98046875
18490.181640625
18015.396484375
17591.37109375
17227.1328125
16943.15234375
16644.060546875
16373.146484375
16115.68359375
15885.2685546875
15663.9765625
15456.9404296875
15266.3203125
15078.2197265625
14890.8955078125
14704.4990234375
14527.8037109375
14376.56640625
14219.9140625
14076.619140625
13936.0625
13802.7119140625
13663.9306640625
13527.2509765625
13398.59375
13268.2158203125
13144.84375
13021.65625
12900.8134765625
12790.90234375
12673.4365234375
12562.0126953125
12448.9326171875
12340.70703125
12224.0546875
12079.4345703125
11957.1142578125
11839.529296875
11727.92578125
11613.75
11501.587890625
11402.6240234375
11295.1689453125
11193.193359375
11091.4345703125
10995.71875
10899.21484375
10797.3427734375
10694.513671875
10596.697265625
10509.3623046875
10425.3056640625
10349.5537109375
10287.798828125
10224.2919921875
10166.607421875
10106.8876953125
10049.759765625
9991.8896484375
9934.7666015625
9880.90625
9809.1513671875
9718.955078125
9631.73828125
9554.255859375
9490.5302734375
9418.33984375
9348.7294921875
9282.4208984375
9223.16015625
9166.421875
9111.9609375
9060.1298828125
9003.1376953125
8943.9384765625
8882.5810546875
8823.3349609375
8772.474609375
8719.587890625
8671.3720703125
8624.6025390625
8581.708984375
8539.251953125
8497.1240234375
8455.8525390625
8412.6162109375
8370.6962890625
8327.9814453125
