20000.0
20000.0
20000.0
20000.0
20000.0
20000.0
20000.0
20000.0
20000.0
20000.0
20000.0
20000.0
20000.0
20000.0
20000.0
20000.0
20000.0
20000.0
20000.001953125
20000.0
20000.0
20000.0
20000.0
19945.197265625
19255.546875
18712.833984375
18140.734375
17562.396484375
17059.73046875
16574.9921875
16071.34765625
15621.974609375
15196.552734375
14802.1142578125
14422.3720703125
14100.8369140625
13796.9326171875
13496.1279296875
13224.31640625
12963.818359375
12719.83203125
12509.880859375
12288.0498046875
12080.7763671875
11872.037109375
11677.322265625
11485.2802734375
11301.8076171875
11131.119140625
10960.6181640625
10800.8193359375
10640.7578125
10485.9609375
10350.9990234375
10223.3955078125
10112.888671875
10003.6982421875
9899.5244140625
9761.9560546875
9630.4443359375
9510.6162109375
9388.6220703125
9273.5615234375
9158.5849609375
9047.4150390625
8948.6875
8840.681640625
8739.083984375
8634.6474609375
8538.83984375
8441.6142578125
8344.9912109375
8251.81640625
8158.84228515625
8072.69775390625
7984.25537109375
7883.34521484375
7793.46240234375
7700.39794921875
7615.87841796875
7523.70556640625
7436.4111328125
7354.1611328125
7272.0537109375
7195.1630859375
7121.88623046875
7054.6708984375
6990.810546875
6934.42041015625
6885.83544921875
6835.15087890625
6787.05322265625
6736.06396484375
6685.3095703125
6632.26611328125
6579.48828125
6529.60595703125
6473.4296875
6415.1015625
6353.28173828125
6292.7705078125
6239.89306640625
6183.05029296875
6110.79931640625
6022.00732421875
5938.9228515625
5857.31494140625
5780.14013671875
5708.609375
5636.50830078125
5568.328125
5499.29150390625
5431.51025390625
5371.35888671875
5305.81884765625
5243.27392578125
5179.79638671875
5119.50146484375
5058.16455078125
4998.26416015625
4941.59912109375
4884.51806640625
4830.72998046875
4774.62841796875
