20000.0
20000.0
20000.0
20000.0
19758.310546875
20000.0
20000.0
20000.0
20000.0
20000.0
20000.0
20000.0
20000.0
20000.0
20000.0
20000.0
20000.0
20000.0
20000.0
20000.0
20000.0
20000.0
20000.0
20000.0
20000.0
20000.0
20000.0
20000.0
20000.0
19999.98046875
19463.4453125
18860.32421875
18325.8984375
17875.638671875
17454.998046875
17017.564453125
16617.228515625
16229.2783203125
15873.298828125
15505.806640625
15158.1806640625
14854.333984375
14515.888671875
14201.2734375
13889.7353515625
13595.5986328125
13292.3017578125
12978.6669921875
12680.7080078125
12372.322265625
12081.67578125
11785.921875
11507.47265625
11271.0888671875
11022.8134765625
10805.935546875
10581.140625
10354.5849609375
10127.1484375
9914.017578125
9717.0185546875
9519.369140625
9346.302734375
9203.0849609375
9064.3984375
8941.76953125
8808.744140625
8683.05078125
8557.3408203125
8439.103515625
8318.6630859375
8198.5556640625
8083.712890625
7965.03564453125
7853.5380859375
7742.43896484375
7635.658203125
7541.90576171875
7435.29638671875
7337.91357421875
7241.9580078125
7151.60693359375
7059.25341796875
6968.64306640625
6883.24951171875
6797.369140625
6716.49755859375
6634.77880859375
6554.5390625
6483.3896484375
6406.3046875
6333.28271484375
6258.87158203125
6186.58203125
6118.015625
6050.8896484375
5986.11865234375
5919.962890625
5857.08349609375
5793.4287109375
5728.8125
5669.59814453125
5605.001953125
5544.130859375
5482.7607421875
5424.8505859375
5368.373046875
5313.814453125
5261.3671875
5207.13818359375
5154.8212890625
5101.4716796875
5049.43310546875
5003.84033203125
4955.40234375
4910.89013671875
4867.47216796875
4825.62255859375
4782.1435546875
4738.83447265625
4697.5361328125
4655.96044921875
4616.865234375
4577.7841796875
