20000.0
20000.0
20000.0
19733.23046875
19144.716796875
19309.78515625
19702.623046875
20000.0
20000.0
20000.0
20000.0
20000.0
20000.0
20000.0
20000.0
20000.0
20000.0
20000.0
20000.0
20000.0
20000.0
20000.0
20000.0
20000.0
20000.0
20000.0
20000.0
20000.0
20000.0
20000.0
19999.99609375
20000.0
19999.99609375
20000.0
20000.0
20000.0
20000.0
19999.58984375
19999.978515625
20000.0
19846.42578125
19498.201171875
19180.52734375
18830.044921875
18487.39453125
18155.9296875
17841.142578125
17547.658203125
17253.099609375
16975.533203125
16688.80078125
16392.671875
16104.60546875
15795.9873046875
15501.0625
15201.3466796875
14915.052734375
14623.8125
14339.890625
14072.609375
13779.1630859375
13492.6064453125
13207.5361328125
12934.896484375
12703.2314453125
12461.865234375
12240.083984375
12021.2568359375
11818.02734375
11612.75
11413.6708984375
11224.673828125
11033.232421875
10852.068359375
10671.1142578125
10497.892578125
10359.984375
10203.802734375
10053.8046875
9904.447265625
9755.5888671875
9605.3232421875
9493.490234375
9389.5791015625
9284.890625
9185.337890625
9084.09375
8984.5234375
8895.5810546875
8798.8623046875
8707.09375
8614.396484375
8526.41015625
8437.4169921875
8350.208984375
8266.921875
8180.9677734375
8098.86767578125
8016.2119140625
7938.78955078125
7869.966796875
7794.8203125
7722.57470703125
7648.58837890625
7577.96484375
7506.1455078125
7435.78662109375
7368.9599609375
7300.7451171875
7235.40576171875
7168.61865234375
7102.98974609375
7044.5517578125
6980.84326171875
6920.2138671875
6859.29443359375
6802.162109375
6744.58544921875
6687.72216796875
6632.96044921875
6576.65234375
6523.06396484375
6468.23681640625
