20000.0
20000.0
20000.0
20000.0
20000.0
20000.0
20000.0
20000.0
20000.0
20000.0
20000.0
20000.0
20000.0
20000.0
20000.0
20000.0
20000.0
20000.0
20000.0
20000.0
20000.0
20000.0
20000.0
20000.0
20000.0
19998.357421875
20000.0
20000.0
19999.994140625
19999.998046875
19999.998046875
19999.99609375
20000.0078125
20000.0
20000.001953125
20000.0
20000.0
20000.0
20000.0
20000.0
20000.0
20000.0
20000.0
20000.0
20000.0
20000.0
20000.0
20000.0
19356.65234375
18735.869140625
18195.080078125
17715.50390625
17249.630859375
16850.171875
16542.298828125
16174.46875
15763.8271484375
15428.1748046875
15136.369140625
14862.6669921875
14604.9287109375
14348.0693359375
14087.9912109375
13853.2255859375
13629.314453125
13415.716796875
13229.8994140625
13030.2841796875
12843.482421875
12651.259765625
12466.970703125
12276.0205078125
12082.5947265625
11898.53125
11722.9423828125
11554.341796875
11370.205078125
11173.712890625
10981.7734375
10765.5224609375
10557.9521484375
10352.7822265625
10172.556640625
10012.6962890625
9875.10546875
9738.7919921875
9587.5947265625
9371.4140625
9154.1826171875
8948.890625
8772.392578125
8586.4775390625
8415.083984375
8243.05078125
8077.18212890625
7908.9833984375
7748.71435546875
7598.44921875
7448.88134765625
7311.05224609375
7177.45166015625
7050.98974609375
6941.89501953125
6826.650390625
6718.0390625
6607.14794921875
6501.0166015625
6392.73486328125
6285.8974609375
6184.333984375
6081.525390625
5984.57763671875
5887.111328125
5792.53173828125
5709.50146484375
5620.5556640625
5537.15234375
5453.9453125
5376.64794921875
5300.173828125
5225.55126953125
5154.32470703125
5081.66162109375
5012.1083984375
4941.51416015625
