20000.0
20000.0
20000.0
20000.0
20000.0
20000.0
20000.0
20000.0
20000.0
20000.0
20000.0
20000.0
20000.0
20000.0
20000.0
20000.0
20000.0
20000.0
20000.0
20000.0
20000.0
20000.0
20000.0
20000.0
20000.0
20000.0
19999.99609375
19999.998046875
20000.0
20000.0
20000.0
19999.982421875
20000.0
20000.0
20000.0
20000.0
20000.0
20000.0
20000.0
20000.0
20000.0
19999.998046875
20000.0
20000.0
20000.0
20000.0
20000.0
19999.9921875
20000.0
20000.0
19999.99609375
19485.71875
18874.701171875
18403.603515625
17866.279296875
17240.7734375
16686.845703125
16230.150390625
15756.33984375
15307.5419921875
14910.6533203125
14553.4326171875
14236.0537109375
13946.369140625
13681.576171875
13458.599609375
13228.5302734375
13021.255859375
12824.0654296875
12637.6982421875
12445.2822265625
12258.5361328125
12086.9697265625
11911.419921875
11745.7216796875
11584.177734375
11430.8935546875
11297.271484375
11153.9384765625
11019.587890625
10885.3896484375
10760.505859375
10637.90625
10518.24609375
10403.91796875
10289.328125
10177.6083984375
10053.7861328125
9930.0341796875
9819.7353515625
9699.4111328125
9584.93359375
9467.9619140625
9354.904296875
9238.0107421875
9119.5966796875
9000.6787109375
8878.5869140625
8762.265625
8643.2138671875
8525.294921875
8419.6572265625
8303.3525390625
8192.0009765625
8079.267578125
7972.4345703125
7864.98095703125
7758.96630859375
7657.06982421875
7559.8505859375
7472.78076171875
7378.66357421875
7280.064453125
7192.419921875
7096.6943359375
7005.6572265625
6912.4736328125
6823.04931640625
6730.98095703125
6638.15478515625
6544.46728515625
6446.14404296875
6351.34130859375
6255.27685546875
