20000.0
20000.0
20000.0
20000.0
20000.0
20000.0
20000.0
20000.0
20000.0
20000.0
20000.0
20000.0
20000.0
20000.0
20000.0
20000.0
20000.0
19999.998046875
20000.0
20000.0
20000.0
20000.0
20000.0
20000.0
20000.0
20000.0
20000.0
20000.0
20000.0
19999.16796875
20000.0
19999.970703125
19999.98046875
19999.955078125
20000.0
20000.0
19999.990234375
20000.0
19999.994140625
20000.0
19836.849609375
19212.00390625
18731.3203125
18295.88671875
17907.748046875
17518.97265625
17181.25390625
16889.3046875
16638.18359375
16406.11328125
16176.3828125
15931.224609375
15677.8603515625
15435.1201171875
15226.8134765625
15009.0390625
14813.0654296875
14627.029296875
14459.90625
14297.6845703125
14143.2392578125
13999.716796875
13856.35546875
13719.052734375
13578.1025390625
13436.197265625
13309.31640625
13173.861328125
13048.3310546875
12924.2958984375
12808.6572265625
12694.0947265625
12584.376953125
12482.38671875
12379.4814453125
12275.0341796875
12167.4892578125
12063.466796875
11972.8251953125
11876.3017578125
11785.9345703125
11694.9638671875
11608.7392578125
11521.623046875
11435.693359375
11354.1142578125
11271.732421875
11193.3779296875
11113.8818359375
11036.1494140625
10967.3720703125
10893.5537109375
10824.24609375
10754.9951171875
10690.1953125
10625.5439453125
10561.2294921875
10500.64453125
10440.017578125
10383.1337890625
10325.642578125
10269.849609375
10220.29296875
10167.1484375
10115.0556640625
10060.8837890625
10010.5205078125
9960.1640625
9910.87890625
9864.1787109375
9820.841796875
9779.701171875
9739.5966796875
9701.2451171875
9667.103515625
9629.3193359375
9592.65625
9554.5830078125
9515.9736328125
9474.5634765625
9432.3564453125
9391.0361328125
9348.37890625
9306.115234375
9262.515625
