20000.0
20000.0
20000.0
20000.0
20000.0
20000.0
20000.0
20000.0
20000.0
20000.0
20000.0
20000.0
20000.0
20000.0
20000.0
20000.0
20000.0
20000.0
20000.0
20000.0
20000.0
20000.0
20000.0
20000.0
20000.0
20000.0
20000.0
20000.0
20000.0
19998.609375
20000.0
20000.0
20000.0
19999.939453125
20000.0
20000.0
19999.984375
20000.0
20000.0
20000.0
20000.0
19999.998046875
20000.0
20000.0
20000.0
20000.0
20000.0
20000.0
19999.998046875
20000.0
20000.0
20000.0
20000.0
20000.0
20000.0
20000.0
19999.99609375
20000.0
20000.0
20000.0
20000.0
19999.9609375
19999.974609375
20000.0
19912.375
19083.474609375
18226.736328125
17484.037109375
16803.427734375
16201.560546875
15665.5908203125
15145.2607421875
14588.82421875
14070.7080078125
13648.8505859375
13255.43359375
12876.298828125
12545.3173828125
12214.580078125
11903.798828125
11604.357421875
11337.6494140625
11073.1904296875
10823.5126953125
10591.3271484375
10359.3349609375
10142.611328125
9924.5224609375
9710.166015625
9519.6123046875
9310.5966796875
9110.39453125
8906.703125
8713.6201171875
8500.625
8286.6845703125
8086.06201171875
7884.07568359375
7693.45263671875
7502.07666015625
7315.98046875
7159.26806640625
6999.18017578125
6851.02587890625
6704.4736328125
6569.0810546875
6437.69970703125
6311.87109375
6206.49658203125
6096.779296875
5972.2109375
5841.20068359375
5713.59130859375
5601.6376953125
5483.0927734375
5380.91259765625
5279.54541015625
5186.2939453125
5094.76171875
5007.3349609375
4926.43701171875
4846.41796875
4771.98974609375
4699.50146484375
