20000.0
19374.544921875
18730.68359375
18053.6640625
17649.21875
17568.62890625
17801.798828125
18163.412109375
19044.44921875
19827.3359375
20000.0
20000.0
20000.0
20000.0
20000.0
20000.0
19697.125
16701.57421875
15183.3642578125
14290.8681640625
13659.341796875
13210.357421875
12731.0234375
12297.96875
11880.671875
11483.509765625
11144.0947265625
10848.607421875
10592.3369140625
10343.8427734375
10109.5087890625
9913.1142578125
9714.423828125
9539.40625
9375.7294921875
9218.705078125
9048.9052734375
8881.390625
8731.427734375
8575.04296875
8439.5341796875
8326.0615234375
8216.908203125
8120.92431640625
8016.1591796875
7916.1494140625
7813.6279296875
7716.69189453125
7619.3388671875
7525.3720703125
7437.62841796875
7349.701171875
7266.41162109375
7178.9296875
7091.45068359375
7012.9912109375
6926.04052734375
6842.02685546875
6757.86083984375
6676.47802734375
6596.380859375
6518.76416015625
6445.423828125
6372.32275390625
6303.58154296875
6233.822265625
6165.50830078125
6104.37353515625
6036.82568359375
5971.58740234375
5903.29833984375
5837.1220703125
5769.41259765625
5703.16748046875
5640.7841796875
5578.431640625
5519.86572265625
5461.00830078125
5403.74755859375
5353.61376953125
5299.97216796875
5249.6396484375
5199.10986328125
5151.4287109375
5103.39892578125
5056.5537109375
5012.23388671875
4967.75439453125
4926.45703125
4884.947265625
4842.529296875
4804.92236328125
4764.2255859375
4725.5791015625
4686.24169921875
4648.5
4609.75244140625
4571.34765625
4534.82421875
4498.07373046875
4463.95166015625
4430.013671875
4397.05810546875
4367.77294921875
4335.3369140625
4304.529296875
4273.48681640625
4244.1650390625
4214.5703125
4185.6171875
4158.130859375
4130.765625
4105.22314453125
4079.64208984375
4054.730712890625
4032.719482421875
4008.869873046875
3986.239013671875
3963.490234375
3942.051025390625
3920.32275390625
3898.880859375
3878.36083984375
3857.343505859375
3837.347412109375
3818.763671875
