20000.0
20000.0
20000.0
20000.0
20000.0
20000.0
20000.0
20000.0
20000.0
20000.0
20000.0
20000.0
20000.0
20000.0
20000.0
20000.0
20000.0
20000.0
20000.0
20000.0
20000.0
20000.0
20000.0
20000.0
20000.0
20000.0
20000.0
20000.0
20000.0
20000.0
20000.0
20000.0
20000.0
20000.0
20000.0
20000.0
20000.0
20000.0
19999.98828125
20000.0
19999.998046875
20000.0
19999.966796875
20000.0
20000.001953125
20000.0
20000.0
20000.0
20000.0
20000.0
20000.0
20000.0
20000.0
20000.0
20000.0
20000.0
20000.0
20000.0
20000.0
20000.0
20000.0
20000.0
20000.0
20000.0
20000.0
20000.0
20000.0
20000.0
20000.0
20000.0
20000.0
20000.0
19999.990234375
20000.0
20000.0
19662.771484375
19282.423828125
18953.302734375
18607.857421875
18296.08984375
17995.302734375
17720.69921875
17451.556640625
17195.201171875
16963.255859375
16751.630859375
16560.6953125
16376.2099609375
16182.775390625
15940.474609375
15649.595703125
15405.111328125
15192.0185546875
15014.6728515625
14853.3603515625
14710.435546875
14565.37890625
14406.677734375
14252.8232421875
14093.4130859375
13934.5947265625
13792.6416015625
13631.2783203125
13476.470703125
13324.56640625
13188.208984375
13040.7861328125
12875.6572265625
12732.7783203125
12595.716796875
12471.142578125
12349.8857421875
12234.6826171875
12132.044921875
12021.7001953125
11917.0419921875
11809.9892578125
11713.845703125
11611.138671875
11512.658203125
11421.4130859375
11331.009765625
11246.9521484375
11162.0205078125
