20000.0
20000.0
20000.0
20000.0
20000.0
20000.0
20000.0
20000.0
20000.0
20000.0
20000.0
20000.0
20000.0
20000.0
20000.0
20000.0
20000.0
20000.0
20000.0
20000.0
20000.0
20000.0
20000.0
20000.0
20000.0
20000.0
20000.0
20000.0
20000.0
20000.0
20000.0
20000.0
20000.0
20000.0
20000.0
20000.0
20000.0
20000.0
20000.0
20000.0
20000.0
20000.0
20000.0
20000.0
19999.365234375
20000.0
20000.0
20000.0
20000.0
20000.0
19999.998046875
20000.0
20000.0
19999.97265625
20000.0
20000.0
20000.0
20000.0
20000.0
20000.0
20000.0
20000.0
20000.0
20000.0
20000.0
20000.0
19999.998046875
20000.0
19999.98046875
20000.0
20000.0
20000.0
20000.0
20000.0
20000.0
19999.994140625
20000.0
20000.0
20000.0
19999.998046875
20000.0
20000.0
20000.0
20000.0
19999.998046875
20000.0
20000.0
20000.0
20000.0
20000.0
20000.0
20000.0
20000.0
20000.0
20000.0
20000.0
19053.810546875
17811.576171875
16680.8671875
15670.3212890625
14746.611328125
13878.732421875
13041.80078125
12273.7587890625
11607.75
10905.2548828125
10294.96875
9714.337890625
9201.2880859375
8716.626953125
8275.6611328125
7882.8544921875
7486.93115234375
7126.763671875
6796.53076171875
6492.24755859375
6236.36279296875
5979.77294921875
5752.40625
5531.0439453125
5324.255859375
5120.89111328125
4928.0849609375
4754.34326171875
4585.14306640625
4430.2978515625
4281.861328125
