20000.0
20000.0
20000.0
20000.0
20000.0
20000.0
20000.0
20000.0
20000.0
20000.0
20000.0
20000.0
20000.0
20000.0
20000.0
20000.0
20000.0
20000.0
20000.0
20000.0
20000.0
20000.0
20000.0
19999.998046875
19999.986328125
19999.990234375
19999.830078125
19999.99609375
20000.0
20000.0
20000.0
20000.0
20000.0
20000.0
20000.0
19092.517578125
18174.078125
17298.158203125
16493.68359375
15783.80078125
15100.14453125
14489.1796875
13910.673828125
13364.421875
12909.4609375
12451.935546875
12046.7763671875
11660.2802734375
11354.455078125
11055.7705078125
10771.12109375
10508.6455078125
10247.2958984375
10005.4091796875
9769.1376953125
9546.1953125
9349.9248046875
9143.2783203125
8943.259765625
8730.5888671875
8515.1513671875
8326.580078125
8132.16015625
7950.37548828125
7774.04736328125
7593.18994140625
7421.6005859375
7265.70947265625
7126.89599609375
6978.7587890625
6846.17138671875
6717.53466796875
6594.32373046875
6468.31298828125
6345.31640625
6230.5283203125
6125.439453125
6032.51611328125
5936.96533203125
5841.8974609375
5757.9794921875
5667.4716796875
5581.50390625
5490.67919921875
5404.61767578125
5318.7587890625
5236.21728515625
5155.90869140625
5066.75146484375
4979.9375
4892.95849609375
4809.0263671875
4735.53369140625
4657.16748046875
4582.943359375
4510.45703125
4444.025390625
4378.20361328125
4314.10009765625
4248.99169921875
4183.74462890625
4123.6015625
4064.403564453125
4007.749267578125
3958.242431640625
3904.934326171875
3854.262451171875
3806.273193359375
3763.611083984375
3721.72607421875
3680.522216796875
3641.268798828125
3601.3037109375
3563.47705078125
3525.723388671875
3490.148681640625
3459.322509765625
3426.550537109375
3396.212646484375
3366.638916015625
3340.208740234375
3314.562255859375
3290.108154296875
3267.429443359375
3244.951171875
3224.12060546875
3203.990234375
