20000.0
20000.0
20000.0
19999.998046875
19999.998046875
20000.0
20000.0
20000.0
20000.0
20000.0
20000.0
20000.0
20000.0
20000.0
20000.0
20000.0
20000.0
20000.0
20000.0
20000.0
20000.0
20000.0
20000.0
20000.0
20000.0
20000.0
20000.0
20000.0
20000.0
20000.0
20000.0
20000.0
20000.0
20000.0
20000.0
20000.0
20000.0
20000.0
20000.0
19999.982421875
20000.0
20000.0
20000.0
20000.0
20000.0
20000.0
19999.994140625
19957.9296875
19546.583984375
19206.0625
18901.65625
18631.634765625
18367.806640625
18107.890625
17864.630859375
17589.611328125
17320.13671875
17047.1640625
16794.36328125
16547.83203125
16316.794921875
16107.0908203125
15903.015625
15699.86328125
15478.9287109375
15269.08203125
15076.421875
14850.197265625
14627.6357421875
14407.5869140625
14208.8408203125
14008.427734375
13818.0234375
13601.365234375
13357.1142578125
13103.3955078125
12838.1923828125
12578.390625
12350.599609375
12107.693359375
11892.28125
11689.9033203125
11504.2421875
11321.8115234375
11150.51171875
11007.0458984375
10868.3896484375
10730.89453125
10588.0830078125
10448.0419921875
10324.3193359375
10206.9375
10101.2763671875
9994.0478515625
9891.40234375
9786.13671875
9681.6328125
9581.3330078125
9478.5986328125
9376.265625
9267.2392578125
9158.9541015625
9062.904296875
8958.8173828125
8860.1669921875
8760.3720703125
8665.416015625
8569.216796875
8474.783203125
8384.7431640625
8293.40234375
8206.4052734375
8118.14306640625
8031.8447265625
7955.1220703125
7871.50537109375
7791.88330078125
7711.58251953125
7635.3310546875
7557.81494140625
7481.5
7408.81689453125
7334.86865234375
7264.52490234375
7192.423828125
