20000.0
20000.0
20000.0
20000.0
20000.0
20000.0
20000.0
20000.0
20000.0
20000.0
20000.0
20000.0
20000.0
20000.0
20000.0
20000.0
20000.0
20000.0
20000.0
20000.0
20000.0
20000.0
19999.98828125
19997.4765625
20000.0
20000.0
20000.0
20000.0
20000.0
20000.0
20000.0
20000.0
20000.0
20000.0
20000.0
20000.0
20000.0
19999.9921875
20000.0
20000.0
20000.0
20000.0
19999.998046875
19782.037109375
19197.091796875
18583.482421875
18008.66015625
17452.197265625
16934.14453125
16466.64453125
16013.4736328125
15599.859375
15181.4453125
14795.525390625
14467.673828125
14128.8115234375
13823.9951171875
13523.1396484375
13190.5888671875
12876.158203125
12602.72265625
12358.4775390625
12120.7744140625
11903.1572265625
11689.7978515625
11486.4521484375
11313.998046875
11139.0634765625
10963.3349609375
10799.01171875
10646.4091796875
10494.3369140625
10346.544921875
10206.3701171875
10063.5166015625
9928.9267578125
9784.3564453125
9626.4267578125
9490.515625
9358.8056640625
9241.56640625
9116.84375
8991.1005859375
8860.107421875
8730.8330078125
8607.669921875
8481.357421875
8357.7314453125
8233.0419921875
8109.10009765625
7999.2841796875
7884.20458984375
7779.10791015625
7676.22314453125
7579.14892578125
7480.08056640625
7381.53564453125
7287.5009765625
7193.31591796875
7105.65576171875
7018.54736328125
6934.19873046875
6859.8564453125
6779.0810546875
6703.23876953125
6628.14306640625
6558.041015625
6487.1171875
6419.35009765625
6351.57763671875
6279.77978515625
6208.5615234375
6132.95166015625
6056.494140625
5990.10009765625
5916.60107421875
5845.001953125
5770.81640625
5698.806640625
5624.1806640625
5549.578125
5477.99853515625
5404.4541015625
5333.6015625
5260.7216796875
