20000.0
20000.0
20000.0
19999.998046875
20000.0
20000.0
20000.0
20000.0
20000.0
20000.0
20000.0
20000.0
20000.0
20000.0
20000.0
20000.0
20000.0
20000.0
20000.0
20000.0
20000.0
20000.0
20000.0
20000.0
20000.0
20000.0
20000.0
20000.0
20000.0
20000.0
19999.8046875
20000.0
19999.94140625
20000.0
20000.0
19999.98828125
20000.0
20000.0
20000.0
20000.0
20000.0
20000.0
19999.998046875
20000.0
20000.0
20000.0
19667.794921875
19232.69921875
18845.568359375
18475.76171875
18140.751953125
17814.822265625
17509.607421875
17246.533203125
16969.5
16659.833984375
16279.9658203125
15997.673828125
15742.142578125
15469.41015625
15230.8896484375
15007.453125
14801.9697265625
14602.6201171875
14414.775390625
14244.197265625
14048.2685546875
13870.0546875
13688.580078125
13520.4638671875
13352.2138671875
13183.8642578125
13023.5859375
12831.9140625
12648.1142578125
12474.810546875
12315.8486328125
12173.884765625
12014.0732421875
11864.5888671875
11720.490234375
11593.0810546875
11472.373046875
11366.6494140625
11264.5361328125
11164.259765625
11070.5927734375
10974.453125
10879.3544921875
10793.9208984375
10699.017578125
10609.3173828125
10521.33984375
10439.7900390625
10358.162109375
10278.2822265625
10202.5751953125
10127.0576171875
10056.8115234375
9985.9658203125
9915.896484375
9852.810546875
9782.80078125
9715.9453125
9648.109375
9585.810546875
9523.4833984375
9462.525390625
9405.42578125
9348.2568359375
9293.96484375
9238.662109375
9184.0576171875
9135.3720703125
9082.291015625
9031.8359375
8981.0537109375
8933.0078125
8884.208984375
8836.498046875
8789.48828125
8740.6650390625
8693.7236328125
8645.6396484375
