20000.0
20000.0
20000.0
20000.0
20000.0
20000.0
20000.0
20000.0
20000.0
20000.0
20000.0
20000.0
20000.0
20000.0
20000.0
20000.0
20000.0
20000.0
20000.0
20000.0
20000.0
20000.0
20000.0
20000.0
20000.0
20000.0
20000.0
20000.0
20000.0
20000.0
20000.0
20000.0
19999.998046875
20000.009765625
19999.99609375
19999.892578125
20000.0
20000.0
20000.0
20000.0
20000.0
20000.0
19999.998046875
20000.0
20000.0
20000.0
20000.0
20000.0
20000.0
20000.0
20000.0
20000.0
20000.0
20000.0
20000.0
20000.0
20000.0
20000.0
20000.0
20000.0
20000.0
20000.00390625
20000.001953125
20000.0
20000.0
19999.9921875
20000.0
20000.0
20000.0
19999.97265625
20000.0
20000.0
20000.0
20000.0
20000.0
19999.904296875
19604.63671875
18692.0859375
17721.21484375
16871.3671875
16111.8935546875
15442.4091796875
14770.052734375
14165.654296875
13623.1435546875
13096.9521484375
12610.8037109375
12137.1630859375
11693.49609375
11296.59765625
10867.6943359375
10471.1357421875
10079.630859375
9719.9619140625
9368.560546875
9037.041015625
8733.7314453125
8439.09765625
8170.5419921875
7908.48828125
7668.28466796875
7472.60791015625
7266.34716796875
7072.552734375
6880.626953125
6703.88671875
6530.61767578125
6368.12109375
6219.7998046875
6073.72607421875
5940.9140625
5811.33154296875
5690.58349609375
5583.416015625
5469.3251953125
5364.33056640625
5261.54833984375
5166.92724609375
5074.30322265625
4986.2626953125
4904.8017578125
4824.619140625
4750.625
4677.720703125
