20000.0
20000.0
20000.0
20000.0
20000.0
20000.0
20000.0
20000.0
20000.0
20000.0
20000.0
20000.0
20000.0
20000.0
20000.0
20000.0
20000.0
20000.0
20000.0
20000.0
20000.0
20000.0
20000.0
19999.861328125
19999.986328125
20000.0
19998.10546875
20000.0
20000.0
20000.0
20000.0
20000.0
20000.0
20000.01171875
20000.0
20000.0
20000.00390625
20000.0
20000.0
20000.0
20000.001953125
19999.998046875
20000.0
20000.0
20000.0
20000.0
20000.0
20000.0
20000.0
20000.0
20000.0
20000.0
20000.0
20000.0
19999.947265625
20000.0
19721.681640625
19009.158203125
18303.13671875
17712.515625
17181.9453125
16490.673828125
15902.720703125
15376.5263671875
14925.4365234375
14567.033203125
14190.087890625
13839.548828125
13499.4091796875
13200.103515625
12924.5751953125
12679.97265625
12453.97265625
12229.4609375
12022.970703125
11818.3232421875
11622.5234375
11453.4267578125
11270.142578125
11089.1005859375
10904.7138671875
10732.478515625
10556.3310546875
10380.607421875
10207.5107421875
10035.794921875
9873.427734375
9707.8994140625
9546.751953125
9405.1806640625
9253.0576171875
9107.8271484375
8960.44140625
8821.71484375
8682.521484375
8547.8759765625
8421.7939453125
8295.4775390625
8177.107421875
8058.298828125
7942.751953125
7840.03125
7727.03125
7617.3037109375
7504.62646484375
7397.52490234375
7288.22119140625
7177.52099609375
7073.4658203125
6969.91357421875
6873.92724609375
6779.16064453125
6687.447265625
6607.10009765625
6521.04541015625
6440.91748046875
6361.75830078125
6289.06787109375
6217.7333984375
6149.7744140625
6086.2236328125
6022.1064453125
5961.7041015625
5901.31005859375
