20000.0
20000.0
20000.0
20000.0
20000.0
20000.0
20000.0
20000.0
20000.0
20000.0
20000.0
20000.0
20000.0
20000.0
20000.0
20000.0
20000.0
20000.0
20000.0
19999.982421875
20000.0
20000.0
20000.0
20000.0
19999.775390625
19999.978515625
20000.0
20000.0
19999.953125
19999.998046875
20000.0
20000.0
20000.0
20000.0
20000.0
19999.998046875
19999.998046875
20000.0
19999.998046875
20000.0
20000.0
20000.0
20000.0
20000.0
20000.0
19503.904296875
18830.453125
18090.154296875
17436.830078125
16857.1953125
16325.5224609375
15830.96875
15351.44921875
14933.373046875
14602.2529296875
14265.3388671875
13959.0859375
13669.81640625
13412.8466796875
13157.525390625
12930.9365234375
12738.544921875
12556.0869140625
12386.609375
12216.400390625
12042.9169921875
11883.1982421875
11706.712890625
11538.83203125
11378.9619140625
11223.443359375
11063.8232421875
10912.1455078125
10767.2783203125
10621.0869140625
10485.6943359375
10351.8046875
10222.228515625
10107.7470703125
9983.2685546875
9865.6181640625
9747.853515625
9638.1025390625
9528.841796875
9424.625
9326.81640625
9223.24609375
9126.2470703125
9024.173828125
8922.7548828125
8833.4833984375
8735.900390625
8643.068359375
8548.224609375
8457.6640625
8366.8564453125
8278.2060546875
8192.9169921875
8104.0283203125
8016.25537109375
7925.5439453125
7835.611328125
7755.6083984375
7667.884765625
7583.466796875
7496.8642578125
7414.3251953125
7330.0029296875
7246.31396484375
7166.77490234375
7085.95556640625
7008.79931640625
6929.67822265625
6850.10205078125
6776.75048828125
6693.3896484375
6614.37939453125
6531.6005859375
6452.2900390625
6373.1787109375
6299.54736328125
6232.2041015625
6163.72216796875
6098.4521484375
6032.732421875
