20000.0
20000.0
20000.0
20000.0
20000.0
20000.0
20000.0
20000.0
20000.0
20000.0
20000.0
20000.0
20000.0
20000.0
20000.0
20000.0
20000.0
20000.0
20000.0
20000.0
20000.0
20000.0
20000.0
20000.0
20000.0
20000.0
20000.0
20000.0
20000.0
20000.0
20000.0
20000.0
20000.0
20000.0
20000.0
19999.953125
20000.0
20000.0
19999.990234375
20000.0
20000.0
20000.0
20000.0
20000.0
20000.0
19999.90234375
20000.0
20000.0
20000.0
20000.0
19999.98046875
20000.0
20000.0
19999.998046875
20000.0
20000.0
19999.9921875
20000.0
20000.0
19999.998046875
20000.0
20000.0
20000.0
20000.0
20000.0
20000.0
20000.0
20000.0
19088.359375
18187.302734375
17131.931640625
16207.298828125
15343.3671875
14560.2255859375
13835.0751953125
13227.935546875
12647.59765625
12116.0478515625
11664.4169921875
11174.6171875
10721.42578125
10306.76171875
9936.078125
9574.63671875
9237.505859375
8936.099609375
8649.4443359375
8412.033203125
8189.962890625
7980.64013671875
7782.28466796875
7576.84521484375
7397.009765625
7228.10693359375
7077.77001953125
6933.775390625
6795.00390625
6662.818359375
6524.8603515625
6394.46142578125
6265.66796875
6142.25927734375
6035.0546875
5920.9423828125
5814.69580078125
5709.29638671875
5602.51171875
5489.82470703125
5383.78564453125
5285.951171875
5190.1123046875
5098.84619140625
5005.76708984375
4914.29296875
4833.2197265625
4745.17138671875
4660.88818359375
4574.875
4492.40673828125
4407.87158203125
4325.40087890625
4248.0966796875
4170.72705078125
4098.125
4025.433837890625
