20000.0
20000.0
20000.0
20000.0
20000.0
20000.0
20000.0
20000.0
20000.0
20000.0
20000.0
20000.0
20000.0
20000.0
20000.0
20000.0
20000.0
20000.0
20000.0
20000.0
20000.0
20000.0
20000.0
19999.8359375
19999.99609375
20000.0
20000.0
20000.0
20000.0
20000.0
20000.0
20000.0
20000.0
20000.0
20000.0
20000.0
19999.994140625
20000.0
20000.0
20000.0
20000.0
20000.0
20000.0
20000.0
19442.16796875
18533.759765625
17729.076171875
16953.97265625
16253.26171875
15537.634765625
14831.9736328125
14250.5869140625
13701.7294921875
13224.9814453125
12799.1455078125
12409.888671875
12089.9970703125
11737.5498046875
11425.837890625
11140.45703125
10881.591796875
10615.4033203125
10357.482421875
10113.4912109375
9868.34765625
9642.8203125
9424.3916015625
9213.02734375
9036.626953125
8859.1064453125
8703.3720703125
8548.0283203125
8399.2275390625
8248.3662109375
8100.27001953125
7950.744140625
7796.2119140625
7649.43896484375
7499.77880859375
7353.42724609375
7225.15625
7087.08056640625
6955.57861328125
6821.306640625
6693.14501953125
6564.60888671875
6436.96337890625
6311.86474609375
6176.7880859375
6046.1162109375
5916.509765625
5792.33984375
5685.18408203125
5567.3984375
5454.3828125
5337.6005859375
5226.328125
5114.3330078125
5005.90087890625
4904.15380859375
4806.72509765625
4714.6845703125
4621.24951171875
4530.47705078125
4450.76025390625
4365.87841796875
4286.74267578125
4208.21923828125
4135.37841796875
4063.05078125
3991.99169921875
3922.043701171875
3848.753173828125
3777.974853515625
3706.17138671875
3636.35888671875
3575.2705078125
3510.589599609375
3450.85400390625
3392.516845703125
3338.880615234375
3287.75732421875
3241.643310546875
3197.609130859375
3151.980224609375
3107.265380859375
3060.80322265625
