20000.0
20000.0
20000.0
19999.99609375
20000.0
19999.998046875
20000.0
20000.0
20000.0
20000.0
20000.0
20000.0
20000.0
20000.0
20000.0
20000.0
20000.0
20000.0
20000.0
20000.0
20000.0
20000.0
20000.0
20000.0
20000.0
19999.97265625
20000.0
20000.0
20000.0
20000.0
20000.0
19999.95703125
20000.0
19999.998046875
20000.0
20000.0078125
20000.0
20000.0
20000.0
20000.001953125
20000.0
20000.0
20000.0
20000.0
19585.24609375
18994.689453125
18460.46484375
17942.486328125
17447.16015625
16997.400390625
16574.734375
16192.8837890625
15802.8330078125
15416.708984375
15075.8916015625
14677.689453125
14260.4521484375
13902.6904296875
13581.666015625
13267.2236328125
12971.16015625
12714.0859375
12470.89453125
12259.7314453125
12042.7998046875
11799.4169921875
11606.9609375
11420.775390625
11257.5458984375
11103.6318359375
10960.3603515625
10812.044921875
10655.5634765625
10509.9658203125
10367.498046875
10243.5966796875
10128.33203125
10019.0732421875
9919.3583984375
9790.2568359375
9662.4560546875
9532.0478515625
9404.2001953125
9270.6904296875
9135.09375
9005.4111328125
8876.2998046875
8756.3671875
8638.4794921875
8524.6923828125
8423.326171875
8312.6279296875
8205.2958984375
8094.79443359375
7988.33203125
7881.42138671875
7778.2373046875
7681.7607421875
7584.92822265625
7492.83544921875
7398.7724609375
7306.16015625
7224.0283203125
7134.341796875
7048.66357421875
6961.51611328125
6878.33984375
6793.11669921875
6708.6103515625
6625.27099609375
6539.78564453125
6458.67822265625
6376.8447265625
6296.58154296875
6225.12158203125
6147.0927734375
6072.7275390625
5997.2529296875
5925.78271484375
5856.3349609375
5788.15625
5722.3857421875
5654.71630859375
5590.30859375
5524.48046875
