20000.0
20000.0
20000.0
20000.0
19999.994140625
20000.0
20000.0
20000.0
20000.0
20000.0
20000.0
20000.0
20000.0
20000.0
20000.0
20000.0
20000.0
20000.0
20000.0
20000.0
20000.0
20000.0
20000.0
20000.0
20000.0
20000.0
20000.0
20000.0
20000.0
20000.0
20000.0
20000.0
20000.0
20000.0
20000.0
20000.0
20000.0
20000.0
20000.0
20000.0
20000.0
20000.0
20000.0
20000.0
20000.0
20000.0
19999.982421875
19999.974609375
20000.0
19999.966796875
20000.0
20000.0
20000.0078125
20000.0
20000.0
20000.0
20000.0
20000.0
20000.0
19999.984375
20000.0
20000.0
20000.0
20000.0
20000.0
20000.0
20000.0
19999.998046875
20000.0
20000.0
20000.0
19999.994140625
20000.0
20000.0
20000.0
20000.0
20000.0
20000.0
20000.0
20000.0
20000.0
20000.0
20000.0
20000.0
20000.0
20000.001953125
20000.0
19909.1796875
19377.943359375
18911.62890625
18415.93359375
17966.259765625
17528.732421875
17126.466796875
16740.177734375
16374.8203125
16026.2001953125
15674.4306640625
15338.3681640625
15008.25390625
14698.33203125
14433.3876953125
14156.3935546875
13910.77734375
13662.697265625
13381.1767578125
13148.04296875
12934.3134765625
12736.173828125
12539.0419921875
12355.1103515625
12171.7060546875
11994.58203125
11839.8076171875
11677.7509765625
11526.0263671875
11383.5810546875
11246.7099609375
11110.7958984375
10963.203125
10812.1396484375
10645.796875
10486.15234375
10331.0849609375
