20000.0
20000.0
20000.0
20000.0
20000.0
20000.0
20000.0
20000.0
20000.0
20000.0
20000.0
20000.0
20000.0
20000.0
20000.0
20000.0
20000.0
20000.0
20000.0
20000.0
20000.0
20000.0
20000.0
20000.0
20000.0
20000.0
20000.0
20000.0
20000.0
20000.0
20000.0
20000.0
20000.0
20000.0
20000.0
19999.998046875
20000.0
20000.0
20000.0
19999.93359375
20000.0
19999.998046875
20000.0
20000.0
19999.994140625
20000.0
20000.0
20000.0
20000.0
20000.0
20000.0
20000.0
20000.0
20000.0
20000.0
20000.0
20000.0
20000.0
20000.0
20000.0
20000.0
20000.0
20000.0
20000.0
20000.0
20000.0
20000.0
20000.0
20000.0
20000.0
20000.0
20000.0
20000.0
20000.0
20000.0
20000.0
19935.83984375
19534.66796875
19153.611328125
18715.822265625
18311.19140625
17917.2265625
17496.40625
17054.28515625
16681.06640625
16346.2197265625
15954.591796875
15592.439453125
15259.048828125
14909.80078125
14597.5986328125
14279.7734375
13999.978515625
13726.1748046875
13482.201171875
13215.673828125
12960.9716796875
12739.0
12530.642578125
12345.962890625
12173.458984375
12010.169921875
11866.60546875
11707.2705078125
11553.4658203125
11398.3095703125
11253.822265625
11103.9521484375
10957.4189453125
10819.041015625
10672.9169921875
10533.671875
10392.8837890625
10255.2548828125
10133.3037109375
10001.18359375
9874.810546875
9748.115234375
9624.775390625
9495.4091796875
9365.7158203125
9238.076171875
9106.55078125
8981.630859375
8854.861328125
