20000.0
20000.0
20000.0
20000.0
20000.0
20000.0
20000.0
20000.0
20000.0
20000.0
20000.0
20000.0
20000.0
20000.0
20000.0
20000.0
20000.0
20000.0
20000.0
20000.0
20000.0
20000.0
20000.0
20000.0
20000.0
20000.0
20000.0
19999.96484375
20000.0
20000.0
20000.0
20000.0
20000.0
19999.998046875
20000.0
20000.0
20000.0
20000.0
20000.0
20000.0
19999.998046875
20000.0
20000.0
20000.0
20000.0
20000.0
20000.0
20000.0
20000.0
20000.0
20000.0
20000.0
20000.0
20000.0
20000.0
20000.0
20000.0
20000.0
20000.0
20000.0
20000.0
19923.310546875
19245.9296875
18538.8046875
17860.8046875
17316.212890625
16624.171875
15967.578125
15396.0
14889.6494140625
14369.1748046875
13892.2158203125
13460.53125
13021.36328125
12632.1708984375
12285.8486328125
11981.87109375
11729.6484375
11459.26953125
11204.2998046875
10954.7255859375
10727.1552734375
10495.435546875
10267.1357421875
10051.9384765625
9835.603515625
9627.544921875
9388.8671875
9146.92578125
8935.9345703125
8712.8447265625
8494.2060546875
8274.421875
8072.9794921875
7878.67431640625
7694.8525390625
7526.44921875
7361.48388671875
7209.27099609375
7058.8203125
6914.6845703125
6790.380859375
6660.43115234375
6538.77587890625
6418.291015625
6307.87109375
6205.078125
6111.47265625
6023.21923828125
5933.69921875
5848.3896484375
5762.3505859375
5678.6865234375
5605.24853515625
5526.59228515625
5452.90478515625
5379.587890625
5311.75390625
5244.5966796875
5181.1826171875
5123.92919921875
5066.14306640625
5012.0107421875
4958.416015625
