20000.0
20000.0
20000.0
20000.0
20000.0
20000.0
20000.0
20000.0
20000.0
20000.0
20000.0
20000.0
20000.0
20000.0
20000.0
20000.0
20000.0
20000.0
20000.0
19999.951171875
20000.0
20000.0
20000.0
20000.0
20000.0
20000.0
20000.0
20000.0
20000.0
19258.14453125
18433.94921875
17743.908203125
17102.8125
16548.6328125
16030.15625
15561.9345703125
15139.14453125
14637.1484375
14132.978515625
13719.5439453125
13350.130859375
13057.8720703125
12763.5400390625
12527.1923828125
12296.341796875
12101.560546875
11861.236328125
11645.2099609375
11466.73046875
11268.017578125
11090.875
10921.951171875
10757.443359375
10613.138671875
10464.189453125
10328.8740234375
10184.4072265625
10042.4599609375
9897.2333984375
9761.8408203125
9639.8564453125
9521.6728515625
9412.5283203125
9302.369140625
9194.865234375
9101.7646484375
9002.6787109375
8910.94140625
8819.0986328125
8732.3466796875
8645.1083984375
8560.3212890625
8480.3857421875
8399.234375
8321.32421875
8241.146484375
8162.1611328125
8092.15625
8017.1083984375
7945.1376953125
7870.6416015625
7798.81591796875
7725.216796875
7651.5966796875
7580.54345703125
7507.68994140625
7437.75439453125
7367.19580078125
7299.046875
7238.93505859375
7173.73193359375
7111.8349609375
7047.03369140625
6984.04638671875
6921.72314453125
6862.24755859375
6806.91748046875
6751.57666015625
6699.53271484375
6647.943359375
6598.19091796875
6554.00732421875
6506.07177734375
6460.216796875
6413.296875
6368.93310546875
6324.48388671875
6282.51123046875
6243.20458984375
6203.42578125
6165.9560546875
6128.5693359375
6092.0947265625
6059.94580078125
6025.35986328125
5992.7373046875
5960.1064453125
5929.44189453125
5888.734375
5847.19384765625
5809.8466796875
5774.0048828125
5742.27001953125
5712.2578125
