20000.0
20000.0
20000.0
20000.0
20000.0
20000.0
20000.0
20000.0
20000.0
20000.0
20000.0
20000.0
20000.0
20000.0
20000.0
20000.0
20000.0
20000.0
20000.0
20000.0
19999.994140625
19999.9921875
19999.73046875
19999.998046875
19999.970703125
20000.0
20000.0
20000.0
20000.0
20000.0
20000.0
19956.072265625
19091.529296875
18392.39453125
17773.578125
17241.412109375
16781.693359375
16356.4970703125
15986.421875
15651.666015625
15330.7353515625
15055.9375
14771.5244140625
14512.1064453125
14258.986328125
14024.0283203125
13793.0068359375
13574.244140625
13382.791015625
13210.9892578125
13058.509765625
12910.1171875
12766.3115234375
12640.0791015625
12504.4375
12376.98828125
12248.69140625
12122.21875
11987.369140625
11852.744140625
11724.6123046875
11594.6396484375
11472.1162109375
11349.796875
11232.1220703125
11129.611328125
11020.3974609375
10918.97265625
10818.080078125
10723.96875
10630.2197265625
10538.0263671875
10450.7646484375
10370.5146484375
10297.4912109375
10228.4208984375
10162.6025390625
10104.7880859375
10043.1064453125
9985.8359375
9928.2294921875
9873.8623046875
9818.7861328125
9760.75
9703.240234375
9645.0576171875
9590.056640625
9532.521484375
9480.240234375
9437.3115234375
9391.220703125
9347.693359375
9303.8916015625
9262.7578125
9221.443359375
9181.29296875
9143.51171875
9097.970703125
9052.5771484375
9011.0244140625
8958.6005859375
8908.2919921875
8858.7734375
8817.5576171875
8779.884765625
8746.388671875
8713.6328125
8682.2763671875
8652.8134765625
8623.34375
8595.6875
8568.1640625
8541.2958984375
8516.2265625
8484.748046875
8454.0947265625
8423.7734375
8395.943359375
8368.611328125
8342.4140625
8317.5302734375
8292.6865234375
8268.9560546875
8245.26953125
