20000.0
20000.0
20000.0
20000.0
20000.0
20000.0
20000.0
20000.0
20000.0
20000.0
20000.0
20000.0
20000.0
20000.0
20000.0
20000.0
19999.4609375
20000.0
20000.0
20000.0
19999.994140625
20000.0
20000.0
20000.0
20000.0
20000.0
20000.0
20000.0
20000.0
20000.0
20000.0
20000.0
19003.142578125
17562.4609375
16451.142578125
15566.16015625
14838.513671875
14169.9267578125
13561.6875
12969.4794921875
12442.259765625
11939.330078125
11479.3779296875
11099.8017578125
10712.7783203125
10362.8291015625
10016.744140625
9678.275390625
9344.90234375
9030.5107421875
8737.5126953125
8468.169921875
8220.3681640625
7968.74462890625
7723.09326171875
7506.82373046875
7273.142578125
7055.94580078125
6835.1767578125
6627.435546875
6426.1923828125
6238.20556640625
6069.0048828125
5901.39892578125
5752.14697265625
5606.1767578125
5467.4375
5348.50634765625
5226.6630859375
5117.96435546875
5011.310546875
4913.87158203125
4821.271484375
4733.75
4653.013671875
4573.56982421875
4500.39892578125
4429.1552734375
4362.544921875
4306.07421875
4246.71826171875
4191.9921875
4138.69482421875
4089.740234375
4043.3798828125
4001.358642578125
3962.9482421875
3925.35302734375
3891.56884765625
3858.76708984375
3827.801513671875
3801.190185546875
3773.12890625
3747.1572265625
3721.478515625
3697.606689453125
3673.826171875
3650.912109375
3629.53955078125
3608.168212890625
3587.164306640625
3565.01904296875
3543.558837890625
3524.95166015625
3505.25244140625
3486.96923828125
3468.830078125
3450.998779296875
3430.576171875
3411.077392578125
3393.271728515625
3375.9326171875
3360.28173828125
3344.759033203125
3329.91650390625
3317.055908203125
3303.35107421875
3290.515380859375
3277.693115234375
3265.669921875
3253.615478515625
3242.123291015625
3232.0390625
3222.10205078125
3212.6630859375
3203.05615234375
