20000.0
20000.0
20000.0
20000.0
19591.111328125
19186.66015625
19060.427734375
19337.85546875
19777.490234375
20000.0
20000.0
20000.0
20000.0
20000.0
20000.0
20000.0
20000.0
20000.0
20000.0
20000.0
20000.0
20000.0
20000.0
20000.0
20000.0
20000.0
20000.0
19999.98828125
19999.98828125
19219.728515625
18521.103515625
18065.390625
17701.814453125
17328.724609375
16982.5078125
16626.904296875
16300.7607421875
16019.60546875
15749.748046875
15504.984375
15277.451171875
15074.5234375
14903.8603515625
14730.8876953125
14575.140625
14414.1865234375
14256.94140625
14100.7998046875
13934.5068359375
13780.369140625
13631.544921875
13495.8076171875
13362.7021484375
13235.7705078125
13124.6943359375
13004.8935546875
12891.0205078125
12773.55859375
12660.15625
12543.720703125
12428.5634765625
12318.12890625
12204.1337890625
12093.9951171875
11975.849609375
11855.6396484375
11747.3203125
11626.2412109375
11500.4443359375
11374.09375
11257.6005859375
11142.5771484375
11033.84765625
10936.1005859375
10839.4970703125
10747.1982421875
10651.0595703125
10553.828125
10466.1240234375
10378.7880859375
10301.8232421875
10226.552734375
10157.0498046875
10089.0439453125
10023.8994140625
9962.5458984375
9899.712890625
9833.0625
9763.001953125
9692.7978515625
9628.509765625
9556.390625
9464.2841796875
9352.9921875
9251.0712890625
9154.74609375
9067.4755859375
8990.2099609375
8928.5537109375
8869.3271484375
8807.119140625
8744.4404296875
8688.2421875
8626.9482421875
8569.5166015625
8512.640625
8457.15625
8400.0673828125
8343.595703125
8289.53515625
8234.2265625
8181.36865234375
8126.97900390625
8072.287109375
8022.0
7965.11767578125
7909.171875
7850.775390625
7793.3486328125
7732.8076171875
7672.1796875
7614.759765625
7557.1533203125
7502.23876953125
7446.34326171875
