20000.0
20000.0
20000.0
20000.0
19472.861328125
19140.580078125
19084.7734375
19489.037109375
20000.0
20000.0
20000.0
20000.0
20000.0
20000.0
20000.0
19999.998046875
20000.0
20000.0
20000.0
20000.0
20000.0
20000.0
20000.0
19999.80078125
20000.0
19999.9921875
19643.666015625
18654.703125
18122.68359375
17696.51171875
17317.609375
16920.42578125
16538.943359375
16190.48828125
15890.896484375
15596.4072265625
15332.5654296875
15107.123046875
14896.3017578125
14709.625
14531.609375
14347.21875
14190.546875
14009.7197265625
13833.5244140625
13662.98046875
13508.74609375
13359.1572265625
13217.197265625
13084.2861328125
12951.4580078125
12824.662109375
12693.73828125
12563.5947265625
12447.2548828125
12319.4609375
12195.9521484375
12066.9072265625
11938.185546875
11803.9169921875
11670.9580078125
11532.55859375
11390.62890625
11260.166015625
11131.7001953125
11011.3798828125
10910.8857421875
10803.7099609375
10700.32421875
10592.0830078125
10486.2333984375
10387.5009765625
10298.615234375
10217.572265625
10138.3173828125
10065.779296875
9993.8232421875
9923.7783203125
9856.2001953125
9778.35546875
9702.455078125
9622.646484375
9544.5048828125
9427.95703125
9306.6845703125
9197.8876953125
9097.0908203125
9007.8203125
8936.2412109375
8867.5849609375
8804.89453125
8735.0986328125
8668.1806640625
8600.794921875
8538.181640625
8474.3212890625
8410.5830078125
8349.5126953125
8287.126953125
8227.43359375
8166.37548828125
8105.60693359375
8049.97802734375
7986.96240234375
7924.79248046875
7859.755859375
7795.78759765625
7728.400390625
7661.0703125
7597.60009765625
7534.10693359375
7472.2900390625
7412.37060546875
7353.9189453125
7302.99462890625
7248.52294921875
7197.50439453125
7146.42822265625
7098.2548828125
7049.60693359375
7002.20947265625
6957.4443359375
6912.6787109375
6870.615234375
6828.212890625
