38.2107
49.2348
59.5064
60.3696
61.2933
61.2933
61.2933
61.2933
61.2933
61.2933
61.2933
61.2933
61.2933
61.2933
61.2933
61.2933
61.2933
61.2933
61.2933
61.2933
61.2933
61.2933
61.2933
61.2933
61.2933
61.2933
61.2933
68.3904
69.924
69.9508
69.9508
69.9508
69.9508
69.9508
69.9508
69.9508
69.9508
69.9508
69.9508
69.9508
69.9508
69.9508
69.9508
69.9508
69.9508
69.9508
69.9508
69.9508
69.9508
69.9508
69.9508
69.9508
69.9508
69.9508
71.3737
86.2357
88.1317
88.1317
88.1317
88.1317
88.1317
88.1317
88.1317
88.1317
88.1317
88.1317
88.1317
88.1317
88.1317
88.1317
88.1317
88.1317
88.1317
88.1317
88.1317
88.1317
88.1317
88.1317
88.1317
88.1317
88.1317
88.1317
88.1317
88.1317
88.1317
88.1317
88.1317
88.1317
91.1981
100.314
100.314
100.314
100.314
100.314
100.314
100.314
100.314
100.314
100.314
100.314
