25400.0
25400.0
25400.0
25400.0
25400.0
25400.0
25400.0
25400.0
25400.0
25400.0
25400.0
25400.0
25400.0
25400.0
25400.0
25400.0
25400.0
25400.0
25400.0
25400.0
25400.0
25400.0
25400.0
25400.0
25400.0
25400.0
25400.0
25400.0
25400.0
25400.0
25400.0
25400.0
25400.0
25400.0
25400.0
25400.0
25400.0
25400.0
25400.0
25400.0
25400.0
25400.0
25400.0
25400.0
25400.0
25400.0
25400.0
25400.0
25400.0
25400.0
25400.0
25400.0
25400.0
25400.0
28311.76171875
38505.28125
45995.6640625
50185.80078125
52539.62109375
54292.9453125
55978.12109375
57570.50390625
59148.3359375
60754.18359375
62490.58203125
64410.91796875
65852.5390625
67341.4296875
68731.0078125
70176.796875
71708.5703125
73260.4375
74754.9296875
76148.3984375
77537.40625
78947.4296875
80404.1953125
81864.2109375
83170.09375
84610.4375
86123.5625
87924.9609375
89866.7578125
91841.0859375
93795.9609375
95703.4375
97706.46875
99694.5078125
101919.2109375
104417.0546875
106887.8671875
109349.3359375
110981.4609375
112231.125
113949.359375
115644.625
117814.46875
120436.265625
122803.9765625
124811.09375
126866.671875
129238.3984375
131538.78125
134049.265625
136470.28125
139006.78125
141529.375
144152.703125
146694.046875
149049.65625
151635.890625
154222.875
156691.65625
158950.359375
160837.234375
162821.15625
164589.109375
166281.859375
167775.1875
169171.59375
170433.78125
171493.3125
172401.015625
173123.515625
173738.046875
