25400.0
25400.0
25400.0
25400.0
25400.0
25400.0
25400.0
25400.0
25400.0
25400.0
25400.0
25400.0
25400.0
25400.0
25400.0
25400.0
25400.0
25400.0
25400.0
25400.0
25400.0
25400.0
25400.0
25400.0
33983.36328125
51995.72265625
68813.9140625
82906.78125
94409.3359375
104173.78125
114755.15625
122975.78125
129558.15625
134412.3125
138232.6875
140997.65625
143242.8125
145067.640625
146298.6875
147058.453125
147327.890625
147121.78125
146634.21875
146234.75
142779.9375
139441.15625
136070.171875
132947.9375
130178.8671875
127635.2734375
125374.6875
123085.6328125
121156.3125
119623.90625
118323.1484375
117175.296875
116197.2109375
115229.796875
114309.421875
113602.1328125
113058.84375
112576.6953125
112150.1875
111829.3046875
111636.4296875
111704.5390625
111797.4375
111892.7734375
111995.6640625
112134.9765625
112317.7890625
112520.203125
112704.3046875
112886.125
113058.1953125
113257.15625
113470.296875
113665.4609375
113892.234375
114118.375
114352.2109375
114572.53125
114789.1796875
114987.03125
115194.09375
115432.0703125
115613.84375
115745.84375
115840.9375
115905.234375
115958.0234375
116000.890625
116060.9765625
116120.15625
116195.4453125
116293.1484375
116407.140625
116535.0625
116664.8515625
116791.1015625
116902.375
116987.9609375
117065.046875
117121.3828125
117125.4296875
117091.9375
117041.296875
116988.1328125
116936.1640625
116893.171875
116852.9296875
116806.8671875
116755.203125
116698.328125
116611.7734375
116512.359375
116436.3046875
116345.796875
116230.546875
116093.921875
115943.578125
115762.4609375
115557.1796875
115322.21875
