25400.0
25400.0
25395.380859375
24806.24609375
24690.146484375
24715.671875
24731.55859375
24733.99609375
24735.919921875
24737.748046875
24739.541015625
24741.650390625
24743.6796875
24745.021484375
24746.185546875
24747.318359375
24748.365234375
24749.251953125
24750.205078125
24750.865234375
24753.576171875
25555.314453125
37013.70703125
49312.078125
59274.55078125
68970.8046875
76092.859375
81503.8671875
85835.0703125
88574.1328125
91398.140625
94603.3515625
98293.5234375
103143.25
106598.9765625
108836.5546875
111280.890625
113208.8046875
114734.0625
116015.8828125
116904.0
117491.7109375
117824.75
118071.515625
118177.21875
118108.8359375
117962.0078125
117716.1640625
117509.5390625
117697.390625
117954.8359375
118046.234375
118010.78125
117897.875
117697.9140625
117437.5859375
117146.9921875
116918.0546875
116790.3671875
116778.015625
116732.3046875
116626.4296875
116574.1015625
116526.3125
116389.671875
116181.9765625
115860.984375
115503.515625
115072.734375
114669.4765625
114243.3984375
113822.125
113508.7421875
113027.6875
112390.09375
111660.9609375
110964.703125
110337.203125
109668.7890625
109164.203125
108794.953125
108411.59375
108126.328125
107842.546875
107516.609375
107144.5
106843.890625
106563.7890625
106282.109375
106028.46875
105778.5625
105729.3828125
105777.484375
105835.59375
105904.1484375
105947.625
105964.671875
105963.921875
105961.7109375
105920.328125
105886.453125
105865.6015625
105845.703125
105825.859375
105804.9296875
105780.8515625
105754.9296875
105794.9375
105880.7109375
106021.25
106151.515625
106281.609375
106407.484375
106510.359375
106614.078125
106720.0390625
106821.6484375
106918.09375
107013.4296875
107103.8515625
107186.53125
107266.984375
107339.890625
107412.4296875
