25400.0
25400.0
25400.0
25400.0
25400.0
25400.0
25400.0
25400.0
25400.0
25400.0
25400.0
25400.0
25400.0
25400.0
25400.0
25400.0
25400.0
25400.0
25400.0
25400.0
25400.0
25400.0
25400.0
25400.0
37125.52734375
59169.078125
79019.8125
93547.546875
106163.046875
115996.3203125
123557.4609375
128470.359375
131581.9375
133385.984375
134862.03125
136022.59375
136960.234375
137996.734375
136144.015625
133645.484375
131337.59375
129436.9453125
127430.171875
125585.6640625
123784.7421875
122154.1015625
120582.90625
119199.5390625
117749.4765625
116275.9609375
114981.859375
113759.2265625
112638.140625
111702.90625
110769.9609375
110000.2421875
109249.515625
108546.078125
107855.8046875
107216.203125
106722.359375
106246.734375
105822.5859375
105385.6171875
104994.90625
104701.453125
104478.5703125
104245.765625
103986.59375
103764.0703125
103614.6640625
103604.7578125
103770.6328125
103870.3359375
103937.7890625
104013.4140625
104122.5234375
104243.9609375
104398.8359375
104554.8203125
104705.3125
104839.6171875
104996.4765625
105119.453125
105182.4140625
105175.1796875
105133.0859375
105087.265625
105054.8203125
105040.15625
105042.8671875
105058.8828125
105105.15625
105313.9296875
105535.234375
105742.8203125
105936.25
106132.6796875
106320.5859375
106514.5546875
106706.1953125
106876.25
107063.6171875
107243.46875
107429.3203125
107603.921875
107775.7421875
107937.8125
108085.9375
108247.796875
108403.4140625
108551.7734375
108687.1484375
108800.203125
108916.40625
109021.3359375
109122.515625
109216.28125
109308.0
109395.4140625
109480.3515625
109569.9453125
109657.2734375
109745.9453125
