25400.0
25400.0
25138.974609375
24621.16015625
23383.58984375
22911.13671875
23048.943359375
23415.4296875
23724.513671875
23736.0859375
23755.798828125
23784.43359375
23827.5390625
23889.078125
24053.19140625
24590.267578125
24892.32421875
25039.0390625
25094.23828125
25115.681640625
25126.23828125
25135.9140625
25144.625
25153.228515625
25166.791015625
25186.435546875
25198.7734375
25204.46484375
25210.265625
25638.57421875
26772.11328125
29463.16015625
34523.2578125
41110.91015625
48858.71484375
56817.1484375
62654.3046875
67183.3125
71518.71875
75304.7109375
78300.6015625
81313.640625
83951.171875
86299.5
88261.421875
90034.234375
91612.375
92937.421875
94108.265625
95088.8671875
95976.15625
96794.5703125
97472.84375
98098.1796875
98598.015625
99025.1171875
99393.515625
99741.015625
100034.1484375
100267.921875
100465.03125
100632.8046875
100819.1953125
100971.171875
101074.453125
101153.984375
101208.96875
101255.7109375
101291.703125
101317.984375
101326.078125
101324.3046875
101316.34375
101303.1484375
101285.90625
101265.3046875
101239.6328125
101204.890625
101166.9375
101124.078125
101082.4453125
101036.9921875
100975.8125
100915.8359375
100846.734375
100784.2265625
100719.09375
100652.09375
100587.6171875
100511.6328125
100434.453125
100341.953125
100249.8125
100152.3984375
100040.828125
99932.859375
99824.6953125
99724.4765625
99624.15625
99526.2109375
99438.2890625
99446.9609375
99444.265625
99432.8984375
99419.65625
99405.2734375
99387.3984375
99367.8359375
99343.9453125
99315.4140625
99279.0703125
99236.9375
99188.34375
99126.6015625
99072.609375
99021.6484375
98970.0859375
98909.4453125
98841.578125
98773.0
98709.6171875
98648.8359375
98581.9453125
