25400.0
25400.0
25399.951171875
24056.396484375
23697.49609375
24065.1875
24624.580078125
24779.564453125
24783.359375
24785.615234375
24787.818359375
24790.056640625
24792.349609375
24794.599609375
24796.80859375
24798.923828125
24800.791015625
24802.71484375
24806.037109375
24808.583984375
24810.365234375
24811.927734375
24813.384765625
24814.712890625
24816.01953125
24817.26953125
24818.56640625
24819.806640625
24820.94140625
24822.216796875
24823.42578125
24824.767578125
24827.052734375
24829.912109375
24833.060546875
24836.361328125
24839.9140625
24843.689453125
24848.1484375
24855.54296875
25412.08203125
27138.375
30006.515625
35028.94921875
39117.07421875
42623.30078125
46660.22265625
51087.40625
55493.08203125
59549.1484375
64407.10546875
69701.625
73157.140625
76042.890625
79109.96875
82562.7734375
85914.0
88991.34375
91727.0703125
94181.0625
96531.515625
98634.8671875
100612.40625
102210.828125
103196.421875
104150.9453125
105360.984375
106617.9921875
107727.765625
109036.609375
110230.0625
111165.171875
111962.9453125
112618.9765625
113179.1171875
113654.078125
114011.3984375
114326.34375
114562.234375
114739.421875
114851.6328125
114917.25
115159.265625
115529.15625
115813.640625
116019.5078125
116112.0703125
116192.4375
116312.96875
116406.1875
116516.8671875
116623.671875
116722.25
116798.1015625
116846.625
116866.375
116860.2265625
116861.5546875
116837.6640625
116780.234375
116693.640625
116594.8125
116463.2578125
116322.609375
116169.8046875
116032.0546875
115890.6875
115742.453125
115591.015625
115426.84375
115260.5703125
115046.7578125
114810.359375
114593.3359375
114346.15625
114137.5625
113898.546875
113798.875
113698.2578125
113482.4609375
113258.15625
113034.796875
112812.21875
112597.6953125
112360.0546875
