25400.0
25400.0
25400.0
25400.0
25400.0
25400.0
25400.0
25400.0
25400.0
25400.0
25400.0
25400.0
25400.0
25400.0
25400.0
25400.0
25400.0
25400.0
25400.0
25400.0
25400.0
25400.0
25400.0
25400.0
25400.0
25400.0
25400.0
25400.0
25400.0
25400.0
25400.0
25400.0
25400.0
25400.0
25400.0
25400.0
25400.0
25400.0
25400.0
25400.0
25400.0
25400.0
25400.0
25400.0
25400.001953125
25400.0
25400.0
25400.0
25400.0
25400.0
25400.0
25400.0
25400.0
25400.0
25400.0
30050.427734375
39306.10546875
45194.24609375
48752.31640625
51995.46875
54970.91015625
57523.05078125
59946.48046875
62252.64453125
65149.48046875
67867.7578125
70536.578125
73412.4296875
76331.2890625
79278.5625
82039.046875
84939.5859375
87731.09375
90551.3125
93615.7265625
96659.390625
99854.203125
103224.9296875
106749.6015625
110417.2421875
113727.40625
117013.078125
120120.3984375
123269.7890625
126398.078125
129477.5703125
132614.71875
135513.25
138446.875
141364.5625
143975.75
146809.171875
149578.953125
152546.0
155445.515625
158376.9375
161284.515625
163969.828125
166936.96875
169602.25
172079.234375
174429.328125
176403.75
178408.171875
180220.0625
181979.453125
183592.953125
185255.265625
189350.640625
186834.25
182918.296875
179870.03125
176926.296875
174117.515625
171841.0
169051.46875
166256.1875
164602.203125
163588.6875
161875.0
160014.03125
158464.78125
157336.515625
156346.234375
155377.546875
