25400.0
25400.0
25400.0
25400.0
25400.0
25400.0
25400.0
25400.0
25400.0
25400.0
25400.0
25400.0
25400.0
25400.0
25400.0
25400.0
25400.0
25400.0
25400.0
25400.0
25400.0
25400.0
25400.0
25400.0
25400.0
25400.0
25400.0
25400.0
25400.0
25400.0
25400.0
25400.0
25400.0
25400.0
25400.0
25400.0
25400.0
25400.0
25400.0
25400.0
25400.0
25400.2734375
25400.0
25400.0
25400.0
25399.99609375
25399.99609375
25399.98828125
25450.0859375
32785.5625
41544.49609375
48036.2421875
52532.20703125
56486.41796875
59951.9375
63517.5625
66887.7421875
69752.3515625
72259.6328125
74631.75
77056.6640625
79332.0078125
81579.0859375
83730.109375
85600.2578125
87590.4375
89516.2578125
91661.546875
93859.1953125
96331.7734375
99033.7421875
101630.6640625
104076.6484375
106260.1015625
108439.0078125
110602.21875
112556.5078125
114707.953125
116762.1328125
118811.734375
120667.6875
122595.2265625
124452.8359375
126198.4375
127951.7890625
129610.59375
131409.53125
133298.1875
135110.0625
137259.515625
139312.859375
141812.015625
144312.765625
146804.46875
149183.78125
151211.8125
153242.9375
155187.609375
157110.59375
158929.46875
160469.375
162079.171875
163601.046875
165637.640625
169793.546875
166157.140625
163263.46875
160739.875
158333.1875
156155.984375
154229.046875
152451.109375
150915.484375
149080.875
147234.546875
145581.6875
144673.3125
144249.9375
143582.5
142738.59375
141786.4375
140862.625
139915.203125
