25400.0
25399.84765625
24563.6796875
24076.306640625
23317.033203125
22945.27734375
22865.12109375
22903.55078125
23065.744140625
23596.908203125
24482.193359375
24787.771484375
24881.041015625
24928.474609375
24964.009765625
25017.109375
25251.986328125
26641.578125
31739.6484375
42602.6015625
56449.17578125
70220.7421875
82182.9296875
88303.3984375
90690.4375
92142.703125
93067.421875
93534.90625
93779.15625
93786.3828125
93710.984375
93751.03125
93776.9609375
93785.2109375
93832.390625
93877.78125
93883.15625
93863.3984375
93829.9140625
93791.71875
93783.2578125
93797.3046875
93795.546875
93829.59375
93907.828125
94069.6328125
94281.9375
94571.3671875
94906.0390625
95253.4140625
95555.4765625
96005.171875
96719.90625
97700.78125
99019.5546875
100076.890625
100833.640625
101396.6875
101754.484375
102023.046875
102790.4375
103334.1171875
103852.8671875
104276.421875
104635.9921875
104924.703125
105126.7109375
105299.84375
105405.5625
105467.84375
105548.515625
105639.7109375
105742.3203125
105851.8828125
105964.46875
106041.140625
106085.9140625
106106.6875
106105.65625
106102.75
106089.109375
106071.1640625
106048.53125
106004.640625
105999.71875
105989.421875
105926.8359375
105867.0625
105802.3828125
105727.0625
105645.484375
105543.2734375
105443.78125
105333.1640625
105242.8984375
105151.3203125
105069.0234375
105005.3984375
105032.5390625
105111.3984375
105137.5
105127.234375
105109.859375
105092.6796875
105081.4609375
105070.3515625
105142.265625
105166.3515625
105208.796875
105178.6171875
105119.2265625
105053.6328125
104978.2109375
104890.6171875
104807.5078125
104710.5390625
104614.3671875
104517.390625
104423.3515625
104330.046875
104240.1171875
104163.4609375
104100.203125
104059.8515625
104063.9453125
