25400.0
25400.0
25400.0
25130.69921875
24760.3359375
24775.26953125
24827.7734375
24833.12890625
24834.791015625
24836.34375
24837.998046875
24839.640625
24841.18359375
24842.732421875
24844.146484375
24846.05078125
24847.73828125
24848.83984375
24849.919921875
24850.93359375
24851.94140625
24852.875
24853.8203125
24854.732421875
24855.580078125
24856.43359375
24857.265625
24858.0703125
24858.84765625
24859.5703125
24860.302734375
24861.03515625
24861.77734375
24862.458984375
24863.154296875
24863.875
24864.513671875
24865.201171875
24865.607421875
24866.080078125
24868.2265625
24874.177734375
24977.419921875
31549.123046875
39401.078125
44831.859375
49447.7265625
53573.765625
56873.23046875
59665.73828125
61943.9609375
64321.91015625
66053.3046875
67250.0546875
68608.125
70135.6640625
71701.1171875
73505.125
75298.3984375
77134.4375
79540.046875
82419.859375
85838.75
89028.0625
91927.125
95073.8046875
99080.0625
104230.0390625
109696.578125
115335.1796875
121603.3359375
128434.171875
135746.84375
143103.484375
149490.3125
155801.171875
161776.0625
167867.96875
173232.390625
176776.265625
179300.390625
180864.828125
181183.375
183255.59375
181225.09375
177512.09375
174150.28125
170651.953125
167371.484375
164818.78125
162264.734375
159318.4375
156347.03125
153609.109375
150919.96875
148716.796875
146552.75
144180.34375
142523.859375
140701.625
138836.765625
137375.828125
136107.546875
135068.75
134125.5625
133272.140625
132425.4375
131609.6875
130837.015625
130164.4765625
129581.7421875
129052.8046875
128586.1875
128201.828125
127814.6015625
127507.59375
127262.2734375
127074.7890625
126925.734375
126865.3125
126835.09375
126800.625
126748.46875
126671.3046875
