25400.0
25400.0
25400.0
25400.0
25400.0
25400.0
25400.0
25400.0
25400.0
25400.0
25400.0
25400.0
25400.0
25400.0
25400.0
25400.0
25400.0
25400.0
25400.0
25400.0
25400.0
25400.0
25400.0
36831.46875
60133.98828125
79389.90625
93435.8515625
105849.015625
115728.953125
122204.3359375
126107.640625
128790.3046875
130694.4921875
132869.59375
134334.015625
135990.140625
137159.015625
134404.890625
131629.3125
129203.796875
126897.1328125
124724.09375
122880.796875
121004.328125
119352.59375
117829.25
116306.0703125
114745.7890625
113312.328125
112079.703125
110941.296875
109942.0859375
109004.6796875
108183.5078125
107491.8203125
106712.1171875
105975.9921875
105264.453125
104781.296875
104407.84375
104161.0234375
103949.0546875
103647.828125
103319.2265625
103014.703125
102797.1328125
102588.828125
102418.34375
102321.0
102374.7578125
102402.9140625
102494.7734375
102607.1015625
102773.2890625
102914.8828125
103015.7421875
103104.7578125
103202.0390625
103309.46875
103468.875
103680.421875
103896.5625
104098.8125
104307.3203125
104536.28125
104781.515625
105065.5390625
105370.65625
105739.578125
106130.3359375
106496.3359375
106921.078125
107338.328125
107755.609375
108189.5
108654.9453125
109036.984375
109354.65625
109649.984375
109931.625
110204.75
110432.7421875
110592.6953125
110716.515625
110790.0234375
110815.171875
110808.4375
110754.375
110695.9453125
110649.4296875
110652.953125
110649.625
110639.6328125
110622.6328125
110598.8671875
110570.8671875
110605.25
110866.984375
111097.0546875
111280.6953125
111416.3984375
111511.8203125
111580.828125
111624.0625
111649.375
