25400.0
25400.0
25400.0
25400.0
25305.7265625
25269.84375
25269.84375
25269.84375
25269.84375
25269.84375
25269.84375
25269.84375
25269.84375
25269.84375
25269.84375
25269.84375
25269.84375
25269.84375
25269.84375
25269.84375
25269.84375
25269.84375
25269.84375
25269.84375
25269.84375
25269.84375
25269.84375
25269.84375
25269.84375
25269.84375
25269.84375
25269.84375
25269.84375
28830.98828125
44727.2890625
59306.58203125
71368.265625
80170.5390625
87970.9765625
95116.3828125
101711.3359375
107387.28125
112220.9765625
116565.625
119818.890625
122793.6796875
125428.5703125
127942.2109375
130152.859375
132066.9375
133407.15625
133184.46875
131679.125
130428.953125
129319.78125
128088.8125
126968.7265625
125756.4609375
124579.015625
123421.984375
122324.71875
121262.1796875
120216.953125
119287.0
118403.0078125
117568.015625
116837.875
116042.8515625
115286.8046875
114531.4609375
113828.0546875
113139.2890625
112491.8515625
111899.859375
111340.8515625
110798.1875
110241.75
109674.75
109190.6640625
108663.6171875
108100.265625
107533.5546875
107012.9140625
106503.125
106019.671875
105580.921875
105178.9296875
104817.65625
104477.796875
104175.8828125
103930.2734375
103678.1875
103450.1171875
103183.7890625
102935.6640625
102714.7578125
102512.25
102328.2578125
102131.796875
101948.6640625
101947.7890625
102017.0390625
102005.4453125
101977.046875
102045.0
102091.8828125
102095.8046875
102055.765625
102017.0703125
102192.296875
102589.2890625
103014.390625
103419.40625
103772.1875
104034.484375
104224.8515625
104329.3515625
104419.9921875
104497.9921875
104573.8984375
104685.1328125
104876.484375
105074.65625
105250.84375
105417.40625
