25400.0
25400.0
25400.0
25362.03515625
25312.548828125
25312.548828125
25312.548828125
25312.548828125
25312.548828125
25312.548828125
25312.548828125
25312.548828125
25312.548828125
25312.548828125
25312.548828125
25309.12109375
25306.6328125
25305.1875
25301.80859375
39767.03125
52167.1484375
59740.75
68010.609375
74565.6015625
81770.96875
88750.046875
95415.59375
101372.03125
106881.0859375
112385.71875
118087.0859375
123768.7109375
123003.84375
122524.0703125
122163.203125
121664.796875
121154.015625
120572.5703125
119776.6484375
118974.6875
118182.8125
117416.7109375
116816.3046875
116525.2578125
116555.4609375
116587.78125
116207.375
115687.140625
115105.875
114486.375
113900.0625
113240.9375
112611.0859375
112464.515625
112393.796875
111942.75
111513.90625
111157.1015625
110834.03125
110685.5078125
110541.0
110477.0078125
110497.0
110518.953125
110508.25
110482.640625
110698.015625
110951.78125
111173.0546875
111352.1484375
111495.8671875
111569.015625
111615.1171875
111625.0078125
111629.40625
111621.6328125
111606.7265625
111666.125
111679.890625
111653.0078125
111599.1875
111518.09375
111442.390625
111376.03125
111288.59375
111216.0703125
111182.7734375
111184.609375
111147.0
111094.5078125
111031.8203125
110954.140625
110875.1328125
110788.0546875
110657.3359375
110493.1640625
110309.0
110197.59375
110095.71875
109991.0078125
109878.78125
109749.21875
109612.6875
109463.390625
109306.8203125
109153.9765625
108976.59375
108802.828125
108623.9765625
108452.3984375
108276.6328125
108101.9453125
107932.0625
107751.796875
107574.890625
107392.3671875
107201.78125
107020.7890625
106810.8046875
106599.46875
106378.7578125
106172.2578125
105956.3828125
105747.859375
105555.390625
105366.2578125
105192.6640625
105027.734375
