25400.0
25400.0
25400.0
25400.0
25400.0
25400.0
25400.0
25400.0
25400.0
25400.0
25400.0
25400.0
25400.0
25400.0
25400.0
25400.0
25400.0
25400.0
25400.0
25400.0
25400.0
25400.0
25400.0
25400.0
25400.0546875
25400.0
25400.0
25400.0
25400.0
25400.0
30603.943359375
43912.296875
54246.078125
62771.95703125
70220.5625
76034.9375
81133.3828125
85228.796875
88896.2421875
92059.5703125
94859.609375
97544.5234375
99642.109375
101762.6015625
103645.4375
105438.6953125
106981.5546875
108470.671875
109748.3203125
110738.5703125
111571.046875
112506.7734375
113521.1171875
114427.578125
115458.234375
116474.578125
117297.4765625
117911.4921875
118340.515625
118672.578125
118864.71875
119084.46875
119407.65625
119793.421875
120815.71875
122399.546875
124430.5078125
127287.953125
130834.453125
134721.671875
138705.078125
142761.53125
149105.125
154309.390625
159232.8125
163446.421875
169664.3125
177033.125
180763.90625
177490.578125
175406.9375
173769.484375
172067.015625
170715.125
169435.171875
167968.859375
166424.703125
164913.484375
163628.078125
162402.21875
161219.421875
160026.6875
158872.28125
157775.515625
156671.875
155519.625
154377.484375
153255.125
152157.8125
151284.28125
150246.5
149038.421875
148027.15625
146858.71875
145640.046875
144348.09375
143273.875
142271.59375
141195.5625
140090.09375
138905.578125
137766.515625
136614.4375
135478.53125
134452.265625
133316.8125
132223.203125
131075.125
129993.3359375
128909.6875
127834.265625
126814.6171875
125797.9453125
124849.9296875
123924.5078125
