25400.0
25400.0
25400.0
25400.0
25400.0
25400.0
25400.0
25400.0
25400.0
25400.0
25400.0
25400.0
25400.0
25400.0
25400.0
25400.0
25400.0
25400.0
25400.0
25400.0
25400.0
25400.0
25400.0
25400.0
25400.0
25400.0
25400.0
35415.01171875
56300.37890625
74222.0390625
87380.234375
97604.1171875
107677.3515625
117209.2734375
125231.484375
131480.4375
136023.921875
139502.421875
142294.59375
144751.796875
146765.125
148114.34375
148816.5625
149176.546875
149122.515625
148803.078125
148330.609375
147837.671875
150215.359375
151453.140625
151541.640625
152213.75
149175.265625
145223.84375
142368.65625
139564.859375
136901.96875
134701.125
133016.15625
131568.3125
130363.296875
129282.1796875
128549.640625
128125.203125
128141.4453125
128134.515625
128205.34375
128321.8984375
128479.8125
128651.53125
128844.09375
129069.9921875
129360.515625
129678.7265625
129953.65625
130202.375
130435.71875
130617.34375
130781.5078125
130953.25
131121.15625
131199.390625
131162.875
131055.1171875
130920.3359375
130837.2421875
130668.1484375
130418.5
130115.9375
129809.2109375
129490.46875
129179.6328125
128843.4921875
128496.6640625
128100.796875
127670.015625
127243.359375
126826.4453125
126444.1328125
126022.3515625
125568.015625
125136.9765625
124643.5
124151.921875
123641.125
123141.203125
122608.0
122054.46875
121524.0078125
120984.4140625
120468.9921875
119941.6796875
119418.5
118949.921875
118437.796875
117950.9296875
117438.015625
116946.9453125
116449.265625
115963.8671875
115506.2109375
115046.078125
114614.2109375
114180.765625
