25400.0
25400.0
24689.896484375
25074.80859375
24915.234375
24033.65234375
23703.783203125
23644.6328125
23649.0859375
23675.802734375
23715.9453125
23773.89453125
23852.8359375
23970.515625
24118.40234375
24285.158203125
24576.998046875
24865.240234375
25019.673828125
25076.802734375
25109.5078125
25137.595703125
25150.60546875
25154.27734375
25150.068359375
25449.6953125
26479.181640625
29586.375
35983.3203125
43466.64453125
52930.02734375
62634.04296875
71642.625
79380.734375
86542.8203125
92588.0390625
97313.2578125
101328.875
104728.5
107743.4296875
109898.9296875
111400.90625
112747.515625
114104.984375
115453.3515625
116664.0546875
117846.8828125
118976.03125
120049.7890625
121051.4609375
121167.5234375
119760.8046875
118548.375
117520.3828125
116434.515625
115395.8671875
114331.375
113371.984375
112418.1015625
111504.65625
110662.390625
109829.65625
109074.8671875
108338.5
107637.703125
107035.125
106405.84375
105833.1953125
105279.5625
104781.609375
104295.3515625
103838.96875
103404.8046875
102980.65625
102563.546875
102145.1796875
101748.8984375
101422.9375
101066.796875
100721.0078125
100358.7890625
100026.4609375
99879.953125
99794.3671875
99633.078125
99473.4921875
99305.0703125
99126.890625
98972.5
98837.0625
98689.0234375
98542.8515625
98390.265625
98251.90625
98110.359375
97984.671875
97871.2421875
97760.0234375
97665.8359375
97584.8671875
97524.1953125
97493.0625
97472.03125
97456.3828125
97442.4921875
97436.296875
97427.1015625
97415.4609375
97402.921875
97391.3125
97383.828125
97423.703125
97571.3359375
97707.078125
97825.390625
97920.3359375
98017.09375
98122.0625
98246.7265625
98399.15625
98573.4140625
98812.375
99050.0625
99368.1875
