25400.0
25400.0
25400.0
25400.0
25400.0
25400.0
25400.0
25400.0
25400.0
25400.0
25400.0
25400.0
25400.0
25400.0
25400.0
25400.0
25400.0
25400.0
25970.033203125
46644.95703125
66130.140625
77427.40625
83437.5859375
88382.7265625
93440.3515625
98062.5546875
102584.515625
106235.96875
109364.8203125
112605.1171875
115466.3125
118369.1328125
120979.921875
123555.0078125
125842.2890625
128072.2890625
130353.6953125
132470.375
134666.703125
136693.046875
141802.84375
144621.140625
146100.09375
150299.671875
146716.25
142938.125
140455.375
138899.203125
137914.53125
137890.15625
137991.9375
138240.09375
138332.828125
138444.953125
138547.796875
138909.453125
139535.6875
140034.953125
140208.875
140081.453125
139627.328125
138889.375
138034.578125
137075.65625
136007.078125
134984.4375
134070.265625
133070.8125
132057.0625
130975.9375
129881.453125
128701.15625
127553.609375
126452.3046875
125323.234375
124239.2109375
123084.3984375
121938.3359375
120927.2890625
119834.3515625
118838.9140625
117891.9296875
117072.65625
116284.984375
115533.0
114874.3203125
114242.3359375
113657.0625
113129.28125
112638.78125
112202.5546875
111734.0078125
111287.1796875
110835.265625
110408.21875
109982.703125
109574.0078125
109198.59375
108832.28125
108495.2578125
108148.84375
107797.6875
107509.109375
107219.109375
106958.1015625
106705.6484375
106476.0546875
106257.1484375
106048.828125
105855.890625
105664.2421875
105486.1875
105310.375
105142.0078125
104994.125
104837.765625
104702.6953125
104585.0625
104483.515625
104383.03125
104288.4453125
104201.03125
104115.3359375
104035.9140625
103962.8203125
