25400.0
25400.0
25400.0
25400.0
25399.26953125
25398.220703125
25397.435546875
25395.693359375
25394.01953125
25392.55078125
25391.423828125
25390.548828125
25389.91015625
25389.46484375
25389.140625
25388.919921875
25388.763671875
25388.654296875
25388.5859375
25388.53515625
25388.501953125
25388.482421875
25388.423828125
25388.26171875
25387.78125
25387.185546875
30659.138671875
50360.92578125
67160.859375
80107.0625
90062.2421875
99328.796875
106542.84375
112520.0234375
116830.8046875
120675.0078125
123706.046875
125933.953125
127407.1328125
128335.0390625
129588.703125
130668.171875
132040.984375
133413.109375
134741.90625
135902.03125
136838.015625
137667.03125
138373.109375
140482.234375
143087.578125
143612.84375
144091.265625
140603.921875
137163.609375
134015.6875
131850.15625
129493.6796875
127537.59375
125575.78125
123983.9375
122795.546875
121654.796875
120561.109375
119613.546875
118871.40625
118295.875
117748.7890625
117298.8203125
116904.9140625
116628.6796875
116392.2890625
116211.4296875
116217.2421875
116210.953125
116197.609375
116179.1015625
116226.5078125
116309.7265625
116423.5859375
116535.265625
116610.921875
116638.859375
116673.4765625
116703.109375
116682.3828125
116634.1953125
116576.5859375
116493.96875
116369.8671875
116238.25
116083.9375
115933.9921875
115787.7265625
115650.3359375
115502.59375
115343.140625
115175.2734375
114987.9453125
114787.4140625
114568.796875
114357.046875
114211.9296875
114061.8359375
113916.71875
113791.6015625
113679.609375
113572.9921875
113470.3671875
113375.6484375
113281.0390625
113191.1640625
113100.2890625
113010.96875
112924.703125
112835.3125
112751.6328125
112681.140625
112631.65625
112583.7890625
112535.53125
112487.34375
112442.0078125
112398.484375
112350.640625
