25400.0
25400.0
25400.0
25400.0
25400.0
25400.0
25400.0
25400.0
25400.0
25400.0
25400.0
25400.0
25400.0
25400.0
25400.0
25400.0
34317.8984375
58336.86328125
80389.3203125
98763.796875
114344.796875
127456.328125
136170.390625
141888.328125
145724.765625
148424.90625
149497.125
145612.796875
139327.390625
133792.421875
129772.9140625
125925.0625
122598.59375
120294.6015625
118165.6640625
116305.890625
114988.5625
114098.90625
113976.7421875
114004.40625
114051.3515625
114124.359375
114305.734375
114569.90625
114851.375
115193.890625
115622.171875
116111.4609375
116586.84375
116976.2421875
117199.9921875
117355.1796875
117501.765625
117514.359375
117530.375
117509.6484375
117514.65625
117477.03125
117378.25
117219.9765625
117014.5234375
116772.03125
116418.4296875
116039.5625
115634.1875
115224.0859375
114818.0703125
114327.5234375
113866.03125
113385.9609375
112927.6328125
112470.0234375
112019.1484375
111593.328125
111141.6328125
110720.125
110309.9921875
109924.9296875
109592.796875
109241.2890625
108915.0390625
108589.609375
108280.84375
107964.59375
107654.140625
107367.2421875
107082.453125
106814.2578125
106544.609375
106282.9453125
106053.0859375
105807.046875
105577.5078125
105348.1875
105133.2421875
104928.6640625
104734.9609375
104553.59375
104373.0078125
104203.65625
104036.171875
103874.015625
103733.8046875
103591.078125
103457.75
103325.40625
103202.125
103078.890625
102958.4609375
102845.984375
102734.6328125
102632.2265625
102531.4765625
102428.9453125
102338.2890625
102243.7265625
102157.4296875
102074.90625
102002.796875
101931.53125
101864.6796875
101803.984375
101746.8046875
101701.7890625
101676.046875
