25400.0
25400.0
25400.0
25400.0
25400.0
25400.0
25400.0
25400.0
25400.0
25400.0
25400.0
25400.0
25400.0
25400.0
25400.0
25400.0
25400.0
25400.0
25400.0
25400.0
25400.0
25400.0
25400.0
25400.0
25400.0
25400.0
25400.0
25400.0
25400.0
25400.0
25400.0
25400.0
25400.0
25400.0
25400.0
25400.0
25400.0
25400.0
25400.0
25400.0
33271.39453125
44126.77734375
51559.984375
56631.7734375
60757.58984375
64688.95703125
68047.2421875
71647.9765625
74956.421875
78075.7265625
80815.3515625
83368.0625
85755.328125
87935.75
90342.734375
92779.375
95176.3125
97383.6640625
99545.6953125
101623.15625
103576.3828125
105543.1796875
107421.4609375
109439.3515625
111425.546875
113284.96875
115299.7109375
117236.2734375
119176.8203125
120969.9375
122732.9765625
124409.7421875
125954.453125
127470.5390625
129077.203125
130649.3671875
132086.140625
133308.265625
134592.046875
135809.203125
137013.953125
138154.609375
139358.578125
140562.140625
141704.96875
142852.515625
143935.53125
145031.15625
146268.515625
147395.4375
148456.28125
149836.265625
154153.140625
155820.125
157118.765625
158387.046875
159478.015625
160369.453125
163069.25
167048.484375
165963.875
163205.125
160759.53125
158791.875
157352.109375
156640.921875
156295.265625
155981.234375
155719.375
155401.8125
155092.390625
154813.515625
154619.96875
154462.15625
154317.09375
154192.5625
154101.109375
154028.859375
153951.9375
153821.859375
153598.1875
153568.6875
153548.46875
153456.90625
