22594.701171875
21069.869140625
19706.080078125
18633.986328125
17916.337890625
17300.544921875
17053.578125
17212.982421875
17551.837890625
17947.5703125
18386.7265625
18832.61328125
19259.27734375
19689.22265625
20090.669921875
20489.9765625
20872.7734375
21204.5234375
21558.931640625
21889.421875
22223.943359375
22544.26171875
22879.185546875
23558.2109375
24170.818359375
25255.208984375
27175.0
30458.9453125
34213.609375
37930.34375
41927.76171875
46595.6796875
51503.828125
55596.24609375
59470.26171875
63189.6484375
66339.78125
69170.09375
71649.84375
73958.8359375
76004.2109375
77697.2578125
79441.1015625
81029.7421875
82557.5078125
83970.4140625
85327.0546875
86535.8359375
87661.4765625
88744.0703125
89662.4140625
90509.03125
91262.9296875
91867.875
92455.203125
92962.6484375
93431.84375
93840.0078125
94306.6015625
94899.6953125
95404.4453125
95867.0078125
96268.4375
96642.0625
96986.8125
97274.6171875
97564.2890625
97818.6640625
98056.375
98270.65625
98475.9609375
98662.515625
98822.1015625
98967.8828125
99071.6875
99168.25
99260.84375
99341.921875
99418.359375
99484.9921875
99548.515625
99605.4296875
99660.2265625
99708.4375
99751.234375
99791.0625
99825.953125
99857.9921875
99886.1484375
99907.359375
99926.6328125
99968.8203125
100010.1953125
100039.265625
100057.609375
100067.03125
100069.96875
100067.2578125
100060.859375
100046.2890625
100027.125
100007.265625
99983.765625
99959.421875
99933.5390625
99907.5390625
99879.796875
99851.2109375
99823.296875
99793.96875
99764.8984375
99734.2265625
99703.3515625
99674.0625
99636.796875
99598.5546875
99557.015625
99519.9921875
99486.4921875
99453.6484375
99421.40625
99386.2421875
99350.46875
99311.6328125
