25400.0
25400.0
25355.28515625
24663.36328125
24693.08984375
24471.775390625
24214.494140625
24062.8515625
24037.666015625
24035.4140625
24037.791015625
24042.359375
24049.859375
24058.693359375
24069.310546875
24081.70703125
24097.83984375
24118.59375
24143.314453125
24181.376953125
24231.681640625
24295.4609375
24378.3359375
24545.3515625
24906.740234375
25088.376953125
25160.494140625
25181.966796875
25182.458984375
25176.431640625
25314.15234375
26000.69921875
27917.080078125
32604.2109375
39641.4375
47130.59765625
53332.62890625
60015.25390625
67374.328125
72831.9921875
77516.8203125
81534.4765625
84759.3671875
87945.7265625
90749.0625
93308.359375
95500.9453125
97815.25
100127.6796875
102364.296875
104553.34375
106497.578125
108420.9921875
110281.671875
112076.5078125
114137.2578125
116255.671875
118296.1875
120232.7890625
122133.4765625
121651.9296875
121136.6328125
120580.765625
120088.796875
119666.7265625
119288.3671875
118945.328125
118578.2890625
118306.375
117942.0390625
117548.171875
117146.25
116788.578125
116486.84375
116190.421875
115908.1171875
115610.015625
115278.4140625
114975.515625
114635.890625
114317.53125
114008.5234375
113735.03125
113454.8125
113171.6640625
112890.65625
112597.1796875
112323.90625
112052.4609375
111783.7109375
111562.765625
111367.6875
111169.734375
111105.484375
111133.2421875
111020.875
110854.0859375
110674.3515625
110491.953125
110325.703125
110206.0546875
110324.2109375
110372.7109375
110317.765625
110207.2265625
110114.3046875
110069.6171875
110019.953125
110078.0234375
110251.40625
110347.71875
110336.65625
110248.640625
110122.7109375
110071.25
110127.84375
110217.78125
110302.5
110349.46875
110347.9453125
110296.9921875
110214.046875
110109.3046875
110009.4765625
109982.109375
