25400.0
25400.0
24394.38671875
24103.21875
22122.677734375
20967.396484375
20495.267578125
20660.818359375
21182.169921875
21911.044921875
23259.427734375
24355.177734375
24609.7578125
24651.458984375
24655.51953125
24672.71484375
24700.6953125
24729.65625
24764.974609375
24805.05078125
24837.072265625
24861.46484375
24877.111328125
24887.10546875
24893.478515625
24897.513671875
24997.056640625
25411.396484375
26883.57421875
31603.912109375
38452.39453125
46024.98046875
52492.625
57337.09375
60126.5390625
62557.60546875
64853.46875
66985.3203125
69181.9921875
71162.390625
72842.390625
74262.859375
75579.03125
77005.5625
78329.4609375
79694.640625
81108.046875
82511.4765625
83817.2109375
84991.265625
86147.890625
87251.4140625
88276.0390625
89182.1484375
89917.9609375
90736.46875
91497.4765625
92195.9609375
92853.859375
93556.5390625
94198.140625
94757.671875
95313.53125
95805.96875
96281.6953125
96729.9140625
97119.3125
97529.015625
97897.9765625
98261.4140625
98600.3046875
98931.5703125
99244.1171875
99543.8046875
99910.28125
100249.609375
100567.59375
100857.8515625
101055.6171875
101259.5390625
101449.328125
101631.5859375
101787.8125
101930.03125
102046.046875
102135.453125
102221.3359375
102500.75
102736.3984375
103016.46875
103252.1328125
103484.0390625
103690.1875
103888.0390625
104067.8671875
104243.9296875
104407.421875
104566.5625
104720.3125
104865.9453125
105018.703125
105172.59375
105316.2578125
105469.75
105597.7109375
105714.5625
105818.4296875
105918.796875
106014.2109375
106103.6875
106192.2734375
106270.0859375
106333.1796875
106375.7890625
106394.203125
106398.9375
106392.8984375
106365.7109375
106319.078125
106242.0234375
106142.7265625
106040.78125
105948.921875
105866.2265625
105788.796875
