25400.0
25400.0
25400.0
25400.0
25400.0
25400.0
25400.0
25400.0
25400.0
25400.0
25400.0
25400.0
25400.0
25400.0
25400.0
25400.0
25400.0
25400.0
25400.0
25400.0
25400.0
25400.0
25400.0
25400.0
25400.0
25400.0
25400.0
25400.0
25400.0
25400.0
25400.0
25400.0
25400.0
25400.0
25400.0
25400.0
25400.0
25400.0
25400.0
25400.0
25400.0
25400.0
25400.0
25400.0
25400.0
25400.0
25400.0
25400.0
25400.0
25400.0
25400.0
25400.0
25400.0
25400.0
29993.552734375
39912.171875
46793.90625
51672.65625
55310.078125
58395.46875
60920.8515625
63037.92578125
65306.02734375
67247.96875
69019.15625
70637.1484375
72006.671875
73467.125
74842.3203125
76211.2265625
77703.15625
79480.5
81631.953125
83911.6875
86283.890625
88736.140625
91783.25
95345.140625
98671.5078125
102487.8203125
106526.9609375
110868.4609375
115137.0546875
119492.9453125
124042.7578125
128543.46875
133318.375
137938.421875
142476.703125
146814.421875
150611.78125
155144.390625
159284.953125
163392.96875
167153.078125
170751.78125
174216.796875
177285.53125
180363.828125
183257.90625
186128.640625
188949.484375
191430.390625
193949.640625
196176.75
198277.0
200119.1875
201810.359375
203490.515625
208219.671875
211910.140625
213878.015625
214956.984375
220124.640625
223548.421875
217736.25
213902.78125
211121.578125
209167.265625
207690.109375
206257.671875
204683.140625
203197.984375
201710.40625
200025.21875
