25400.0
25400.0
25400.0
25026.08203125
24830.07421875
24830.07421875
24830.07421875
24830.07421875
24880.400390625
24896.01953125
24899.357421875
24901.431640625
24903.552734375
24905.658203125
24907.658203125
24910.1875
24912.78515625
24914.453125
24915.921875
24917.140625
24918.4140625
24919.6015625
24920.69140625
24921.744140625
24922.521484375
24922.626953125
24923.2890625
28216.2265625
42611.12109375
54908.15234375
62691.6015625
67107.6640625
70502.7734375
74092.2734375
77849.703125
81637.1875
85303.234375
88724.078125
92240.0390625
95350.7734375
98021.40625
100881.7109375
104085.171875
107209.5
110734.625
114383.609375
118261.921875
122037.2109375
126215.921875
130744.1796875
135676.109375
140949.5
140139.078125
139341.4375
138668.28125
137834.71875
136735.921875
135719.578125
134662.5625
133704.21875
132693.578125
131601.15625
130418.421875
129350.8125
128815.734375
127417.078125
125868.515625
124492.0703125
123415.78125
122343.265625
121295.0078125
120719.984375
119873.7265625
118878.6484375
117939.28125
117324.6484375
116910.78125
116499.4921875
116054.328125
115663.9140625
115408.234375
115280.4765625
115235.0703125
115236.1484375
115237.3203125
115218.859375
115198.0625
115205.5859375
115241.46875
115290.609375
115340.90625
115418.5
115525.921875
115608.375
115650.1484375
115626.40625
115602.8046875
115583.6328125
115556.015625
115519.65625
115471.5625
115410.2421875
115344.9921875
115285.3046875
115224.7578125
115177.15625
115095.6953125
115048.3984375
115011.0625
114973.2890625
114929.6015625
114870.1953125
114796.9296875
114701.6171875
114582.65625
114454.453125
114282.9375
114138.578125
114026.859375
113916.546875
113774.6953125
113616.8828125
113454.203125
113277.984375
113099.1015625
112916.6640625
