25400.0
25400.0
25400.0
25400.0
25400.0
25400.0
25400.0
25400.0
25400.0
25400.0
25400.0
25400.0
25400.0
25400.0
25400.0
25400.0
25400.0
25400.0
25400.0
25400.0
25400.0
25400.0
25400.0
25400.0
25400.0
25400.0
27732.103515625
46947.62109375
63972.04296875
73911.84375
78536.0390625
82295.578125
86219.78125
90156.921875
94091.953125
97701.296875
100840.671875
104070.0546875
106740.0078125
109400.046875
111942.59375
114108.4453125
116222.96875
118198.359375
120096.1484375
121759.3671875
123207.3671875
124545.78125
126120.5546875
127748.2421875
129418.3203125
131180.5
132760.390625
134072.609375
135430.765625
136751.828125
139743.765625
142217.25
143488.15625
144795.265625
145927.84375
144531.921875
141641.8125
139233.609375
136811.875
134951.890625
132987.90625
131450.828125
130134.3203125
128877.4140625
127717.390625
126760.375
125963.015625
125359.421875
125021.5234375
124897.3125
124973.0625
125136.4921875
125342.2421875
125560.78125
125883.4296875
126261.28125
126744.734375
127010.65625
127132.203125
127155.90625
127105.796875
127022.5703125
126926.2265625
126836.2109375
126788.7578125
126694.5703125
126638.9375
126564.3984375
126422.8671875
126178.6875
125808.1484375
125342.2578125
124846.1640625
124334.09375
123808.0
123331.9453125
122814.3515625
122319.921875
121814.5390625
121352.2265625
120882.34375
120406.0625
119944.03125
119467.5859375
119006.78125
118531.6015625
118066.96875
117653.90625
117199.6875
116763.4140625
116319.5234375
115909.3515625
115493.109375
115084.3046875
114697.3203125
114317.3671875
113981.2265625
113643.3671875
