25400.0
25400.0
24642.40625
24712.814453125
24435.853515625
24077.408203125
23726.38671875
23671.533203125
23657.298828125
23656.466796875
23661.771484375
23671.72265625
23688.400390625
23712.99609375
23752.712890625
23823.8203125
23939.255859375
24140.505859375
24654.93359375
24974.20703125
25073.3125
25103.580078125
25112.552734375
25113.845703125
25254.470703125
26311.955078125
30206.63671875
37383.37890625
47414.31640625
56986.4921875
67004.21875
75192.5078125
81000.84375
85974.828125
90113.7421875
92889.109375
94943.9765625
97345.546875
100035.3203125
102713.359375
105080.5859375
107066.5390625
108887.640625
110485.5859375
111794.765625
113164.2734375
114089.25
113007.5390625
112235.3984375
111553.125
111224.765625
111169.1171875
111080.6015625
110908.40625
110940.9140625
111356.8515625
111634.421875
111789.2734375
111824.8984375
111940.609375
112016.5
112062.1875
112116.2109375
112133.125
112063.4296875
111954.96875
111828.703125
111622.21875
111414.65625
111261.5703125
111548.515625
111888.15625
112165.453125
112461.8359375
112786.5234375
113029.03125
113217.5859375
113191.9921875
113202.5859375
112987.8671875
112812.28125
112936.6171875
112931.2734375
112749.0078125
112506.6796875
112278.9609375
112020.234375
111751.390625
111475.03125
111327.2578125
111322.1484375
111314.7734375
111244.890625
111093.2265625
110919.6953125
110751.8671875
110629.3828125
110534.96875
110574.484375
110640.25
110708.1015625
110762.8828125
110815.046875
110857.8671875
110888.6796875
110927.3203125
110971.7265625
111020.609375
111066.8828125
111109.9765625
111160.984375
111229.390625
111293.078125
111340.703125
111366.84375
111322.234375
111278.9375
111236.1171875
111179.7109375
111117.6015625
111058.453125
110998.4921875
110932.6015625
110891.84375
110862.546875
110828.7734375
110784.015625
