25400.0
25400.0
25400.0
25400.0
25400.0
25400.0
25400.0
25400.0
25400.0
25400.0
25400.0
25400.0
25400.0
25400.0
25400.0
25400.0
25400.0
25400.0
25400.0
25400.0
25400.0
25400.0
25400.0
25400.0
25400.0
25400.0
25400.0
25400.0
25400.0
25400.0
25400.0
25400.0
25400.0
25400.0
25400.0
25400.0
25400.0
25400.0
25400.0
29673.841796875
42824.578125
53963.96875
61379.6953125
68389.0234375
73986.3125
78566.5
82414.03125
85311.7109375
87611.0078125
89646.1953125
91853.3671875
93799.0
95386.3984375
97266.625
99061.5390625
100836.8125
102439.75
103941.796875
105280.796875
106437.4921875
107504.96875
108442.2109375
109376.1484375
110329.3046875
111217.3984375
112193.5078125
113103.1328125
114071.6640625
115387.7890625
117021.21875
118888.953125
120649.609375
122728.21875
125674.390625
128935.609375
132138.515625
135288.46875
138622.484375
141935.453125
145553.25
149052.125
152495.84375
155802.9375
158937.6875
162226.1875
165245.015625
171122.03125
172603.46875
168950.640625
165717.671875
162860.5625
160203.484375
157608.734375
155519.0625
154701.109375
153468.71875
151883.109375
150581.640625
149457.96875
148558.03125
147880.390625
147269.109375
146774.875
146346.1875
145945.609375
145517.171875
145211.953125
144998.125
144892.3125
144954.015625
144995.78125
145112.65625
145247.46875
145400.625
145571.359375
145732.375
145852.859375
145880.09375
145793.1875
145543.5
145211.765625
144856.40625
144515.90625
