25400.0
25400.0
25400.0
25400.0
25400.0
25400.0
25400.0
25400.0
25400.0
25400.0
25400.0
25400.0
25400.0
25400.0
25400.0
25400.0
25400.0
25400.0
25400.0
25400.0
25400.0
25400.0
25400.0
25400.0
35608.47265625
48547.15234375
56461.46484375
61696.70703125
65640.390625
68760.7265625
72197.7109375
75021.9609375
77719.703125
80196.5546875
82519.90625
84783.8671875
86759.7734375
88580.3359375
90383.359375
92687.7734375
95140.5
97365.5078125
99234.328125
100947.7265625
103603.3359375
107157.09375
111482.203125
115618.328125
119348.7890625
123000.7421875
127276.4375
131932.546875
136349.390625
140451.765625
144531.90625
147994.640625
150868.640625
153663.6875
156616.71875
160780.46875
166882.5625
171017.046875
178676.859375
186738.8125
181605.796875
178690.015625
177020.859375
176332.6875
175845.5
175305.84375
174773.09375
173873.15625
172744.453125
171244.4375
169638.453125
167658.03125
165535.265625
163607.65625
161465.03125
159389.734375
157337.4375
155628.875
153500.625
151320.5
149301.15625
147267.40625
145420.828125
143525.4375
141607.859375
139878.25
138018.59375
136305.1875
134683.109375
133226.859375
131735.671875
130266.2578125
128873.15625
127471.8359375
126153.0390625
124840.6640625
123581.7421875
122485.3046875
121324.90625
120252.3515625
119188.7578125
118199.0
117226.1015625
116339.9765625
115554.28125
114756.71875
114022.3671875
113316.8984375
112652.3984375
112083.3515625
111487.4140625
110940.296875
110405.4765625
109918.9765625
109451.125
108990.765625
108548.671875
108122.1953125
107739.6015625
107372.8359375
