25400.0
25400.0
25376.763671875
24805.216796875
24605.662109375
24510.625
24191.828125
23883.630859375
23828.1015625
23818.2265625
23817.658203125
23819.619140625
23822.4921875
23827.419921875
23833.580078125
23840.373046875
23848.330078125
23857.939453125
23868.44921875
23882.958984375
23901.341796875
23927.71875
23961.7578125
24004.0859375
24063.78125
24152.66796875
24337.8359375
24741.931640625
24979.1171875
25083.74609375
25123.849609375
25142.115234375
25150.44921875
25154.79296875
25157.994140625
25160.505859375
25162.912109375
25164.50390625
25166.08984375
25165.69140625
25173.193359375
25257.26171875
25436.078125
25970.046875
26950.900390625
29075.25
33078.0390625
38004.8984375
43442.60546875
49559.015625
55707.1015625
61561.1796875
67504.8125
72849.6953125
77417.8515625
82545.765625
87543.6953125
92671.7578125
97647.53125
102527.1015625
107020.234375
111055.4609375
115094.921875
118981.6875
123126.8515625
127546.8671875
128547.8984375
129228.953125
129734.4453125
130020.4140625
130091.140625
129914.78125
129651.40625
129339.203125
128985.8671875
128616.3359375
128215.6640625
127794.1484375
127431.609375
127073.8125
126741.796875
126400.3515625
126024.5078125
125589.375
125126.703125
124668.578125
124197.0625
123736.2109375
123252.890625
122756.1484375
122300.640625
121793.015625
121300.0859375
120792.9296875
120299.46875
119794.109375
119303.171875
118836.2421875
118363.7578125
117914.578125
117484.2109375
117221.6171875
117038.1875
116800.5546875
116558.515625
116346.078125
116177.96875
115975.375
115750.9296875
115513.6171875
115239.2109375
114960.3203125
114730.0390625
114526.015625
114347.3671875
114146.46875
113926.484375
113689.390625
113461.296875
113228.4375
112995.625
112773.546875
112548.3359375
112338.75
112128.4296875
