18356.994140625
17606.076171875
16964.466796875
16622.302734375
16525.546875
16600.029296875
16777.275390625
17317.849609375
17859.703125
18395.728515625
18881.705078125
19343.498046875
19768.64453125
20150.119140625
20516.4140625
20848.05859375
21169.33984375
21472.361328125
21733.49609375
22009.00390625
22265.23046875
22521.75390625
22762.9765625
23010.5234375
23264.455078125
23514.015625
23805.45703125
24111.376953125
26815.35546875
34716.4375
40323.89453125
46227.8984375
51373.0625
55483.94921875
59205.2421875
62420.36328125
64986.05859375
66907.2578125
68449.078125
69785.9140625
71052.7890625
72330.609375
73560.4140625
74823.234375
75921.140625
76909.2890625
77763.1875
78544.2265625
79260.96875
79900.421875
80499.359375
81030.1171875
81524.5546875
81974.34375
82359.109375
82787.671875
83214.4765625
83647.34375
84066.1875
84465.2578125
84836.09375
85164.8203125
85477.6953125
85756.6640625
86085.0625
86443.25
86773.65625
87129.921875
87457.8984375
87769.40625
88049.8125
88320.7734375
88576.796875
88811.7109375
89218.265625
89603.3515625
89979.5625
90339.875
90660.2734375
91021.7109375
91381.4453125
91764.984375
92146.2734375
92544.6015625
92945.609375
93330.71875
93721.9140625
94137.375
94566.9609375
94974.46875
95314.8515625
95649.09375
95945.8984375
96236.8671875
96507.7890625
96778.0703125
97038.0546875
97280.890625
97521.921875
97756.703125
98007.46875
98272.0390625
98557.59375
98912.5
99267.2578125
99628.0625
99962.671875
100288.4453125
100593.5
100869.40625
101134.9140625
101374.09375
101603.7109375
101817.1484375
101997.640625
102183.7421875
102353.328125
102523.21875
102689.0625
102862.765625
103037.609375
103204.921875
103373.5390625
103528.453125
103674.7265625
