25400.0
25400.0
25400.0
25400.0
25400.0
25400.0
25400.0
25400.0
25400.0
25400.0
25400.0
25400.0
25400.0
25400.0
25400.0
25400.0
25400.0
25400.0
25400.0
25400.0
25400.0
25400.0
25400.0
25400.0
25400.0
25400.0
25400.0
25400.0
25400.0
39100.578125
58566.66796875
73600.1640625
84131.2421875
93827.390625
102202.8203125
108941.2578125
113932.40625
118084.265625
121253.109375
123732.75
125375.75
126384.5859375
127313.5078125
128652.0234375
129728.3359375
130869.8359375
132238.90625
133446.203125
134295.5625
134932.8125
135690.28125
136490.15625
137392.796875
138086.640625
138729.796875
136675.828125
134246.1875
131792.5625
129388.453125
127188.3671875
125228.4765625
123366.8046875
121719.5859375
120181.34375
118709.7578125
117345.1640625
116053.5390625
114958.3828125
114074.28125
113420.015625
112601.9375
111721.7578125
111018.75
110369.546875
109781.6171875
109218.8515625
108745.2421875
108410.921875
108101.875
107831.3125
107556.453125
107307.1484375
107082.796875
106887.09375
106739.46875
106637.9453125
106585.4375
106558.171875
106583.0
106678.3125
106941.375
107238.6640625
107553.6328125
107877.640625
108249.8671875
108652.828125
109059.796875
109534.0703125
110012.3203125
110484.7890625
110927.359375
111310.5859375
111717.8359375
112102.6640625
112500.5234375
112900.0703125
113325.5
113808.4296875
114337.078125
114893.359375
115380.21875
115814.671875
116224.9140625
116619.0703125
117064.765625
117446.5390625
117775.6328125
118040.6796875
118241.40625
118369.328125
118432.953125
118447.5546875
118422.7265625
118363.6875
