25400.0
25400.0
25400.0
25400.0
25400.0
25400.0
25400.0
25400.0
25400.0
25400.0
25400.0
25400.0
25400.0
25400.0
25400.0
25400.0
25400.0
25400.0
25400.0
25400.0
25400.0
25400.0
25400.0
28197.7578125
46389.76171875
63468.72265625
78734.3125
91238.71875
102266.234375
111610.03125
119176.0234375
125926.3984375
131168.109375
135400.921875
138675.703125
141560.90625
144139.515625
146270.171875
148046.015625
149326.1875
145335.40625
141756.625
138777.34375
135861.328125
133397.15625
131064.03125
128627.9765625
126176.6328125
123940.703125
121930.984375
119792.609375
117848.78125
116560.9375
115622.3515625
114637.796875
113518.53125
112664.9453125
111942.296875
111421.1484375
111191.7421875
111129.8359375
111058.71875
110963.2890625
110874.859375
110825.8046875
110845.40625
110905.25
110969.1015625
111001.578125
111007.59375
110985.9921875
110933.71875
110854.6875
110717.8984375
110577.8828125
110432.09375
110262.578125
110073.328125
109892.28125
109750.0234375
109600.3515625
109412.4453125
109203.859375
108983.28125
108805.140625
108638.859375
108501.8828125
108403.90625
108354.2578125
108359.5625
108413.4765625
108519.0546875
108655.109375
108828.8828125
109082.71875
109410.4140625
109750.3984375
110085.1328125
110430.8046875
110757.28125
111079.421875
111391.5
111660.5390625
111932.2578125
112175.2734375
112406.3828125
112634.8828125
112852.2578125
113049.515625
113233.6328125
113422.5859375
113663.1875
113879.578125
114055.9921875
114190.4140625
114317.234375
114421.078125
114510.125
114581.4296875
114640.3828125
114706.4296875
114778.5390625
114924.0625
115077.0546875
115211.1484375
