25400.0
25400.0
25400.0
25071.388671875
24766.1015625
24612.255859375
24612.255859375
24643.978515625
24660.763671875
24664.185546875
24665.541015625
24666.8984375
24668.38671875
24669.814453125
24671.353515625
24672.791015625
24674.2578125
24675.603515625
24677.58203125
24679.841796875
24681.22265625
24682.587890625
24684.3828125
24686.35546875
24688.55859375
24690.748046875
24693.240234375
24695.60546875
24700.681640625
25175.689453125
28996.25
36590.8984375
44987.51953125
54189.96875
64147.9140625
73064.421875
77627.6171875
81583.453125
85112.4375
88160.234375
90736.3125
92867.0234375
94527.1328125
95885.65625
96738.5234375
97402.984375
97919.796875
98418.453125
98896.15625
99284.9296875
99646.2578125
100066.8671875
100417.953125
100663.5078125
100811.65625
100909.65625
100967.59375
101013.7421875
101048.8828125
101081.65625
101116.8515625
101146.953125
101164.2578125
101155.0234375
101109.421875
101026.484375
100923.6796875
100794.7578125
100668.6953125
100550.015625
100455.390625
100371.984375
100355.765625
100380.984375
100415.6875
100436.890625
100433.125
100473.859375
100730.078125
101109.9921875
101423.6875
101728.3828125
102000.1875
102264.5078125
102536.609375
102934.8125
103560.3359375
104095.5703125
104599.40625
105065.6171875
105465.8984375
105881.9375
106243.4765625
106518.7265625
106757.078125
107042.5234375
107305.7890625
107524.5234375
107716.8828125
107857.859375
107945.71875
107929.7734375
107933.6640625
107952.046875
107962.5
107973.59375
107984.5
107991.09375
107986.9296875
107973.40625
107949.8125
107916.9765625
107874.078125
107824.59375
107775.1640625
107708.9375
107640.5078125
107573.515625
107512.5
107454.1484375
107396.296875
107338.234375
107311.734375
107283.0234375
107244.90625
