25400.0
25400.0
25400.0
25400.0
25400.0
25400.0
25400.0
25400.0
25400.0
25400.0
25400.0
25400.0
25400.0
25400.0
25400.0
25400.0
25400.0
25400.0
25400.0
25400.0
25400.0
25400.0
25400.0
25400.0
34111.47265625
51216.76953125
65678.03125
75890.4453125
85891.5625
94381.5703125
100829.484375
106113.0625
109941.546875
113401.2109375
116364.6171875
119012.578125
121391.8671875
123603.1015625
125494.0390625
127000.03125
128325.6953125
129413.375
130304.578125
131173.171875
132036.375
132968.515625
133854.296875
135150.546875
138456.640625
139267.96875
140191.765625
140767.25
139403.9375
135906.71875
133535.65625
131258.234375
129144.5
127033.0625
125450.5234375
124165.6953125
123058.1875
122179.6171875
121460.0078125
120866.75
120372.890625
119977.15625
119703.875
119605.8203125
119782.421875
120136.828125
120460.6875
120857.640625
121241.09375
121531.296875
121798.7890625
122051.2890625
122324.5
122638.296875
122908.5234375
123167.15625
123382.6875
123561.890625
123574.21875
123555.8125
123498.2578125
123409.8203125
123301.65625
123160.7734375
122971.0859375
122858.1328125
122818.1640625
122739.3125
122618.6875
122473.546875
122298.9453125
122108.6640625
121936.2109375
121772.015625
121510.640625
121265.609375
121016.109375
120725.984375
120401.15625
120030.25
119672.78125
119314.5
118985.21875
118637.8125
118287.7578125
117943.71875
117564.8515625
117200.96875
116834.0703125
116460.390625
116117.640625
115731.578125
115351.5
114965.3203125
114620.4140625
114250.421875
113870.3125
113487.7265625
113066.265625
112662.8046875
112253.734375
