25400.0
25400.0
25400.0
25400.0
25398.00390625
25393.93359375
25390.92578125
25388.95703125
25387.595703125
25386.705078125
25385.85546875
25384.787109375
25383.76953125
25382.837890625
25382.08203125
25381.45703125
25380.966796875
25380.62109375
25380.330078125
25380.119140625
25379.95703125
25379.841796875
25379.755859375
25379.693359375
25379.693359375
25379.578125
25379.443359375
25379.185546875
25379.185546875
25378.408203125
26389.69140625
42271.3515625
59863.87890625
75392.109375
86240.546875
95938.9609375
104329.625
112142.9140625
118986.7265625
125579.515625
132076.859375
137039.15625
141548.546875
145086.8125
148004.28125
150300.21875
148873.0625
146669.28125
144600.421875
142450.75
140377.875
138202.78125
136165.203125
134440.203125
132647.359375
131001.515625
129401.2578125
127938.75
126516.828125
125286.671875
123987.6953125
122619.8515625
121356.9921875
120110.796875
118946.0703125
117961.765625
116930.9140625
115906.40625
114893.9765625
113959.515625
113060.75
112214.421875
111530.9921875
110885.7578125
110275.0078125
109647.8828125
109104.1328125
108847.4921875
108861.5078125
108710.6640625
108476.46875
108375.59375
108303.859375
108172.4296875
108008.5625
107836.4140625
107680.0078125
107568.609375
107525.7109375
107550.25
107619.4140625
107697.21875
107768.6484375
107803.8359375
107790.390625
107738.2265625
107682.09375
107642.8046875
107630.15625
107643.0546875
107676.4453125
107716.7265625
107764.3671875
107809.46875
107854.625
107900.1953125
107954.46875
108017.7734375
108087.09375
108163.765625
108257.203125
108410.296875
108552.4453125
108661.71875
108761.484375
108843.90625
108920.9921875
108989.3671875
109049.0078125
109100.40625
109145.265625
109188.796875
109228.8515625
109267.8984375
