25400.0
25400.0
25219.72265625
24563.0390625
24670.265625
24333.828125
24267.890625
24257.9453125
24258.5
24261.4375
24265.1640625
24269.06640625
24274.958984375
24282.326171875
24290.408203125
24299.953125
24311.287109375
24325.349609375
24343.59765625
24366.41015625
24398.615234375
24442.658203125
24497.3671875
25075.205078125
27146.17578125
31964.201171875
39394.7109375
48813.76171875
59401.17578125
69994.640625
80441.5
89484.4609375
97282.5703125
104504.578125
110941.140625
116250.2734375
120521.65625
120801.7265625
120967.90625
120815.3515625
120432.9375
119958.7109375
119412.8671875
118794.6328125
118099.8671875
117425.4140625
116732.9609375
116025.375
115322.8671875
114595.3046875
113933.859375
113255.21875
112583.8359375
111981.5234375
111318.40625
110728.5234375
110140.4140625
109580.546875
109020.796875
108489.421875
108007.9296875
107538.2578125
107073.6875
106586.015625
106149.0078125
105786.1171875
105410.109375
105070.2421875
104726.140625
104349.9375
103944.96875
103535.3671875
103146.09375
102754.3671875
102386.5390625
102035.734375
101724.8671875
101457.4375
101169.1796875
100894.9921875
100618.125
100355.8046875
100096.5625
99857.34375
99638.3515625
99433.703125
99233.1484375
99053.0625
98896.234375
98738.046875
98554.84375
98374.3359375
98180.484375
97991.9296875
97800.46875
97639.59375
97542.8671875
97426.7421875
97299.9375
97304.1796875
97311.921875
97334.4765625
97383.96875
97527.8515625
97778.515625
98053.4453125
98346.8515625
98686.234375
99032.09375
99452.6640625
99864.4375
100323.921875
100766.984375
101131.046875
101488.265625
101790.25
102063.4609375
102315.75
102535.28125
102719.5390625
102875.65625
103019.6484375
103163.4140625
103335.4609375
