25400.0
25400.0
25339.158203125
24922.927734375
24727.63671875
24727.63671875
24727.63671875
24727.63671875
24755.841796875
24762.052734375
24763.884765625
24765.28125
24766.54296875
24767.685546875
24768.783203125
24770.240234375
24771.888671875
24772.8359375
24773.59765625
24774.35546875
24775.05078125
24775.744140625
24776.39453125
24777.0703125
24777.671875
24778.203125
24778.744140625
24779.19921875
24779.43359375
24780.068359375
24782.412109375
26175.83203125
33731.48828125
41102.5546875
47029.59375
53051.12109375
59252.63671875
66514.46875
73587.7265625
80280.34375
87088.6328125
95019.8203125
102680.4765625
109450.984375
112045.21875
114259.0859375
116033.9765625
117603.90625
118930.8671875
119947.515625
120876.859375
121610.5703125
122125.2421875
122422.6015625
122548.1875
122455.7421875
122285.578125
122060.265625
121775.8984375
121403.1796875
120997.5546875
120582.5234375
120143.109375
120174.75
120331.609375
120416.9453125
120427.296875
120393.2890625
120326.0390625
120211.34375
120048.2265625
119836.9765625
119603.203125
119343.8984375
119041.6328125
118722.171875
118378.515625
118021.3671875
117685.609375
117308.5625
116944.1328125
116580.3203125
116257.578125
115930.84375
115616.9609375
115324.4375
115133.4453125
114909.390625
114650.703125
114382.828125
114140.9296875
113875.65625
113594.609375
113321.796875
113063.8046875
112800.59375
112538.1328125
112276.1796875
112133.65625
111862.8984375
111551.015625
111244.8359375
110998.1875
110678.7734375
110373.015625
110068.6484375
109819.5703125
109591.2890625
109316.5546875
109043.0703125
108879.1640625
108786.515625
108653.4609375
108465.1875
108260.5234375
108025.625
107939.75
107926.71875
107874.203125
107750.3984375
107591.5234375
107469.6953125
107377.953125
107303.6484375
107191.171875
