25400.0
25400.0
25400.0
25195.23828125
25130.62890625
25130.62890625
25130.62890625
25130.62890625
25130.62890625
25130.62890625
25130.62890625
25130.62890625
25130.62890625
25130.62890625
25151.380859375
25187.552734375
25198.123046875
25201.68359375
25203.23046875
25204.21484375
25204.12890625
25202.2109375
26104.474609375
33232.59765625
42037.109375
49630.7421875
56936.9609375
64329.75
70676.40625
75980.1171875
81257.5078125
85845.75
90684.4140625
95256.1875
99643.3828125
103880.1015625
107721.578125
110782.3984375
113824.2265625
117256.7578125
120975.921875
124506.3984375
128644.1328125
132028.875
135020.671875
137938.703125
141345.1875
145116.078125
143402.984375
141468.9375
139637.5
137606.203125
135687.40625
133775.859375
131712.15625
129784.8125
127899.0546875
126185.2734375
124647.4921875
123445.2734375
122499.9609375
121718.78125
120983.8359375
120187.125
119486.4609375
118999.6953125
118711.5078125
118563.3359375
118400.3359375
118248.6484375
118138.53125
118034.265625
117966.9453125
117937.3359375
117970.3671875
118083.0234375
118226.2890625
118360.0546875
118580.03125
118737.234375
118835.4453125
118915.5546875
118985.359375
119029.703125
119044.328125
119034.1171875
118997.1328125
118944.546875
118887.21875
118826.8515625
118744.9921875
118653.7265625
118553.078125
118442.9921875
118305.859375
118151.4296875
117981.234375
117795.15625
117617.015625
117435.9765625
117254.140625
117083.4140625
116881.625
116692.390625
116562.7734375
116402.765625
116205.5546875
115985.9453125
115759.59375
115509.34375
115255.5859375
114986.75
114714.2578125
114465.8359375
114191.9453125
113925.96875
113650.171875
113433.4140625
113216.4921875
112996.1015625
112841.2265625
112658.4765625
112473.9921875
112281.90625
