25400.0
25400.0
25400.0
25399.0625
25303.35546875
25303.35546875
25303.35546875
25303.35546875
25303.35546875
25303.35546875
25303.35546875
25303.35546875
25303.35546875
25303.35546875
25303.35546875
25303.35546875
25303.35546875
25303.35546875
25303.35546875
25303.35546875
25303.35546875
25303.35546875
25303.35546875
40077.453125
59239.34765625
77358.3671875
90808.484375
102924.546875
113504.4453125
121796.1875
130612.59375
137477.921875
142970.953125
147243.625
146594.28125
144036.28125
141515.5
138845.515625
136376.78125
133942.453125
131581.515625
129615.140625
127637.5390625
125907.234375
124225.265625
122587.703125
120824.4375
119131.859375
117608.765625
116153.921875
114882.4296875
113735.9765625
112718.5859375
111789.5234375
110830.875
109992.7265625
109485.2578125
109759.6015625
109793.6171875
109396.5
108983.1875
108704.9453125
108413.203125
108115.28125
107963.6640625
107891.03125
107851.2109375
107791.40625
107685.1171875
107595.0390625
107547.2890625
107529.4765625
107528.171875
107530.453125
107539.8984375
107575.5
107669.7421875
107778.6015625
107908.5546875
108043.3359375
108188.0390625
108323.75
108449.515625
108572.203125
108689.4453125
108810.0
108924.515625
109031.9296875
109118.046875
109217.171875
109379.6484375
109530.3984375
109676.1484375
109804.59375
109924.515625
110024.484375
110104.7109375
110159.0234375
110193.1875
110233.4375
110270.6875
110297.0625
110321.1328125
110339.7265625
110353.46875
110381.0546875
110421.421875
110461.828125
110493.5234375
110513.0078125
110515.6875
110483.9921875
110385.8671875
110273.15625
110161.359375
110059.5
109954.4453125
109849.0625
109734.8046875
109613.8359375
109489.6484375
109355.8046875
109222.875
109078.6875
