25400.0
25400.0
25103.0234375
24718.96875
24480.58203125
23765.1171875
23362.09375
23266.453125
23251.953125
23251.931640625
23256.134765625
23262.3828125
23270.5859375
23282.642578125
23300.158203125
23329.951171875
23371.740234375
23440.068359375
23585.453125
24009.3203125
24566.41015625
24852.451171875
24971.24609375
25012.421875
25027.380859375
25035.33203125
25041.783203125
25049.22265625
25062.716796875
25088.427734375
25108.298828125
25120.31640625
25128.1640625
25133.05078125
25137.30859375
25139.908203125
25141.07421875
25142.623046875
25141.0390625
25135.791015625
25166.892578125
25300.43359375
25671.724609375
26822.939453125
29623.01171875
34486.77734375
40307.30078125
45921.7421875
50709.6015625
54326.69140625
57306.99609375
60188.578125
63555.70703125
66425.9609375
69364.71875
72147.9296875
74885.9765625
77201.8359375
78446.6640625
79581.359375
80622.2421875
81739.59375
82796.78125
83850.828125
84862.140625
85740.9140625
86663.8125
87520.3203125
88392.4765625
89307.0234375
90210.8984375
91004.03125
91753.7890625
92643.7890625
93484.0
94277.7890625
94930.0390625
95531.078125
96216.4765625
96851.234375
97486.40625
98115.3046875
98756.4765625
99369.4921875
99929.1796875
100474.859375
100989.6640625
101476.3125
101954.6484375
102374.390625
102813.203125
103213.84375
103604.171875
103982.0234375
104350.6015625
104708.109375
105035.625
105339.3203125
105641.8359375
105931.8359375
106158.2890625
106335.0703125
106503.6875
106646.8046875
106776.109375
106901.46875
107035.859375
107158.2734375
107269.546875
107383.203125
107490.1171875
107587.8203125
107670.3359375
107735.7265625
107798.4765625
107851.3203125
107898.609375
108163.2109375
108419.6796875
108647.734375
108854.140625
109058.3671875
109244.578125
109431.515625
