25400.0
25400.0
25396.681640625
24766.154296875
24603.15625
24626.611328125
24626.34375
24625.203125
24625.7578125
24627.076171875
24628.599609375
24630.1953125
24631.720703125
24633.333984375
24635.216796875
24636.177734375
24638.23046875
25902.0234375
40857.76953125
60422.31640625
80115.828125
96089.84375
102124.8125
106695.1171875
108927.9296875
109773.75
109846.09375
109466.7421875
108911.0390625
108293.8515625
107698.140625
107091.9140625
106537.9765625
105976.5546875
105446.125
104914.171875
104429.2890625
104012.984375
103570.109375
103141.5
102716.578125
102324.125
101969.96875
101597.5546875
101260.6640625
100939.671875
100660.6953125
100400.4921875
100157.4921875
99949.375
99770.9921875
99724.03125
99829.796875
99905.5
99965.8359375
100021.8671875
100059.8359375
100101.8046875
100146.7265625
100192.2109375
100243.359375
100293.203125
100336.3515625
100380.03125
100492.078125
100593.4609375
100676.90625
100761.375
100818.09375
100877.5390625
100926.203125
100963.5546875
100990.9140625
101013.953125
101019.125
101006.7578125
101010.4296875
101032.703125
101068.0859375
101111.75
101172.765625
101202.625
101232.5390625
101261.625
101295.375
101293.4765625
101261.421875
101212.7734375
101169.28125
101145.7109375
101123.9296875
101098.0390625
101080.4921875
101021.6796875
101065.2734375
101077.8046875
101032.0234375
100942.2890625
100809.734375
100658.4140625
100540.46875
100440.1640625
100353.0
100251.84375
100209.0703125
100172.0625
100108.0390625
100078.4921875
100124.9609375
100173.8046875
100206.3984375
100220.1640625
100218.3359375
100228.2890625
100236.3515625
100229.171875
100285.296875
100353.2109375
100420.3203125
100480.2265625
100523.8125
100553.3359375
100579.0390625
100726.1484375
101033.0546875
