25400.0
25400.0
25267.978515625
24747.1171875
24710.26171875
24743.087890625
24745.55859375
24746.68359375
24748.59375
24750.826171875
24752.9453125
24755.005859375
24756.96484375
24759.439453125
24761.064453125
24762.515625
24763.802734375
24765.3984375
24786.17578125
35271.43359375
52187.31640625
63756.91796875
74341.2734375
82609.9140625
89092.375
93879.921875
98011.9921875
101656.03125
104883.4296875
107930.140625
110643.15625
113296.6953125
115777.7421875
118081.3125
119974.1484375
121823.828125
123595.46875
125394.7578125
127162.171875
128828.984375
129386.6015625
126402.8984375
124099.9765625
121845.65625
119935.5859375
117954.7265625
116114.8828125
115066.4921875
114199.609375
113098.96875
111932.5234375
111066.546875
110268.7734375
109609.328125
109131.75
108599.984375
108230.8671875
107859.3203125
107455.3203125
107099.984375
106823.7734375
106658.359375
106753.6875
107019.015625
107239.3359375
107460.609375
107663.515625
107888.8984375
108111.625
108341.0078125
108550.59375
108745.65625
108928.4453125
109113.984375
109325.8125
109545.078125
109818.9140625
110129.828125
110374.984375
110610.3359375
110807.0078125
110995.4375
111168.1328125
111333.3046875
111449.46875
111550.5
111643.2265625
111703.21875
111743.1796875
111778.1875
111819.0703125
111865.1328125
111894.1171875
111912.859375
111924.0625
111920.296875
111892.0859375
111834.75
111744.921875
111636.2265625
111508.890625
111380.625
111273.6015625
111181.0625
111119.8828125
111093.5859375
111065.0
111063.6015625
111075.609375
111043.0078125
110960.6015625
110854.2890625
110738.6640625
110631.3828125
110544.3671875
110460.515625
110387.3984375
110312.6796875
110233.46875
110139.0703125
110027.4375
109903.8359375
109767.6171875
109635.1171875
109501.265625
