25400.0
25400.0
25349.33203125
24836.951171875
24590.642578125
24577.658203125
24449.54296875
24396.974609375
24389.033203125
24389.162109375
24391.078125
24393.521484375
24396.025390625
24398.44140625
24400.833984375
24403.083984375
24405.330078125
24407.529296875
24409.455078125
24411.55078125
24414.658203125
24418.1640625
24421.525390625
24425.1640625
24429.10546875
24433.294921875
24438.1953125
24443.685546875
24450.216796875
24457.783203125
24465.931640625
24476.7890625
24489.5625
24509.431640625
24542.6171875
25009.119140625
28769.73046875
35281.28515625
41514.6796875
45417.296875
48719.87109375
51293.16796875
53202.21875
54987.99609375
56528.578125
57980.6171875
59551.33984375
61402.2890625
63160.58984375
65026.71875
66959.3671875
68912.9609375
70836.4765625
72789.328125
74537.0234375
76083.921875
77273.59375
78161.6015625
78802.1796875
80231.0234375
82025.265625
83778.4765625
86268.3828125
88191.2578125
89789.5078125
91213.7421875
92499.03125
93958.3671875
95433.890625
96964.6796875
98405.3515625
99860.0234375
101304.4140625
102724.0859375
104295.359375
105820.40625
107377.921875
109185.3203125
110793.2421875
112528.9765625
114297.578125
116072.96875
116522.546875
116143.625
115829.734375
115532.7265625
115230.1015625
114943.2265625
114667.21875
114405.265625
114167.625
113917.140625
113723.7421875
113585.90625
113500.8828125
113441.109375
113396.765625
113357.109375
113303.6875
113243.7109375
113177.171875
113110.328125
113085.6015625
113099.4296875
113117.34375
113087.1953125
113034.421875
112960.0
112878.9765625
112800.1875
112741.984375
112692.0703125
112611.0234375
112501.765625
112347.5625
112146.828125
111954.5625
111770.9609375
111602.1171875
111476.4296875
111477.1171875
111684.3984375
111841.609375
111967.5703125
112079.78125
