25400.0
25400.0
25400.0
25364.9921875
25177.8515625
25102.46484375
25102.46484375
25102.46484375
25102.46484375
25102.46484375
25102.46484375
25102.46484375
25102.46484375
25102.46484375
25102.46484375
25102.46484375
25116.529296875
25133.046875
25136.17578125
25137.12109375
25138.712890625
25139.416015625
25139.943359375
25140.392578125
25140.826171875
25141.27734375
25141.69921875
25142.091796875
25142.482421875
25142.873046875
25143.201171875
25143.498046875
25143.876953125
25144.16796875
25144.51171875
25144.8203125
25145.001953125
25145.20703125
25145.27734375
25145.015625
25143.169921875
25140.490234375
25142.71875
28477.908203125
39342.15625
47614.34765625
52246.47265625
54659.0390625
56291.484375
57770.84765625
59136.0703125
60501.68359375
62230.20703125
64061.95703125
65783.984375
67416.90625
69213.3828125
70983.65625
72856.3125
74560.6171875
76448.96875
78254.1796875
79823.5390625
81307.3125
82679.8671875
84128.15625
85492.9921875
86700.125
87982.0625
88723.453125
89233.2265625
89633.4921875
90493.0
91350.75
92161.3515625
93103.0234375
94493.5
95850.0859375
97295.71875
98611.5
99966.2421875
101171.875
102323.296875
103394.3125
104507.5625
105643.8828125
106785.734375
108061.65625
109369.5546875
110773.2265625
112205.640625
113525.9609375
115075.8671875
116595.2109375
118144.3828125
119618.2734375
121150.734375
122883.21875
124572.8203125
126315.9375
127902.953125
129395.8125
130740.59375
131986.296875
133355.984375
134619.640625
135828.5625
136853.609375
137683.5625
138415.421875
139268.0
141522.015625
144197.140625
145570.03125
146813.078125
148048.46875
148485.625
146337.1875
144726.484375
143379.0625
142026.890625
141049.390625
140257.984375
139230.65625
138143.125
137092.0
