25400.0
25400.0
25400.0
24938.654296875
24654.7578125
24741.107421875
25169.794921875
25378.19921875
25375.486328125
25373.708984375
25372.48046875
25371.654296875
25371.11328125
25370.736328125
25370.48828125
25370.31640625
25370.201171875
25370.126953125
25370.07421875
25370.037109375
25370.01171875
25369.99609375
25369.984375
25369.9765625
25369.97265625
25369.97265625
25369.91796875
25369.857421875
25369.734375
25369.734375
32922.2890625
48101.734375
58894.6875
65865.875
71327.40625
75897.390625
79570.078125
82819.8828125
85551.421875
88040.265625
90287.828125
92156.0
93913.8046875
95320.5078125
96520.5
97513.1015625
98366.7890625
99069.359375
99626.2734375
100023.203125
100324.15625
100588.25
100818.984375
101021.921875
101223.4140625
101379.421875
101504.421875
101597.3203125
101674.15625
101761.0234375
101804.1171875
101770.2265625
101685.296875
101561.8125
101410.515625
101266.3203125
101108.3359375
100956.4140625
100825.8984375
100725.6484375
100632.3203125
100541.59375
100458.625
100394.984375
100423.3359375
100465.4375
100484.2734375
100506.140625
100673.2578125
100784.3515625
100863.0234375
100919.03125
100961.5234375
100991.7109375
101011.5078125
101024.2421875
101031.1015625
101039.90625
101048.671875
101053.203125
101052.671875
101046.5078125
101034.96875
101019.828125
101000.2265625
100976.1796875
100941.1640625
100881.640625
100824.0
100765.96875
100710.421875
100662.1796875
100612.265625
100566.6640625
100521.2421875
100478.3125
100433.921875
100390.28125
100347.765625
100305.3046875
100266.640625
100227.9296875
100190.09375
100156.765625
100117.9140625
100079.1171875
100040.6328125
100004.9453125
99968.8046875
99931.5078125
99894.078125
99856.0625
99818.7890625
99779.03125
