25400.0
25400.0
25400.0
25239.681640625
25105.4375
25105.4375
25105.4375
25105.4375
25105.4375
25105.4375
25105.4375
25105.4375
25105.4375
25105.4375
25105.4375
25105.4375
25105.4375
25105.4375
25105.4375
25105.4375
25105.4375
25105.4375
25105.4375
25105.4375
25105.4375
29671.388671875
45852.98828125
60099.51953125
74137.6875
85160.1015625
94175.0625
99475.4453125
102598.296875
105042.0703125
106716.3046875
107937.7578125
108907.265625
109489.2578125
109823.5078125
110052.1875
110132.890625
110078.015625
109970.078125
109816.0
109596.4375
109348.71875
109085.015625
108778.6640625
108407.484375
108054.109375
107693.3125
107325.1171875
106951.40625
106599.375
106288.9296875
105903.1875
105524.328125
105158.6484375
104807.4453125
104439.9609375
104065.28125
103703.921875
103318.4453125
102967.4296875
102629.8984375
102315.875
102037.9765625
101732.9140625
101433.515625
101141.3203125
100860.609375
100578.109375
100287.296875
100003.8828125
99744.8671875
99605.109375
99477.796875
99318.4375
99157.4765625
99024.0234375
98866.5625
98686.6875
98624.65625
98728.5234375
98830.5859375
99228.484375
99760.171875
100278.46875
100889.484375
101487.96875
102015.1640625
102628.78125
103144.71875
103587.1015625
103963.7890625
104353.7265625
104682.59375
104935.84375
105138.7421875
105295.5859375
105429.6328125
105542.21875
105638.140625
105731.8671875
105812.6640625
105893.1171875
105961.671875
106020.34375
106070.078125
106088.25
106102.1640625
106111.375
106137.6171875
106198.78125
106170.65625
106105.3125
106031.421875
105949.703125
105867.7421875
105781.7734375
105694.9609375
105633.8359375
105554.8125
105480.125
105406.34375
