25400.0
25400.0
25400.0
25400.0
25400.0
25400.0
25400.0
25400.0
25400.0
25400.0
25400.0
25400.0
25400.0
25400.0
25400.0
25400.0
25400.0
25400.0
25400.0
25400.0
25400.0
25400.0
25400.0
25400.0
25400.0
25400.0
25400.0
25400.0
25400.0
25400.0
25400.0
25400.0
25400.0
25400.0
25400.0
25400.0
25400.0
25400.0
25400.0
25400.0
25400.0
25400.0
25400.0
25400.0
25400.0
25781.654296875
37307.57421875
48785.55078125
58038.1328125
66776.515625
75693.953125
84659.890625
93107.875
101000.53125
107279.4453125
113381.046875
121009.9140625
129781.6796875
137725.390625
144527.90625
150594.828125
155966.6875
160679.359375
165575.09375
170253.21875
174878.640625
179464.640625
183362.8125
187271.828125
190711.4375
194004.109375
196674.640625
199676.109375
198252.296875
193146.3125
188532.046875
183435.71875
178171.84375
173241.90625
169714.953125
165715.890625
162184.53125
158972.828125
156148.3125
153559.203125
151371.40625
149628.21875
148159.25
146936.640625
145818.6875
144837.984375
144054.5
143295.078125
142646.21875
142150.96875
141658.90625
141101.484375
140535.1875
139980.796875
139374.453125
138763.015625
138126.25
137446.78125
136835.453125
136201.59375
135611.609375
135036.171875
134496.015625
133944.828125
133387.28125
132844.8125
132261.890625
131692.015625
131094.875
130486.1328125
129932.4296875
129356.8984375
128806.2421875
128222.8828125
127630.5546875
126996.625
126354.9296875
125737.7890625
125111.625
124519.0703125
123984.96875
