25400.0
25400.0
25400.0
25400.0
25400.0
25400.0
25400.0
25400.0
25400.0
25400.0
25400.0
25400.0
25400.0
25400.0
25400.0
25400.0
25400.0
25400.0
25400.0
25400.0
25400.0
25400.0
25400.0
25400.0
25400.0
25400.0
25400.0
25400.0
25400.0
25400.0
26848.1875
39619.609375
50331.95703125
58579.6796875
66217.7265625
72754.78125
77287.5390625
81228.4765625
84600.8828125
87821.2421875
91059.546875
94224.25
97484.5390625
100309.8203125
102987.65625
105635.484375
108193.734375
110572.296875
113158.4296875
116504.2265625
120006.5078125
123863.0546875
127900.9453125
131659.546875
136275.859375
140688.890625
145115.5
149427.265625
153674.140625
157736.765625
161463.03125
165871.21875
169544.1875
173021.515625
177695.25
184523.828125
188382.203125
182088.59375
177159.953125
173915.328125
170908.078125
168460.015625
166565.6875
165121.328125
164084.234375
163281.671875
162895.34375
162617.9375
162347.9375
161946.796875
161364.25
160891.046875
160649.765625
160266.21875
159827.28125
159260.0625
158597.078125
157854.234375
157126.328125
156578.671875
155899.3125
155133.703125
154192.0625
153021.859375
151780.8125
150693.609375
149729.4375
148499.34375
147082.546875
145512.578125
143941.9375
142819.6875
141531.578125
140174.515625
138713.078125
137303.265625
135880.75
134481.71875
133093.5
131688.171875
130363.9375
129039.921875
127755.7890625
126619.5390625
125397.2109375
124254.1015625
123116.5703125
122057.7890625
121005.5703125
119994.078125
119051.8984375
118115.9765625
117245.6640625
116382.625
