25400.0
25400.0
25400.0
25400.0
25400.0
25400.0
25400.0
25400.0
25400.0
25400.0
25400.0
25400.0
25400.0
25400.0
25400.0
25400.0
37656.375
57984.9296875
77874.359375
94068.65625
105003.6171875
110964.28125
114869.9140625
118595.4765625
121970.6953125
125028.765625
127854.8046875
130169.3984375
131859.734375
133096.171875
134170.734375
135030.921875
136419.875
140110.15625
141280.265625
142057.9375
148221.703125
156861.3125
152532.4375
149813.328125
148287.734375
147751.078125
147832.59375
147691.5625
147471.96875
146919.9375
146324.484375
145558.6875
144684.734375
143833.265625
142634.359375
141271.4375
139821.140625
138392.046875
136752.515625
135047.3125
133303.34375
131596.03125
129947.3125
128309.8828125
126793.6875
125372.6328125
124151.0703125
122910.75
121720.0703125
120687.25
119602.9453125
118570.71875
117535.34375
116602.15625
115694.1875
114832.890625
114032.9140625
113249.4375
112529.75
111814.21875
111126.203125
110531.859375
109906.875
109343.109375
108791.1171875
108288.828125
107802.4765625
107341.4921875
106925.1796875
106525.4375
106164.0859375
105817.40625
105497.234375
105241.5234375
104986.2734375
104760.9609375
104546.609375
104353.921875
104172.5
104005.9921875
103889.359375
103801.7578125
103755.7890625
103714.0
103728.9375
103746.0625
103764.4453125
103790.390625
103844.515625
103924.8359375
104017.3046875
104110.90625
104196.890625
104280.0
104353.9609375
104422.40625
104491.7265625
104574.8046875
104650.7265625
104705.1171875
104744.046875
104767.5390625
104779.015625
104782.8046875
104782.421875
104750.984375
104704.8203125
104658.90625
