25400.0
25400.0
25400.0
25400.0
25400.0
25400.0
25400.0
25400.0
25400.0
25400.0
25400.0
25400.0
25400.0
25400.0
25400.0
25400.0
25400.0
25400.0
25400.0
25400.0
25400.0
25400.0
25400.0
25400.0
25400.0
25400.0
25400.0
25400.0
25400.0
25400.0
25400.0
25400.0
25400.0
25400.0
25400.0
25400.0
25400.0
25400.0
25400.0
25400.0
25400.0
25400.0
25400.0
25400.0
25400.0
26746.845703125
37942.859375
48958.78125
56534.2265625
62137.625
67353.3203125
71091.2578125
74559.375
77753.0625
80366.2890625
82942.78125
85153.3359375
87288.078125
89268.6015625
91241.203125
92985.6953125
94516.71875
95942.1328125
97155.6015625
98389.5234375
99588.921875
100628.71875
101716.8203125
102786.0546875
103873.1328125
104841.5703125
105752.890625
106623.125
107461.8046875
108313.078125
109062.3671875
109837.828125
110554.4453125
111154.7890625
111733.5625
112213.2890625
112637.9453125
112997.515625
113326.75
113630.90625
114033.1953125
114433.7578125
114784.171875
115105.0546875
115382.0703125
115582.0703125
115799.390625
115992.1953125
116164.3203125
116314.703125
116432.796875
116531.84375
116638.7734375
116754.6328125
116821.7734375
116872.078125
116907.6015625
116967.8046875
116998.5546875
116978.7109375
116945.515625
117194.1953125
117458.3125
118043.7890625
118882.984375
120013.09375
121579.8125
123430.9140625
125684.8046875
128053.96875
131034.3828125
134477.375
139091.9375
143625.21875
146402.765625
149111.9375
151506.4375
154119.5625
157094.59375
163970.125
