25400.0
25400.0
25400.0
25400.0
25400.0
25400.0
25400.0
25400.0
25400.0
25400.0
25400.0
25400.0
25400.0
25400.0
25400.0
25400.0
25400.0
25400.0
25400.0
25400.0
25400.0
25400.0
25400.0
25400.0
25400.0
25400.0
25400.0
25400.0
25400.0
25400.0
25400.0
25400.0
25400.0
25400.0
25400.0
25400.0
37299.9921875
53480.12890625
66344.4765625
77848.65625
85987.5234375
91219.8671875
95175.0703125
98038.53125
100618.1875
103112.390625
106101.0
109129.9609375
111833.3046875
114207.171875
116188.765625
118063.859375
119799.90625
121377.1171875
122841.15625
124057.84375
125304.65625
126535.9140625
127780.7578125
128970.2890625
129998.7578125
130993.359375
131895.890625
132671.3125
133386.84375
133975.703125
134683.03125
135489.296875
136313.453125
137102.21875
137907.203125
138719.4375
142477.234375
141026.4375
138441.59375
136243.9375
134296.234375
132649.09375
130912.28125
129295.7890625
127803.09375
126380.015625
125135.28125
123880.390625
123048.3828125
122451.7109375
121798.640625
121003.6015625
120163.0546875
119444.296875
118679.265625
118031.5
117570.53125
117221.21875
116886.21875
116530.3046875
116169.8203125
115829.0546875
115612.5703125
115544.2734375
115635.6875
115708.921875
115802.765625
115921.34375
116081.0546875
116266.9765625
116489.71875
116748.4609375
117028.6015625
117356.0390625
117702.890625
118067.7421875
118449.5625
118811.15625
119230.0859375
119647.2265625
120138.6328125
120635.1484375
121126.625
121587.046875
121993.296875
122355.59375
122685.3125
123058.765625
