25400.0
25400.0
25042.697265625
24483.708984375
24248.392578125
24086.89453125
24052.36328125
24048.810546875
24050.27734375
24052.8984375
24055.767578125
24058.681640625
24066.662109375
24077.19140625
24092.50390625
24119.044921875
24164.951171875
24258.751953125
24445.34375
25187.767578125
27953.44921875
35046.890625
47441.671875
61368.0
74692.4921875
85503.828125
94336.875
100911.5234375
106050.65625
109434.3359375
112410.78125
115530.4609375
118319.984375
120585.6171875
122664.578125
120729.2109375
118679.453125
116894.359375
115091.8046875
113361.0
111804.546875
110551.4375
109602.2734375
108765.234375
108475.625
108183.859375
108033.859375
107995.65625
107862.3046875
107640.2578125
107321.4140625
106978.6171875
106672.2265625
106420.8828125
106154.0703125
106168.421875
106613.78125
107083.0234375
107426.6015625
107657.40625
107658.2265625
107739.25
107938.5234375
108215.0703125
108460.71875
108666.46875
108906.40625
109258.453125
109559.0390625
109787.515625
110019.765625
110246.28125
110489.6015625
110777.3671875
111126.828125
111615.4140625
112014.3203125
112373.2421875
112716.3671875
113011.9921875
113101.9296875
113161.015625
113206.4140625
113239.0078125
113257.0546875
113232.3671875
113141.8984375
112984.96875
112781.9765625
112545.265625
112303.734375
112042.859375
111926.2890625
111793.3828125
111590.921875
111358.453125
111094.015625
110831.96875
110568.3984375
110320.734375
110085.859375
109840.75
109600.9765625
109371.046875
109174.0390625
108986.90625
108803.28125
108596.984375
108358.1953125
108126.1328125
107894.25
107672.9765625
107467.3359375
107262.9765625
107071.2421875
106879.7109375
106696.0390625
106537.9609375
106373.15625
106221.0703125
106074.3671875
105941.3203125
105806.90625
105681.203125
105619.3125
105569.1171875
105528.7890625
105493.140625
