25400.0
25400.0
25400.0
25400.0
25400.0
25400.0
25400.0
25400.0
25400.0
25400.0
25400.0
25400.0
25400.0
25400.0
25400.0
25400.0
25400.0
25400.0
25400.0
25400.0
25400.0
25400.0
25400.0
25400.0
25400.0
25400.0
25400.0
25400.0
25400.0
25400.0
25400.0
25400.0
25400.0
25400.0
32089.298828125
47527.03515625
58123.95703125
64081.91796875
67470.578125
70084.2890625
72855.4921875
76059.7734375
78989.9453125
81412.703125
84105.734375
86623.7578125
88970.03125
91045.609375
93012.28125
95153.1328125
97548.75
100206.4140625
102893.8671875
105898.7109375
109226.1328125
112250.9609375
115504.1640625
118819.1953125
122466.3515625
126906.3203125
131590.375
136073.96875
140375.625
144982.734375
149694.078125
154632.5
159290.875
163190.53125
167203.984375
170796.546875
174190.515625
177324.078125
183832.78125
181998.84375
176780.4375
172339.046875
167984.140625
165912.28125
163622.25
161812.984375
160340.6875
159350.5
158539.953125
157965.3125
157271.40625
156606.46875
156134.296875
155700.078125
155196.265625
154666.078125
154384.015625
154024.046875
153486.5625
152827.3125
152068.421875
151225.6875
150236.5625
149202.328125
148174.65625
147086.046875
146031.421875
144918.75
143791.453125
142761.203125
141613.53125
140498.359375
139332.15625
138118.734375
136929.203125
135806.1875
134771.9375
133712.875
132697.453125
131733.234375
130799.078125
130005.6953125
129194.3828125
128413.234375
127626.03125
126882.0234375
126125.4296875
125361.7890625
124642.34375
123918.359375
123223.8046875
122528.390625
