25400.0
25400.0
24650.380859375
24556.90625
23813.26171875
22511.1875
21873.54296875
21807.716796875
22176.958984375
22677.783203125
22798.66015625
22925.099609375
23265.13671875
24157.580078125
24623.427734375
24782.93359375
24831.6640625
24848.724609375
24860.328125
24872.25390625
24884.435546875
24905.435546875
24931.73828125
24956.5625
24972.95703125
24986.951171875
25071.064453125
25534.57421875
26857.787109375
30641.314453125
36478.7734375
45454.28515625
54783.98828125
63063.9921875
67118.4375
69691.8046875
71664.1015625
73423.4453125
75003.0703125
76494.53125
77980.1640625
79255.265625
80256.4140625
81267.75
82233.1484375
83090.046875
83788.953125
84397.1015625
84970.640625
85459.7421875
85912.9765625
86318.3203125
86827.0859375
87272.5625
87690.4765625
88187.859375
88643.703125
89064.1328125
89426.9609375
89761.4765625
90065.421875
90333.421875
90586.4140625
90807.59375
91044.328125
91281.4921875
91499.453125
91739.3515625
91967.6484375
92202.6640625
92432.96875
92679.1484375
92927.078125
93194.15625
93489.0
93777.1796875
94066.390625
94380.8828125
94713.5546875
95045.1484375
95327.1796875
95585.1171875
95812.125
96012.9375
96171.90625
96308.8828125
96451.125
96603.0546875
96769.421875
96940.3046875
97069.9609375
97158.0703125
97205.9921875
97238.6328125
97256.8203125
97258.25
97243.09375
97225.4140625
97206.78125
97200.7265625
97230.1875
97266.46875
97301.1484375
97344.65625
97389.265625
97439.234375
97598.5859375
97785.9609375
97943.75
98067.2734375
98162.296875
98232.7734375
98384.40625
98619.3203125
98833.34375
99073.9921875
99304.0859375
99530.2109375
99732.1484375
99916.140625
100068.3671875
100193.7578125
100325.6875
100453.25
100579.90625
