25400.0
25400.0
25205.88671875
24594.333984375
24705.884765625
24363.109375
24006.736328125
23756.5703125
23719.13671875
23715.064453125
23717.09765625
23722.03125
23728.251953125
23735.3515625
23744.0
23754.216796875
23767.37109375
23784.662109375
23806.240234375
23833.158203125
23867.779296875
23920.83984375
23992.779296875
24092.005859375
24232.416015625
24411.841796875
24724.373046875
24942.841796875
25049.587890625
25093.423828125
25108.7265625
25114.638671875
25118.447265625
25118.2421875
25119.951171875
25117.3828125
25112.255859375
25433.013671875
26303.50390625
27930.966796875
31838.517578125
36845.76171875
42280.79296875
49173.63671875
56058.78515625
63663.48828125
70246.0078125
75902.5234375
81429.7109375
86323.6484375
90789.5546875
94958.8828125
98775.859375
102054.78125
104710.328125
107352.734375
109724.3046875
111991.6328125
113962.09375
115779.53125
117448.0078125
118922.375
120218.1171875
121446.4453125
122707.5546875
123909.9453125
124933.1640625
125983.734375
126925.046875
127802.03125
128526.3828125
129360.046875
130022.1015625
130489.421875
130848.703125
130752.2890625
129278.96875
128014.96875
126937.4609375
125807.1015625
124777.71875
123736.140625
122749.328125
121740.046875
120745.734375
119821.84375
118893.96875
118014.5859375
117130.515625
116273.8515625
115525.078125
114728.1484375
113999.3125
113316.9453125
112585.609375
111856.4921875
111161.5625
110527.3359375
109887.578125
109244.2109375
108633.2265625
108048.1328125
107529.171875
106970.3515625
106452.5078125
106022.5546875
105819.9296875
105568.8671875
105286.515625
104993.359375
104674.109375
104347.9765625
104007.5234375
103674.21875
103383.390625
103078.2734375
102789.5625
102487.5546875
102197.8203125
101903.2734375
101635.921875
101404.1015625
101175.3125
100958.03125
100735.1015625
