25400.0
25400.0
25400.0
25400.0
25315.755859375
25288.619140625
25288.619140625
25288.619140625
25288.619140625
25288.619140625
25288.619140625
25288.619140625
25288.619140625
25288.619140625
25288.619140625
25288.619140625
25288.619140625
25288.619140625
25288.619140625
25288.619140625
25288.619140625
25288.619140625
25288.619140625
25288.619140625
25288.619140625
25288.619140625
25288.619140625
32959.703125
51485.20703125
65856.7578125
73577.4375
79246.7265625
85888.8828125
91534.71875
96065.15625
99766.125
104172.6015625
108769.265625
112463.375
115799.3984375
118840.9765625
119880.78125
119513.3515625
119282.5625
119061.6171875
118913.9921875
118683.2265625
118292.25
117780.09375
117250.578125
116823.75
116483.8984375
116105.359375
115593.15625
115074.78125
114747.1640625
114356.0390625
113900.71875
113432.515625
113015.0390625
112586.9375
112326.4765625
112213.4921875
112335.234375
112950.625
113409.1484375
113590.140625
113666.203125
113685.7109375
113583.5703125
113417.9453125
113191.703125
112840.359375
112443.8984375
112021.46875
111506.703125
110984.7734375
110443.734375
109913.1015625
109451.484375
109023.421875
108646.8046875
108265.6875
107918.8515625
107587.2890625
107327.7265625
107175.9765625
107083.640625
107064.8359375
107028.6484375
106964.2578125
106892.8125
106808.625
106809.640625
106915.9140625
106978.6484375
107042.0625
106997.8203125
106999.046875
107025.3671875
107081.7734375
107160.515625
107244.6015625
107352.3359375
107562.9921875
107844.9921875
108111.03125
108333.640625
108559.03125
108758.3671875
108925.5546875
109068.4921875
109168.796875
109283.5234375
109328.90625
109321.3671875
109287.5703125
109243.7109375
109182.5703125
109101.6171875
108994.7109375
108869.2109375
108818.234375
108758.140625
108707.9453125
108649.828125
