25400.0
25400.0
25400.0
25398.083984375
25394.93359375
25382.470703125
25376.01953125
25368.013671875
25363.607421875
25361.048828125
25359.63671875
25358.8125
25358.34765625
25358.087890625
25357.93359375
25357.84765625
25357.794921875
25357.763671875
25357.744140625
25357.73046875
25357.73046875
25357.607421875
25357.30859375
25356.69140625
27503.5546875
45757.06640625
63415.6015625
77590.703125
90201.3046875
100407.96875
106871.359375
111615.2421875
115130.875
118393.7734375
122252.3203125
125966.21875
128917.765625
131175.453125
133115.203125
133395.203125
130975.8359375
128763.03125
126961.65625
125141.1953125
123488.875
121822.4765625
120258.40625
118948.4296875
117696.90625
116598.7109375
115555.4765625
114603.5546875
113679.9296875
112618.9765625
111700.0703125
110750.9609375
109893.515625
109070.03125
108330.734375
107628.9140625
107004.5234375
106480.15625
106035.8515625
105710.0390625
105358.625
104985.671875
104638.796875
104248.890625
103945.671875
103950.40625
104355.015625
104680.9140625
104823.140625
104871.484375
104909.6328125
105003.984375
105200.328125
105517.21875
105874.1015625
106205.5
106466.03125
106725.421875
107010.8984375
107340.703125
107680.921875
108060.625
108422.4765625
108750.03125
109084.875
109335.1640625
109580.5
109892.8515625
110210.75
110531.2578125
110809.0390625
111023.2421875
111223.4609375
111425.484375
111595.5234375
111742.7578125
111893.8671875
112037.3828125
112148.4765625
112243.6484375
112312.375
112383.4140625
112450.7578125
112527.2109375
112518.640625
112533.203125
112563.9140625
112596.0625
112624.140625
112647.75
112664.7265625
112677.2890625
112689.3984375
112700.0859375
112706.578125
112707.78125
112705.65625
112707.3359375
112699.859375
112684.078125
112661.8671875
