25400.0
25400.0
25400.0
25228.904296875
25023.59765625
24978.578125
24978.578125
24978.578125
24978.578125
25039.2890625
25048.169921875
25050.7734375
25052.6796875
25054.408203125
25055.998046875
25058.341796875
25059.984375
25061.23828125
25062.35546875
25063.326171875
25064.31640625
25065.2578125
25066.12109375
25066.74609375
25066.685546875
25064.6484375
25069.70703125
32467.7578125
48724.88671875
62076.3046875
73724.203125
80332.5625
85567.1171875
88847.7890625
91132.7890625
92974.953125
94928.6328125
96951.453125
99235.609375
101508.3671875
103566.2421875
105519.8515625
107363.59375
108843.1640625
110302.6484375
111748.3203125
113121.8203125
114329.1953125
115484.171875
116574.53125
117732.984375
118812.203125
119777.53125
120692.484375
121509.6328125
122160.8984375
122774.078125
123402.7890625
124327.8515625
125530.3046875
127638.4375
128467.5625
129165.03125
129872.671875
130225.9296875
130032.8203125
135072.578125
137731.84375
136125.25
133166.21875
131121.03125
129496.28125
127885.34375
126381.515625
125130.6640625
123874.296875
122788.28125
121820.3203125
121017.46875
120406.90625
119822.9921875
119346.0390625
118929.4140625
118574.203125
118261.6171875
117969.96875
117709.7734375
117493.96875
117254.953125
117009.578125
116796.453125
116682.0
116625.640625
116656.21875
116806.28125
116973.3203125
117172.4609375
117333.1015625
117426.015625
117469.421875
117455.328125
117364.5546875
117284.5703125
117206.375
117110.7265625
117015.9453125
116934.1015625
116861.3046875
116770.1015625
116647.1015625
116499.9453125
116361.28125
116252.0625
116212.046875
116216.578125
116239.9140625
116276.921875
116312.2109375
116357.8359375
116483.4765625
116656.5703125
116844.5078125
117109.3359375
117338.6640625
117539.0
117710.3828125
