25400.0
25400.0
25400.0
25395.994140625
25235.166015625
25198.720703125
25198.71875
25198.71875
25198.71875
25198.71875
25198.71875
25198.71875
25198.71875
25198.71875
25198.71875
25198.71875
25198.71875
25198.71875
25198.71875
25198.71875
25198.71875
25198.71875
25198.71875
25198.71875
25198.71875
25198.71875
25198.71875
25198.71875
25198.71875
25198.71875
25198.71875
25198.71875
25198.71875
25198.71875
25198.71875
28465.181640625
36861.5
45738.390625
56645.7265625
65116.0625
71179.3671875
76486.75
81109.1875
84819.1015625
88466.7265625
91591.7265625
94398.71875
97592.1015625
101096.75
104468.953125
107389.921875
110183.0390625
112792.015625
115733.953125
118690.2890625
121215.65625
121106.1328125
120889.203125
120745.9921875
120603.8671875
120464.2578125
120302.0390625
120134.34375
119918.4140625
119649.1875
119323.5078125
119004.921875
118750.1484375
118564.6484375
118397.1171875
118243.59375
118094.8203125
117997.59375
117868.109375
117706.375
117502.671875
117259.21875
116989.3203125
116669.4609375
116339.765625
115938.4296875
115533.46875
115103.28125
114723.4140625
114624.765625
114551.3828125
114478.9921875
114385.9375
114407.5859375
114349.8515625
114225.5625
114105.0546875
113986.671875
113888.9375
113799.40625
113722.1640625
113626.78125
113571.015625
113617.578125
113537.265625
113440.8046875
113370.2578125
113344.5703125
113279.8828125
113156.09375
113053.3984375
112976.1328125
112906.8671875
112829.546875
112648.7109375
112388.8984375
112075.0859375
111748.8203125
111440.9375
111074.140625
110791.515625
110547.375
110323.1953125
110072.21875
109803.8984375
109503.5
109188.5546875
108926.03125
108752.0234375
108581.2265625
108383.9921875
