25400.0
25400.0
25400.0
25376.3046875
25101.99609375
24850.40234375
24766.33984375
24782.1328125
24859.5234375
24875.373046875
24879.27734375
24881.396484375
24883.27734375
24885.109375
24886.984375
24888.8046875
24890.59765625
24892.328125
24893.865234375
24895.501953125
24898.216796875
24900.005859375
24901.369140625
24902.662109375
24903.896484375
24904.955078125
24906.095703125
24907.16015625
24908.240234375
24909.30859375
24910.154296875
24911.146484375
24912.095703125
24913.044921875
24913.93359375
24914.830078125
24915.68359375
24916.5234375
24917.37109375
24918.19921875
24918.9921875
24919.802734375
24920.58984375
24921.537109375
24922.4609375
24923.376953125
24924.259765625
24925.138671875
24925.94140625
24926.72265625
24927.484375
24928.17578125
24928.884765625
24929.853515625
24930.87890625
24932.14453125
24933.423828125
24934.7734375
24936.03515625
24937.40234375
24939.607421875
24943.3984375
24952.08203125
24984.20703125
27258.681640625
31076.736328125
35577.13671875
39617.69140625
43453.4609375
47429.3203125
51424.578125
55823.328125
60858.6640625
66441.9765625
71735.4375
76640.8046875
81937.7578125
87936.84375
93473.5234375
99268.0234375
104745.84375
110529.3125
116538.6484375
122756.0
128685.375
134142.0625
138966.1875
143888.9375
149110.90625
154106.265625
158409.671875
162980.625
167225.5
171816.125
175990.875
179889.328125
183448.828125
186659.171875
189863.375
192841.34375
195719.828125
195445.59375
192198.9375
189457.453125
186799.375
183957.234375
181128.75
178528.75
175730.03125
172764.0625
169866.3125
167249.0
164687.71875
162257.625
159879.765625
157366.0625
155852.953125
154782.609375
153482.4375
151897.546875
150331.21875
149025.5625
147984.765625
147178.28125
146402.8125
