25400.0
25400.0
25400.0
25400.0
25400.0
25400.0
25400.0
25400.0
25400.0
25400.0
25400.0
25400.0
25400.0
25400.0
25400.0
25400.0
25400.0
25400.0
25400.0
25400.0
25400.0
25400.0
25400.0
25400.0
25400.0
25400.0
25400.0
25400.0
35146.921875
50939.6796875
62314.99609375
70482.984375
75589.1640625
78889.078125
81668.1640625
84287.859375
87009.1640625
89449.7265625
91661.3359375
93940.53125
95959.5859375
97792.484375
99496.515625
100941.6015625
102432.6015625
103794.1328125
105124.1328125
106425.8125
108153.015625
110008.640625
111896.6640625
113990.015625
116124.9453125
118622.7734375
121350.9375
123929.359375
126989.0234375
131440.53125
136163.5625
140623.40625
145229.15625
149989.234375
154030.0
157058.765625
161948.390625
169498.65625
174726.640625
180857.0625
190185.640625
189433.375
184715.234375
181652.859375
179489.53125
177463.3125
175410.15625
173182.953125
170967.5
168725.8125
166598.046875
164676.71875
162600.453125
160599.8125
158552.390625
156590.015625
154536.6875
152462.140625
150336.859375
148279.171875
146430.875
144589.546875
142723.625
141071.15625
139380.28125
137839.59375
136320.703125
134907.234375
133518.796875
132180.109375
130922.34375
129672.4765625
128579.5234375
127561.109375
126714.09375
126031.3671875
125337.8125
124653.4140625
123937.3984375
123232.2578125
122494.0234375
121751.3125
121045.890625
120358.78125
119720.5625
119089.5703125
118484.0546875
117953.640625
117379.0078125
116844.65625
116296.0234375
115737.484375
115255.6015625
114813.09375
114379.90625
113929.0234375
113494.9765625
113051.9765625
