25400.0
25400.0
25400.0
25284.326171875
24908.865234375
24885.82421875
24885.82421875
24885.82421875
24885.82421875
24928.888671875
24938.009765625
24940.541015625
24943.048828125
24945.1953125
24947.267578125
24949.978515625
24952.138671875
24953.69921875
24955.04296875
24956.35546875
24957.5703125
24958.63671875
24959.740234375
24960.76171875
24961.787109375
24962.74609375
24963.68359375
24964.623046875
24965.474609375
24966.5
24967.537109375
24968.63671875
24969.529296875
24969.6015625
24981.814453125
29251.091796875
37594.7265625
44446.37109375
52756.7578125
63308.36328125
76507.6875
90333.8046875
104810.8203125
119108.1484375
130637.25
139298.125
151064.3125
160261.578125
167711.671875
174489.3125
180025.75
175546.9375
171150.125
166529.0625
162150.640625
157761.140625
154060.625
150750.625
147187.296875
144058.671875
141121.046875
138412.703125
135521.34375
132879.140625
130891.5703125
128718.3203125
126861.0546875
125231.6796875
123878.296875
123038.015625
122301.2578125
121616.6328125
120911.7734375
120244.0234375
119627.828125
119103.5859375
118677.328125
118309.2109375
118010.78125
117750.1328125
117573.109375
117478.953125
117409.65625
117367.078125
117343.0546875
117353.1796875
117379.96875
117360.703125
117296.703125
117255.6953125
117242.9296875
117260.3515625
117261.3671875
117225.859375
117141.515625
117026.8671875
116867.0859375
116701.671875
116526.734375
116322.5546875
116136.7890625
115950.421875
115771.1875
115582.078125
115384.65625
115294.6484375
115267.2265625
115192.8671875
115079.6640625
114981.25
114887.0078125
114779.015625
114707.765625
114642.21875
114573.5859375
114489.0859375
114390.6796875
114291.609375
114174.8828125
114059.703125
113940.5234375
113837.2890625
113742.453125
113652.359375
113562.375
113462.6015625
113357.890625
113239.953125
