25400.0
25400.0
25400.0
25249.16796875
25249.166015625
25249.166015625
25249.166015625
25249.166015625
25249.166015625
25249.166015625
25249.166015625
25249.166015625
25249.166015625
25249.166015625
25249.166015625
25249.166015625
27223.11328125
38986.05078125
49151.1875
57773.44921875
65971.5859375
72705.921875
78926.390625
84219.515625
89661.828125
94817.953125
99898.6171875
105077.6015625
110265.453125
115842.890625
120087.734375
118879.234375
118349.3671875
117567.3828125
116594.3671875
115964.1328125
115118.1015625
114237.0625
113468.4375
112767.5234375
112106.5859375
111417.546875
110820.0625
110266.3125
109651.234375
109056.921875
108459.109375
108244.796875
107944.1328125
107752.171875
107633.2890625
107539.125
107442.90625
107331.171875
107274.09375
107072.03125
106874.0625
106678.1484375
106528.765625
106442.765625
106397.8984375
106364.2265625
106419.2421875
106517.6171875
106565.5078125
106584.7734375
106645.6875
106708.0390625
106811.125
106926.4296875
107031.75
107129.0078125
107231.0703125
107374.7421875
107538.8984375
107687.53125
107842.8984375
108018.3515625
108196.3046875
108381.65625
108575.109375
108762.78125
108956.6875
109139.7578125
109319.0390625
109482.1875
109619.375
109734.0390625
109817.8046875
109882.5859375
109933.8828125
109971.2578125
109988.7578125
110099.484375
110318.4765625
110525.484375
110697.1796875
110839.2578125
110961.21875
111064.75
111140.921875
111191.1484375
111179.46875
111107.484375
110993.90625
110866.3828125
110723.15625
110579.0546875
110438.3984375
110357.9921875
110275.5625
110187.828125
110104.859375
110028.4921875
109963.5546875
109911.515625
109889.7578125
109864.625
109799.5078125
109748.5703125
109691.0859375
109618.578125
109532.2265625
109438.7890625
109353.6640625
109232.4453125
