25400.0
25400.0
25400.0
25400.0
25400.0
25400.0
25400.0
25400.0
25400.0
25400.0
25400.0
25400.0
25400.0
25400.0
25400.0
25400.0
25400.0
25400.0
25400.0
25400.0
42919.29296875
61880.5859375
78510.6171875
92709.40625
103009.2421875
109230.0234375
113825.09375
118479.953125
123262.09375
126825.8984375
129822.1875
132168.21875
134167.59375
135601.984375
136841.40625
138107.015625
139450.921875
138867.625
134991.875
131268.015625
128173.4453125
125653.265625
123084.1796875
120761.6796875
118523.2734375
117238.9453125
116085.703125
114684.1484375
113402.015625
112190.1640625
111381.4609375
110816.65625
110307.8359375
109850.96875
109510.5703125
109543.15625
109898.5625
110240.6171875
110635.6875
111100.34375
111591.5859375
112216.2734375
112760.828125
113307.8046875
113832.5703125
114274.7578125
114834.21875
115445.328125
116071.4140625
116562.640625
116920.8828125
117244.359375
117504.609375
117721.1640625
117829.6875
117865.921875
117834.796875
117767.8515625
117658.828125
117538.2734375
117428.546875
117331.6875
117144.5390625
116889.0703125
116672.3046875
116467.1875
116275.390625
116076.625
115885.765625
115738.9375
115572.40625
115406.2421875
115232.25
115061.9140625
114888.5703125
114705.2109375
114529.6171875
114355.6640625
114191.078125
114113.9296875
114031.0
113935.421875
113809.59375
113675.4140625
113528.453125
113386.0625
113234.171875
113075.3984375
112943.7265625
112895.0078125
112906.3671875
112907.8515625
112986.171875
113021.484375
113036.6953125
112968.375
112882.75
112794.640625
112698.4921875
112594.6796875
112482.203125
112329.390625
112125.703125
111837.078125
