20000.0
20000.0
20000.0
20000.0
19999.998046875
20000.0
20000.0
20000.0
20000.0
20000.0
20000.0
20000.0
20000.0
20000.0
20000.0
20000.0
20000.0
20000.0
20000.0
20000.0
20000.0
20000.0
20000.0
20000.0
20000.0
20000.0
20000.00390625
20000.0
20000.00390625
20000.0
20000.0
20000.0
20000.0
20000.0
20000.0
19197.890625
18526.162109375
17926.35546875
17420.201171875
16953.81640625
16519.0859375
16153.1181640625
15795.1455078125
15480.89453125
15173.1669921875
14886.5380859375
14603.44140625
14338.0439453125
14098.158203125
13867.63671875
13651.453125
13442.4248046875
13248.462890625
13084.4189453125
12906.69140625
12736.775390625
12566.080078125
12404.8994140625
12209.720703125
12013.8369140625
11836.921875
11667.4375
11513.404296875
11362.68359375
11219.369140625
11095.400390625
10964.46484375
10843.501953125
10723.7705078125
10618.53515625
10522.0087890625
10431.576171875
10347.42578125
10263.6259765625
10185.287109375
10106.974609375
10018.1298828125
9921.7099609375
9833.58984375
9755.333984375
9679.1357421875
9608.6552734375
9539.0107421875
9472.1044921875
9409.552734375
9346.9814453125
9287.857421875
9227.8515625
9169.0087890625
9117.0615234375
9061.037109375
9007.84765625
8953.2080078125
8898.3740234375
8840.9208984375
8786.9931640625
8736.3916015625
8685.21875
8637.2802734375
8590.244140625
8538.501953125
8485.2734375
8423.443359375
8361.3955078125
8296.1513671875
8238.796875
8175.20361328125
8097.2578125
8014.95947265625
7932.58203125
7857.70654296875
7784.66748046875
7710.95263671875
7641.20166015625
7562.490234375
7487.0947265625
7411.55517578125
7340.7470703125
7270.09912109375
7200.833984375
7135.3330078125
7067.97265625
7002.87060546875
6934.4169921875
