20000.0
20000.0
20000.0
20000.0
20000.0
20000.0
20000.0
20000.0
20000.0
20000.0
20000.0
20000.0
20000.0
20000.0
20000.0
20000.0
20000.0
20000.0
19999.384765625
20000.0
19284.8828125
17750.552734375
16582.310546875
15609.7998046875
14770.328125
14091.771484375
13502.806640625
13022.9140625
12595.490234375
12244.6806640625
11955.5205078125
11661.9013671875
11399.255859375
11158.115234375
10952.8515625
10764.767578125
10604.8271484375
10462.927734375
10298.8681640625
10139.0693359375
9969.169921875
9764.279296875
9588.8212890625
9416.4375
9288.158203125
9166.5576171875
9054.958984375
8944.2255859375
8837.568359375
8737.85546875
8638.283203125
8545.06640625
8451.7822265625
8361.943359375
8283.5703125
8200.236328125
8122.69482421875
8045.18994140625
7972.044921875
7898.71875
7827.26025390625
7760.3603515625
7693.787109375
7631.62939453125
7570.23974609375
7511.34619140625
7459.626953125
7403.75732421875
7350.458984375
7297.1796875
7247.4814453125
7197.7294921875
7148.14794921875
7099.28955078125
7048.38623046875
6999.751953125
6950.75048828125
6903.47509765625
6862.2265625
6818.3447265625
6777.42333984375
6731.4306640625
6684.755859375
6636.7431640625
6588.88330078125
6543.63330078125
6498.07373046875
6455.28515625
6412.88818359375
6372.81201171875
6338.32666015625
6301.47265625
6267.13623046875
6233.4423828125
6201.89111328125
6169.984375
6136.8720703125
6105.5732421875
6074.080078125
6044.66162109375
6014.806640625
5985.673828125
5959.6982421875
5931.521484375
5904.61328125
5876.41748046875
5844.001953125
5812.390625
5782.89111328125
5755.43896484375
5727.5517578125
5700.61962890625
5672.03564453125
5641.17578125
5612.33642578125
5580.52294921875
5550.30224609375
5520.30126953125
5493.86669921875
5464.349609375
5433.36572265625
5403.1552734375
5372.56396484375
5343.86767578125
5315.22119140625
