20000.0
20000.0
20000.0
20000.0
20000.0
20000.0
20000.0
20000.0
20000.0
20000.0
20000.0
20000.0
20000.0
20000.0
20000.0
19999.974609375
20000.0
20000.0
20000.0
19999.998046875
20000.0
19999.80859375
19999.978515625
20000.0
20000.0
19999.7265625
19829.763671875
18737.94921875
17769.0546875
16975.08984375
16246.966796875
15650.38671875
15106.0703125
14634.0751953125
14188.212890625
13785.8828125
13438.515625
13108.24609375
12806.2568359375
12512.5986328125
12253.6982421875
12027.591796875
11774.865234375
11544.8046875
11325.4111328125
11128.095703125
10937.474609375
10757.71484375
10592.0703125
10429.2890625
10291.033203125
10163.611328125
10040.2802734375
9932.2392578125
9816.263671875
9707.4208984375
9598.478515625
9496.06640625
9393.35546875
9293.583984375
9199.6640625
9105.1416015625
9015.609375
8928.0517578125
8842.7197265625
8766.9697265625
8684.66796875
8606.8681640625
8528.4423828125
8454.41015625
8379.84765625
8307.1259765625
8238.4169921875
8169.69287109375
8105.0234375
8039.90185546875
7976.337890625
7919.58447265625
7857.48583984375
7798.31689453125
7738.29248046875
7681.8935546875
7625.26708984375
7570.37890625
7519.0146484375
7469.85986328125
7424.69580078125
7379.61572265625
7335.70654296875
7296.8076171875
7254.388671875
7212.3994140625
7168.9326171875
7127.24755859375
7084.8544921875
7043.33447265625
7003.19775390625
6960.0126953125
6919.62939453125
6879.333984375
6840.41357421875
6806.54345703125
6770.77880859375
6736.4169921875
6702.16162109375
6670.7822265625
6640.177734375
6608.892578125
6569.9013671875
6533.193359375
6487.7607421875
6438.5888671875
6394.33544921875
6361.55322265625
6330.99951171875
6306.98291015625
6284.65478515625
6264.15283203125
6243.302734375
6220.13623046875
6196.10302734375
6170.75830078125
6147.38671875
6124.169921875
