20000.0
20000.0
20000.0
20000.0
20000.0
20000.0
20000.0
20000.0
20000.0
20000.0
20000.0
20000.0
20000.0
20000.0
20000.0
20000.0
20000.0
20000.0
20000.0
20000.0
20000.0
19999.947265625
20000.0
20000.0
20000.0
20000.0
19999.994140625
20000.0
20000.0
20000.0
20000.0
20000.0
20000.0
20000.0
20000.0
20000.0
19999.98828125
20000.0
20000.0
20000.0
20000.0
19933.7890625
19314.896484375
18712.60546875
18040.46484375
17467.994140625
16931.45703125
16451.46875
15990.7099609375
15512.4140625
15010.484375
14577.5234375
14183.2373046875
13795.7021484375
13428.5859375
13117.3720703125
12799.8076171875
12483.2265625
12174.9052734375
11907.005859375
11660.5302734375
11447.0576171875
11266.7001953125
11086.6357421875
10907.806640625
10712.0869140625
10525.2041015625
10374.498046875
10211.1533203125
10056.3623046875
9909.3076171875
9780.705078125
9654.24609375
9517.1494140625
9370.2841796875
9208.95703125
9052.677734375
8897.2685546875
8750.021484375
8624.568359375
8495.4208984375
8376.6357421875
8256.6591796875
8142.72119140625
8028.34033203125
7917.14794921875
7811.92529296875
7699.0654296875
7586.28173828125
7468.619140625
7350.61669921875
7243.85595703125
7126.44482421875
7013.546875
6899.94775390625
6793.7041015625
6685.53369140625
6578.0751953125
6476.38037109375
6373.181640625
6274.74462890625
6174.20703125
6078.00244140625
5993.20556640625
5899.84228515625
5811.64599609375
5723.83447265625
5642.16650390625
5559.9091796875
5478.8115234375
5401.3466796875
5322.3828125
5246.21630859375
5168.2177734375
5090.90771484375
5022.11474609375
4947.5673828125
4877.14794921875
4805.99658203125
4737.8056640625
4672.0625
4609.05029296875
4548.97021484375
4489.4326171875
4435.927734375
4380.3193359375
