20000.0
20000.0
20000.0
19999.98828125
20000.0
20000.0
20000.0
20000.0
20000.0
20000.0
20000.0
20000.0
20000.0
20000.0
20000.0
20000.0
20000.0
20000.0
20000.0
20000.0
20000.0
19999.978515625
19999.9921875
20000.0
20000.0
19999.994140625
19999.99609375
19999.99609375
20000.0
20000.0
20000.0
20000.0
20000.0
20000.0
20000.0
20000.0
20000.0
19999.998046875
19473.2890625
18664.59765625
17909.341796875
17300.296875
16701.828125
16185.126953125
15624.669921875
15075.7783203125
14610.822265625
14206.7919921875
13830.43359375
13435.2451171875
13043.990234375
12660.8701171875
12311.203125
12043.69140625
11766.189453125
11514.04296875
11256.1884765625
11031.9443359375
10815.125
10606.892578125
10412.7880859375
10219.60546875
10032.30078125
9849.84765625
9668.8046875
9506.3818359375
9327.98046875
9162.0771484375
9001.158203125
8854.9140625
8704.1279296875
8550.18359375
8397.2978515625
8244.3515625
8104.638671875
7969.2197265625
7836.4287109375
7719.4609375
7592.583984375
7472.15625
7349.86474609375
7232.11083984375
7112.6044921875
6996.17041015625
6882.423828125
6767.32861328125
6660.78076171875
6555.23291015625
6452.04052734375
6359.857421875
6254.9130859375
6148.6201171875
6042.40576171875
5943.8251953125
5851.6884765625
5763.0615234375
5676.67236328125
5588.10888671875
5510.13818359375
5443.73583984375
5383.25927734375
5329.5478515625
5270.580078125
5196.56884765625
5114.41259765625
5043.28564453125
4978.01416015625
4918.9677734375
4866.19970703125
4815.552734375
4770.87744140625
4724.08935546875
4675.8798828125
4633.3193359375
4588.34326171875
4546.36865234375
4505.046875
4467.3232421875
4430.69873046875
4396.0712890625
4364.330078125
4333.072265625
4304.10595703125
4275.13232421875
