20000.0
20000.0
20000.0
20000.0
20000.0
20000.0
20000.0
20000.0
20000.0
20000.0
20000.0
20000.0
20000.0
20000.0
20000.0
20000.0
20000.0
20000.0
20000.0
20000.0
20000.0
20000.0
19999.77734375
20000.0
19998.654296875
20000.0
20000.0
20000.0
20000.0
20000.0
19999.984375
19999.978515625
20000.0
20000.0
20000.0
19999.99609375
20000.0
20000.0
20000.0
20000.0
20000.0
20000.0
19491.2734375
18049.84765625
16683.560546875
15698.0859375
14886.4609375
14122.60546875
13328.150390625
12618.951171875
11940.6123046875
11332.365234375
10769.02734375
10269.123046875
9856.982421875
9437.626953125
9052.595703125
8667.51171875
8309.701171875
7981.93408203125
7656.6015625
7320.9873046875
6978.39501953125
6661.1923828125
6344.8037109375
6067.31494140625
5846.75244140625
5632.83349609375
5442.31884765625
5264.10107421875
5109.294921875
4964.05029296875
4819.95849609375
4669.02734375
4522.6748046875
4390.7392578125
4263.95947265625
4145.88525390625
4045.76171875
3938.686767578125
3841.534912109375
3750.0419921875
3669.14599609375
3591.73876953125
3521.42724609375
3459.5576171875
3400.868896484375
3348.506591796875
3298.252197265625
3251.4638671875
3211.988037109375
3171.220458984375
3134.3134765625
3098.396484375
3065.83984375
3034.183837890625
3004.22607421875
2976.909423828125
2950.466796875
2927.18212890625
2904.564697265625
2883.118896484375
2864.597412109375
2845.080810546875
2826.977783203125
2809.169921875
2792.646484375
2776.281494140625
2760.65234375
2746.151123046875
2731.754638671875
2718.342041015625
2704.972412109375
2692.165771484375
2681.05859375
2669.308837890625
2658.41064453125
2647.580810546875
2637.47314453125
2627.358154296875
2617.5947265625
2608.4248046875
2599.212890625
2590.53173828125
2581.797607421875
