20000.0
20000.0
20000.0
20000.0
20000.0
20000.0
20000.0
20000.0
20000.0
20000.0
20000.0
20000.0
20000.0
20000.0
20000.0
20000.0
20000.0
20000.0
20000.00390625
19999.9453125
19999.345703125
20000.0
19999.998046875
20000.0
19999.998046875
19767.212890625
19027.396484375
18371.107421875
17777.154296875
17271.880859375
16744.814453125
16232.689453125
15755.6708984375
15327.8916015625
14930.1923828125
14569.1875
14248.79296875
13939.0322265625
13656.7119140625
13381.287109375
13123.9521484375
12904.4794921875
12676.720703125
12485.580078125
12271.375
12048.853515625
11823.4287109375
11560.77734375
11271.8779296875
10987.6806640625
10715.7998046875
10463.439453125
10248.3779296875
10068.1025390625
9871.7587890625
9647.0224609375
9438.15234375
9236.951171875
9041.1875
8856.310546875
8684.3427734375
8511.3623046875
8360.20703125
8223.5224609375
8088.07958984375
7965.65185546875
7813.107421875
7648.5791015625
7488.40380859375
7350.10302734375
7222.49609375
7100.61083984375
6984.61181640625
6868.45751953125
6756.291015625
6638.38037109375
6522.03564453125
6418.3369140625
6305.708984375
6200.814453125
6096.40380859375
5998.939453125
5901.18896484375
5806.69140625
5718.48095703125
5630.8583984375
5548.62939453125
5465.38427734375
5383.62939453125
5310.66796875
5230.990234375
5155.287109375
5078.95166015625
5007.15869140625
4933.5966796875
4861.015625
4791.78955078125
4732.0166015625
4673.00634765625
4608.7421875
4542.6689453125
4483.1640625
4420.736328125
4362.9296875
4302.45068359375
4245.181640625
4186.98974609375
4129.53759765625
4074.7197265625
4018.869873046875
3965.26708984375
3910.859375
3858.151123046875
3810.967529296875
3758.896728515625
3708.4345703125
3656.304443359375
3606.088623046875
3554.660888671875
3503.44873046875
3454.043212890625
3399.743896484375
3347.434326171875
3295.070068359375
