20000.0
20000.0
20000.0
20000.0
20000.0
20000.0
20000.0
20000.0
20000.0
20000.0
20000.0
20000.0
20000.0
20000.0
20000.0
20000.0
20000.0
20000.0
20000.0
20000.0
20000.0
20000.0
20000.0
20000.0
19999.94921875
20000.0
20000.0
19999.986328125
20000.0
20000.0
20000.0
20000.0
20000.0
20000.0
19999.998046875
20000.001953125
20000.0
20000.0
20000.0
20000.0
20000.0
20000.0
20000.0
20000.0
20000.0
20000.0
20000.0
20000.0
20000.0
20000.0
20000.0
19406.263671875
18956.03515625
18527.0234375
18104.841796875
17737.53515625
17322.095703125
16832.373046875
16349.40625
15887.509765625
15396.7685546875
14928.060546875
14487.9677734375
14023.943359375
13583.228515625
13161.80078125
12778.4599609375
12475.61328125
12174.03515625
11847.576171875
11552.1826171875
11284.04296875
11029.3056640625
10786.7841796875
10559.044921875
10333.4765625
10123.5322265625
9916.4765625
9718.2587890625
9545.8330078125
9360.7939453125
9185.9921875
9009.904296875
8840.9189453125
8671.5458984375
8506.56640625
8347.6875
8186.654296875
8034.365234375
7878.34765625
7723.01416015625
7583.63671875
7429.2490234375
7282.67333984375
7133.982421875
6992.564453125
6849.69873046875
6710.72412109375
6576.47412109375
6436.82373046875
6303.98779296875
6171.87890625
6045.04931640625
5934.4677734375
5815.03271484375
5698.70361328125
5579.419921875
5465.92822265625
5350.66796875
5238.35595703125
5131.96728515625
5025.1533203125
4930.39501953125
4837.150390625
4745.60205078125
4664.474609375
4574.9677734375
4488.57763671875
4399.7021484375
4318.2841796875
4240.923828125
4162.984375
4086.73681640625
4008.365966796875
3933.934326171875
3859.7939453125
