20000.0
20000.0
19363.876953125
18349.314453125
18098.43359375
18186.22265625
18456.025390625
19203.927734375
19911.126953125
20000.0
20000.0
20000.0
20000.0
20000.0
19999.990234375
20000.0
19999.85546875
18982.998046875
17130.576171875
15789.640625
14682.537109375
13760.818359375
13030.1875
12392.345703125
11851.578125
11390.5009765625
10953.2744140625
10591.5546875
10253.623046875
9956.5380859375
9707.8876953125
9462.37109375
9249.169921875
9056.4052734375
8907.541015625
8783.7333984375
8668.0146484375
8562.421875
8457.7783203125
8359.501953125
8260.6201171875
8162.7353515625
8075.6796875
7988.185546875
7911.56591796875
7838.14453125
7773.6689453125
7709.248046875
7644.27294921875
7581.92431640625
7516.14892578125
7447.1806640625
7375.67919921875
7306.3837890625
7246.62744140625
7183.34228515625
7123.68359375
7063.39453125
7006.39306640625
6949.15087890625
6893.67822265625
6841.50439453125
6789.2724609375
6739.287109375
6689.02685546875
6640.55859375
6598.10205078125
6552.43994140625
6509.41162109375
6466.04541015625
6425.18310546875
6384.12060546875
6344.23388671875
6306.7109375
6269.06640625
6233.62890625
6198.0517578125
6163.4169921875
6132.681640625
6099.4091796875
6067.904296875
6036.185546875
6006.19970703125
5976.00927734375
5946.58056640625
5918.8173828125
5890.87744140625
5864.5205078125
5837.9736328125
5812.056640625
5789.12451171875
5764.26171875
5740.7451171875
5716.951171875
5694.361328125
5671.49267578125
5648.67138671875
5626.24560546875
5604.1396484375
5583.703125
5563.470703125
5543.87548828125
5526.79052734375
5508.52783203125
5491.43505859375
5474.205078125
5457.955078125
5441.57861328125
5425.54833984375
5410.36474609375
5395.01513671875
5380.4833984375
5365.80126953125
5351.3857421875
5338.4775390625
5324.21337890625
5310.4111328125
5296.068359375
5282.03125
5267.49169921875
5253.03466796875
5239.09375
5224.814453125
5211.14453125
5197.21240234375
