20000.0
20000.0
20000.0
20000.0
20000.0
20000.0
20000.0
20000.0
20000.0
20000.0
20000.0
20000.0
20000.0
20000.0
20000.0
20000.0
20000.0
20000.0
20000.0
20000.0
20000.0
20000.0
20000.0
20000.0
20000.0
20000.0
20000.0
20000.0
20000.0
19999.982421875
20000.0
19999.99609375
20000.0
20000.0
20000.0
20000.0
20000.01171875
20000.0
20000.0
20000.0
20000.0
20000.0
20000.0
20000.0
19999.998046875
20000.0
20000.0
19715.794921875
19196.806640625
18687.73828125
18090.09375
17496.4375
17001.662109375
16601.97265625
16197.3310546875
15833.4658203125
15505.3486328125
15232.9306640625
14996.912109375
14689.7109375
14374.845703125
13998.3173828125
13690.1884765625
13453.7919921875
13229.9130859375
13015.8662109375
12787.58203125
12586.1201171875
12376.796875
12173.755859375
11988.7099609375
11822.1513671875
11685.1611328125
11558.4384765625
11442.17578125
11322.630859375
11204.8359375
11102.87890625
10996.8681640625
10900.1513671875
10806.2734375
10719.41796875
10631.515625
10542.853515625
10460.7451171875
10380.982421875
10309.345703125
10238.2880859375
10169.2734375
10108.4765625
10043.029296875
9981.4140625
9919.787109375
9861.78125
9803.517578125
9746.8134765625
9692.81640625
9637.8681640625
9585.5341796875
9532.6806640625
9481.3798828125
9436.0263671875
9387.6630859375
9341.923828125
9295.966796875
9252.6416015625
9208.8359375
9166.0537109375
9124.6826171875
9082.150390625
9041.63671875
9000.4609375
8959.7939453125
8923.3828125
8883.4921875
8845.353515625
8806.6533203125
8769.3974609375
8731.5712890625
8694.1318359375
8658.2119140625
8621.44140625
8586.244140625
8550.1865234375
