20000.0
20000.0
20000.0
19999.994140625
20000.0
20000.0
20000.0
20000.0
20000.0
20000.0
20000.0
20000.0
20000.0
20000.0
20000.0
20000.0
20000.0
20000.0
20000.0
20000.0
20000.0
20000.0
20000.0
20000.0
20000.0
20000.0
20000.0
19999.66015625
20000.0
20000.0
20000.0
19999.99609375
20000.0
20000.0
19999.943359375
20000.0
20000.0
20000.0
20000.0
20000.0
20000.0
20000.0
20000.0
20000.0
20000.0
20000.0
20000.0
20000.0
20000.0
20000.0
19999.974609375
20000.0
20000.0
20000.0
20000.0
20000.0
20000.0
19589.69140625
19034.20703125
18477.35546875
17982.13671875
17463.845703125
16966.787109375
16479.830078125
16005.248046875
15624.5224609375
15221.8916015625
14811.0390625
14421.189453125
14090.46875
13764.1865234375
13431.4423828125
13117.5126953125
12837.2490234375
12595.03515625
12367.4521484375
12156.009765625
11972.916015625
11775.5126953125
11589.5341796875
11404.591796875
11230.5009765625
11057.1826171875
10874.2890625
10705.4296875
10536.05078125
10375.1640625
10217.765625
10063.1259765625
9926.0029296875
9778.212890625
9638.720703125
9495.970703125
9361.08984375
9233.7138671875
9103.525390625
8973.1064453125
8835.2333984375
8706.4287109375
8581.427734375
8465.748046875
8368.69921875
8267.5517578125
8173.15185546875
8077.26123046875
7985.0537109375
7888.35302734375
7789.998046875
7695.73974609375
7600.76953125
7513.1640625
7424.95458984375
7338.57666015625
7262.0966796875
7178.41064453125
7098.49853515625
7017.42333984375
6940.6435546875
6863.27880859375
6786.64599609375
6713.46044921875
6639.32958984375
6568.7451171875
6496.77392578125
