20000.0
20000.0
20000.0
20000.0
20000.0
20000.0
20000.0
20000.0
20000.0
20000.0
20000.0
20000.0
20000.0
20000.0
20000.0
20000.0
20000.0
20000.0
20000.0
20000.0
20000.0
20000.0
20000.0
20000.0
20000.0
20000.0
20000.0
20000.0
20000.0
20000.0
19999.240234375
20000.0
19999.943359375
20000.0
19999.998046875
20000.0
20000.0
20000.0
20000.0
19999.998046875
20000.0
20000.0
20000.0
19999.998046875
20000.0
20000.0
20000.0
20000.0
20000.0
20000.0
20000.0
20000.0
20000.0
19999.99609375
20000.0
20000.0
20000.0
20000.0
20000.0
20000.0
20000.0
20000.0
20000.0
20000.0
20000.0
20000.0
20000.0
20000.0
20000.0
20000.001953125
20000.0
20000.0
19999.998046875
20000.0
19998.13671875
18966.494140625
18035.470703125
17329.30078125
16649.3359375
16050.8662109375
15476.9375
14952.162109375
14409.08984375
13872.2109375
13380.3525390625
12896.1591796875
12452.490234375
12025.630859375
11609.8876953125
11240.90625
10850.8740234375
10494.4111328125
10175.701171875
9888.5322265625
9602.908203125
9326.978515625
9070.052734375
8789.357421875
8524.6748046875
8274.6015625
8042.9072265625
7840.2890625
7626.369140625
7429.873046875
7238.47705078125
7061.16552734375
6890.85791015625
6729.271484375
6581.0146484375
6439.7109375
6313.38623046875
6192.5029296875
6080.38671875
5984.95361328125
5887.04150390625
5801.07763671875
5716.12841796875
5637.51904296875
5560.46044921875
5488.0830078125
5421.7822265625
5356.66162109375
5296.5703125
5237.4130859375
