20000.0
20000.0
20000.0
20000.0
20000.0
20000.0
20000.0
20000.0
20000.0
20000.0
20000.0
20000.0
20000.0
20000.0
20000.00390625
20000.0
19999.99609375
20000.0
19999.99609375
19503.529296875
18137.53515625
16996.90234375
16119.8994140625
15356.73828125
14672.8828125
14073.61328125
13536.0458984375
13072.8759765625
12532.126953125
12133.3310546875
11833.4150390625
11536.8779296875
11257.41015625
10977.88671875
10732.0966796875
10488.5478515625
10256.4140625
10009.64453125
9780.001953125
9577.6318359375
9380.984375
9205.802734375
9059.775390625
8893.94140625
8740.2021484375
8595.404296875
8468.72265625
8346.0986328125
8230.98828125
8124.74267578125
8021.72998046875
7928.34521484375
7835.80517578125
7745.27587890625
7665.6943359375
7580.47412109375
7499.39453125
7416.9111328125
7338.1357421875
7257.455078125
7177.509765625
7100.87939453125
7023.77734375
6951.4033203125
6878.0009765625
6805.8076171875
6741.18115234375
6671.4755859375
6606.26416015625
6540.8017578125
6478.880859375
6415.24853515625
6349.2216796875
6287.4189453125
6225.19189453125
6167.93115234375
6111.18310546875
6054.5029296875
6003.86279296875
5948.79638671875
5896.6220703125
5843.666015625
5790.47607421875
5735.931640625
5682.48486328125
5631.4833984375
5579.75830078125
5530.68115234375
5482.09130859375
5435.24267578125
5394.0107421875
5349.2236328125
5306.17578125
5262.02783203125
5220.11328125
5179.87353515625
5143.90185546875
5111.74755859375
5080.9541015625
5052.79296875
5025.42724609375
4999.3408203125
4976.56103515625
4952.22216796875
4928.2333984375
4902.56103515625
4877.6708984375
4852.32958984375
4827.396484375
4800.39208984375
4751.0283203125
4703.517578125
4657.5146484375
4614.07080078125
4576.22705078125
4535.74169921875
4497.625
4459.08251953125
4422.4873046875
4385.35546875
4348.650390625
4314.34326171875
4280.91015625
4248.2900390625
4215.16748046875
