20000.0
20000.0
20000.0
20000.0
20000.0
20000.0
20000.0
20000.0
20000.0
20000.0
20000.0
20000.0
20000.0
20000.0
20000.0
20000.0
20000.0
20000.0
20000.0
20000.0
20000.0
20000.0
20000.0
20000.0
20000.0
20000.0
20000.0
20000.0
20000.0
20000.0
20000.0
20000.0
20000.0
20000.0
20000.0
20000.009765625
20000.0
20000.0
20000.0
20000.0
20000.0
19999.99609375
19999.99609375
20000.0
20000.0
19999.998046875
20000.001953125
20000.0
20000.0
20000.0
20000.0
20000.0
20000.0
20000.0
20000.0
19999.994140625
20000.0
20000.0
20000.0
20000.0
20000.0
19999.994140625
20000.0
20000.0
19999.98828125
20000.0
20000.0
20000.0
20000.0
20000.0
19999.998046875
20000.0
20000.0
19997.169921875
20000.0
19697.466796875
19167.6796875
18614.5390625
18126.328125
17600.1328125
17141.69140625
16712.517578125
16206.2470703125
15692.9375
15251.724609375
14865.9892578125
14484.2080078125
14118.6240234375
13753.7685546875
13438.9697265625
13167.052734375
12879.0498046875
12602.8388671875
12338.353515625
12103.693359375
11877.5322265625
11663.970703125
11465.369140625
11266.0146484375
11077.44140625
10886.6689453125
10695.6689453125
10521.708984375
10328.7763671875
10140.6484375
9938.7685546875
9750.25390625
9559.7607421875
9372.080078125
9193.8759765625
9014.3515625
8846.2158203125
8679.0869140625
8517.7666015625
8379.9091796875
8236.2607421875
8102.283203125
7966.17578125
7836.7294921875
7708.11474609375
7584.07568359375
7467.96435546875
7350.31787109375
7235.884765625
7120.89599609375
