14005.0009765625
13008.0205078125
12181.2490234375
11765.837890625
11482.4873046875
11303.6494140625
11291.8427734375
11606.251953125
12009.93359375
12448.6455078125
12862.3408203125
13266.169921875
13643.5654296875
13984.478515625
14314.0478515625
14613.1611328125
14905.1357421875
15183.62109375
15427.33984375
15685.890625
15932.54296875
16182.240234375
16437.46875
16720.373046875
16976.9765625
16182.625
14455.673828125
13057.8603515625
12071.974609375
11503.68359375
11217.7080078125
11011.751953125
10811.06640625
10590.3271484375
10382.9892578125
10167.5263671875
9959.6806640625
9785.49609375
9630.2763671875
9494.2041015625
9362.2265625
9234.08203125
9124.55078125
9013.5087890625
8916.1904296875
8825.4609375
8745.955078125
8671.33984375
8600.919921875
8537.4970703125
8476.2685546875
8407.8798828125
8331.314453125
8255.3359375
8189.57421875
8120.81103515625
8055.74609375
7988.18115234375
7920.21240234375
7852.53125
7787.65576171875
7726.4560546875
7663.35498046875
7602.28564453125
7538.66357421875
7480.5830078125
7426.35595703125
7364.369140625
7303.49169921875
7240.38427734375
7179.623046875
7117.61181640625
7056.6552734375
6998.81298828125
6940.3955078125
6883.349609375
6823.5390625
6771.828125
6734.53955078125
6694.41455078125
6656.57470703125
6613.19775390625
6571.25
6529.75927734375
6490.1376953125
6453.130859375
6415.919921875
6381.4140625
6347.27783203125
6313.97216796875
6284.21484375
6251.3916015625
6221.07470703125
6192.0556640625
6165.66455078125
6140.02392578125
6115.03857421875
6089.75927734375
6064.05712890625
6040.34716796875
6017.087890625
5994.65771484375
5974.74072265625
5952.736328125
5930.12890625
5905.876953125
5882.150390625
5857.51953125
5832.81494140625
5808.87646484375
5783.9658203125
5759.619140625
5734.265625
5698.81494140625
5663.6376953125
5625.41162109375
5589.96484375
5554.982421875
5522.58544921875
5490.5302734375
5459.96337890625
5431.0732421875
5401.2021484375
5372.013671875
5342.5126953125
