20000.0
20000.0
20000.0
20000.0
20000.0
20000.0
20000.0
20000.0
20000.0
20000.0
20000.0
20000.0
20000.0
20000.0
20000.0
20000.0
20000.0
20000.0
20000.0
20000.0
20000.0
20000.0
20000.0
20000.0
20000.0
20000.0
20000.0
20000.0
20000.0
20000.0
20000.0
20000.0
20000.0
20000.0
20000.0
19999.84375
20000.0
20000.0
20000.0
20000.0
20000.0
19999.998046875
20000.0
20000.0
20000.0
20000.0
20000.0
20000.0
20000.0
20000.0
20000.0
20000.0
19999.998046875
20000.0
20000.0
20000.0
20000.0
20000.0
19571.814453125
19114.13671875
18504.21484375
17990.87109375
17567.767578125
17164.408203125
16802.361328125
16499.486328125
16184.1552734375
15901.3310546875
15650.5390625
15398.51953125
15135.9150390625
14776.7890625
14459.4013671875
14191.5283203125
13970.1181640625
13730.5390625
13500.5576171875
13293.4921875
13068.5361328125
12866.3466796875
12669.0732421875
12495.861328125
12331.7421875
12174.0498046875
12026.251953125
11884.697265625
11759.673828125
11641.2001953125
11530.8291015625
11434.8544921875
11333.2978515625
11238.67578125
11143.2470703125
11052.5576171875
10957.4072265625
10860.451171875
10767.279296875
10672.4404296875
10581.576171875
10487.99609375
10395.2548828125
10312.5615234375
10222.28125
10135.724609375
10048.6103515625
9967.8173828125
9883.484375
9797.8115234375
9714.9384765625
9630.3115234375
9550.8515625
9472.82421875
9398.3955078125
9333.4873046875
9263.8408203125
9198.046875
9131.5888671875
9067.314453125
9001.4013671875
8936.0380859375
8873.6220703125
8810.29296875
8751.0126953125
8692.623046875
