20000.0
20000.0
20000.0
20000.0
20000.0
20000.0
20000.0
20000.0
20000.0
20000.0
20000.0
20000.0
20000.0
20000.0
20000.0
20000.0
20000.0
19999.8515625
19999.658203125
19998.126953125
19999.19140625
20000.0
19753.306640625
18492.96484375
17468.548828125
16555.330078125
15807.744140625
15149.7001953125
14572.6494140625
14084.8173828125
13570.951171875
13124.6669921875
12712.7197265625
12354.0751953125
12014.947265625
11701.7587890625
11420.6611328125
11176.6162109375
10970.607421875
10770.8583984375
10581.685546875
10420.060546875
10257.3505859375
10105.591796875
9952.2822265625
9805.6533203125
9657.197265625
9513.037109375
9381.736328125
9256.3115234375
9143.1787109375
9033.125
8914.521484375
8781.37109375
8667.498046875
8569.6591796875
8476.251953125
8397.2431640625
8317.0068359375
8235.681640625
8194.591796875
8155.0517578125
8078.3388671875
8008.38623046875
7939.0712890625
7861.4921875
7787.8095703125
7707.2412109375
7626.791015625
7535.384765625
7451.521484375
7369.9658203125
7293.17041015625
7221.24853515625
7149.8876953125
7079.9248046875
7006.52734375
6936.13232421875
6876.41162109375
6814.470703125
6758.95361328125
6705.447265625
6654.37255859375
6598.41162109375
6540.18212890625
6484.890625
6430.01611328125
6377.9169921875
6326.17822265625
6277.27880859375
6236.07568359375
6193.3642578125
6153.37451171875
6113.01513671875
6074.6796875
6035.51708984375
5996.962890625
5960.50341796875
5923.13330078125
5888.060546875
5853.0068359375
5818.9951171875
5789.17578125
5757.4912109375
5728.08837890625
5698.974609375
5671.35107421875
5642.87646484375
5614.60107421875
5587.36962890625
5559.318359375
5532.1943359375
5504.4697265625
5476.59619140625
5451.84423828125
5425.32666015625
5400.39501953125
5375.3818359375
5351.341796875
5326.48388671875
5301.6201171875
5277.39892578125
5252.35986328125
5228.1025390625
5203.19677734375
