20000.0
20000.0
20000.0
20000.0
20000.0
20000.0
20000.0
20000.0
20000.0
20000.0
20000.0
20000.0
20000.0
20000.0
20000.0
20000.0
20000.0
20000.0
20000.0
20000.0
20000.0
20000.0
20000.0
20000.0
20000.0
20000.0
20000.0
20000.0
20000.001953125
20000.0
19999.849609375
20000.0
20000.0
20000.0
19999.998046875
20000.0
20000.0
20000.0
20000.00390625
20000.0
20000.0
19999.998046875
20000.0
20000.0
20000.0
20000.0
20000.0
20000.0
20000.0
20000.0
20000.0
20000.0
20000.0
20000.0
20000.0
19999.998046875
20000.0
19910.548828125
19085.634765625
18295.4296875
17609.748046875
17003.251953125
16427.51953125
15963.52734375
15569.2412109375
15211.115234375
14904.927734375
14583.9580078125
14293.3720703125
14013.5517578125
13757.626953125
13514.625
13282.2568359375
13065.822265625
12845.296875
12634.5400390625
12426.357421875
12228.880859375
12059.0068359375
11880.1396484375
11714.0751953125
11550.2998046875
11398.9599609375
11249.34375
11106.3076171875
10972.6708984375
10839.6494140625
10718.595703125
10603.4541015625
10488.080078125
10384.4970703125
10272.27734375
10166.599609375
10061.046875
9962.3466796875
9863.7783203125
9768.724609375
9679.791015625
9590.7001953125
9506.8486328125
9423.041015625
9341.5673828125
9269.9267578125
9193.015625
9120.328125
9047.5068359375
8979.0341796875
8910.6728515625
8844.4267578125
8781.9150390625
8718.1044921875
8657.2900390625
8596.28515625
8536.7744140625
8484.2919921875
8427.5390625
8374.6982421875
8322.228515625
8272.3466796875
8221.97265625
8172.6416015625
8126.2783203125
8078.369140625
8032.21484375
7985.5498046875
