20000.0
20000.0
20000.0
20000.0
20000.0
20000.0
20000.0
20000.0
20000.0
20000.0
20000.0
20000.0
20000.0
20000.0
20000.0
20000.0
20000.0
20000.0
20000.0
20000.0
20000.0
20000.0
20000.0
20000.0
20000.0
20000.0
20000.0
20000.0
20000.0
20000.0
20000.0
20000.0
20000.0
20000.0
20000.0
20000.0
20000.0
20000.0
20000.0
20000.0
20000.0
20000.0
19999.998046875
20000.00390625
20000.0
20000.0
20000.0
20000.01953125
20000.0
20000.0
20000.0
20000.0078125
20000.0
20000.009765625
20000.0
20000.0
20000.0
20000.0
19999.994140625
19999.998046875
20000.0
20000.0
19999.998046875
20000.0
19999.9921875
20000.0
19999.99609375
20000.0
20000.0
19999.998046875
20000.0
20000.0
19999.998046875
19999.998046875
19999.9921875
20000.0
20000.0
20000.0
20000.0
20000.0
20000.0
20000.0
19999.9921875
20000.0
20000.0
20000.0
20000.0
20000.0
20000.0
20000.0
20000.0
20000.0
20000.0
20000.0
20000.001953125
20000.0
19997.958984375
19182.509765625
18122.72265625
17190.04296875
16310.349609375
15470.3662109375
14734.48828125
14000.1748046875
13339.404296875
12690.1591796875
12094.7890625
11520.1328125
10970.6220703125
10452.9619140625
9937.87109375
9466.0625
9017.1767578125
8638.955078125
8319.2177734375
7980.47705078125
7663.125
7361.650390625
7082.32763671875
6811.3427734375
6564.26953125
6329.87890625
6093.69482421875
5876.50244140625
5668.33935546875
