20000.0
20000.0
20000.0
20000.0
20000.0
20000.0
20000.0
20000.0
20000.0
20000.0
20000.0
20000.0
20000.0
20000.0
20000.0
20000.0
20000.0
20000.0
20000.0
20000.0
20000.0
20000.0
19999.998046875
20000.0
20000.0
19999.52734375
19999.943359375
20000.0
20000.0
20000.0
20000.0
20000.0
20000.0
20000.0
20000.0
20000.0
20000.0
19999.5546875
20000.0
19999.947265625
19999.998046875
20000.0
20000.0
19999.986328125
20000.0
20000.0
19999.998046875
19999.998046875
20000.0
20000.0
20000.0
19865.337890625
18914.560546875
18203.423828125
17505.916015625
16908.9921875
16327.6484375
15818.7685546875
15322.4921875
14857.0859375
14437.1337890625
14022.4873046875
13643.2138671875
13277.3046875
12933.1376953125
12643.75
12341.2978515625
12060.255859375
11782.5966796875
11517.634765625
11255.1689453125
11003.9072265625
10770.8681640625
10545.1201171875
10351.4248046875
10152.2919921875
9954.69140625
9776.1640625
9580.9658203125
9393.740234375
9205.234375
9025.6787109375
8843.53125
8672.607421875
8512.71484375
8352.3935546875
8195.859375
8039.87890625
7890.84716796875
7761.6533203125
7624.60888671875
7496.36572265625
7368.9599609375
7249.15966796875
7128.26171875
7006.42138671875
6888.087890625
6769.39892578125
6658.0263671875
6546.8857421875
6439.7587890625
6349.18408203125
6255.02783203125
6166.74755859375
6077.962890625
5994.20849609375
5910.00244140625
5828.53466796875
5753.25439453125
5679.2509765625
5611.158203125
5545.15869140625
5484.11962890625
5433.4638671875
5379.52392578125
5328.82763671875
5278.12841796875
5232.2421875
5187.11181640625
5142.9013671875
5101.568359375
5051.27734375
5003.03515625
4957.6142578125
