20000.0
20000.0
20000.0
19999.998046875
20000.0
20000.0
20000.0
20000.0
20000.0
20000.0
20000.0
20000.0
20000.0
20000.0
20000.0
20000.0
20000.0
20000.0
20000.0
20000.0
20000.0
20000.0
19999.916015625
19149.302734375
18292.056640625
17592.609375
17032.849609375
16543.720703125
16081.103515625
15650.9140625
15270.2109375
14961.650390625
14642.28515625
14356.234375
14062.345703125
13805.5185546875
13536.3095703125
13288.43359375
12856.1083984375
12369.73828125
11958.435546875
11530.833984375
11092.1103515625
10717.9267578125
10325.68359375
9970.634765625
9645.4921875
9406.8837890625
9161.5048828125
8922.943359375
8700.4853515625
8476.3095703125
8263.5263671875
8050.45068359375
7846.65869140625
7670.06494140625
7482.40625
7307.86669921875
7135.10546875
6975.2880859375
6817.15576171875
6665.74169921875
6524.3681640625
6383.8046875
6253.4560546875
6123.77978515625
5998.73583984375
5889.4326171875
5772.86328125
5663.798828125
5554.4033203125
5452.08740234375
5350.072265625
5251.75048828125
5160.1953125
5057.14501953125
4956.072265625
4865.4990234375
4785.44775390625
4718.59521484375
4642.56103515625
4572.1572265625
4504.4462890625
4442.45654296875
4381.18701171875
4321.939453125
4264.94775390625
4195.82177734375
4125.55810546875
4059.224609375
4000.07275390625
3952.48583984375
3904.8251953125
3861.428955078125
3815.994384765625
3771.31494140625
3724.97607421875
3678.818603515625
3633.0087890625
3585.558349609375
3540.47607421875
3494.870849609375
3451.594482421875
3413.981201171875
3373.501708984375
3335.11279296875
3295.85888671875
3258.16943359375
3219.840087890625
3181.203369140625
3141.919677734375
3101.7763671875
3063.806884765625
3025.04052734375
2986.066650390625
2950.50048828125
2910.85595703125
2872.55908203125
2833.238037109375
2795.48388671875
2756.549072265625
2717.827392578125
2680.650634765625
2642.866943359375
2608.285400390625
2574.28955078125
