20000.0
20000.0
20000.0
20000.0
20000.0
20000.0
20000.0
20000.0
20000.0
20000.0
20000.0
20000.0
20000.0
20000.0
20000.0
20000.0
20000.0
20000.0
20000.0
20000.0
20000.0
20000.0
20000.0
20000.0
20000.0
20000.0
20000.0
20000.0
20000.0
20000.0
20000.0
20000.0
20000.0
20000.0
20000.0
20000.0
20000.0
19996.359375
20000.0
20000.0
20000.0
19999.998046875
20000.0
20000.0
20000.0
20000.0
20000.0
20000.0
20000.0
20000.0
20000.0
20000.0
20000.0
20000.0
20000.0
20000.0
20000.0
20000.0
20000.0
20000.0
20000.0
20000.0
20000.0
20000.0
20000.0
20000.0
20000.0
20000.0
20000.0
20000.0
20000.0
20000.0
20000.0
20000.0
20000.0
19999.998046875
20000.0
20000.0
20000.0
20000.0
20000.0
20000.0
20000.0
20000.0
20000.0
20000.0
20000.0
20000.0
20000.0
20000.0
20000.0
20000.0
20000.0
20000.0
19624.533203125
17980.28515625
16411.884765625
15046.521484375
13886.75
12911.576171875
12447.1650390625
12005.115234375
11177.8994140625
10479.408203125
9769.4228515625
9149.8662109375
8592.0009765625
8102.890625
7637.1474609375
7201.16015625
6806.28662109375
6408.99267578125
6059.4716796875
5743.22607421875
5460.08447265625
5223.7119140625
4988.703125
4775.283203125
4562.17724609375
4362.97705078125
4167.4736328125
3990.812744140625
3828.6298828125
3672.095458984375
3532.181640625
3398.022705078125
