20000.0
20000.0
20000.0
20000.0
20000.0
20000.0
20000.0
20000.0
20000.0
20000.0
20000.0
20000.0
20000.0
20000.0
20000.0
20000.0
20000.0
20000.0
20000.0
20000.0
20000.0
20000.0
20000.0
20000.0
19999.99609375
20000.0
20000.0
20000.0
20000.0
20000.0
20000.0
20000.0
20000.0
20000.0
19999.998046875
20000.0
20000.0
19999.931640625
20000.0
20000.0
19999.998046875
20000.0
20000.0
20000.0
19999.974609375
20000.0
19999.9921875
20000.0
20000.0
20000.001953125
20000.0
20000.0
19999.994140625
20000.0
20000.0
20000.0
20000.0
20000.0
20000.0
20000.0
20000.0
20000.0
20000.0
20000.0
20000.0
20000.0
20000.0
20000.0
20000.0
20000.0
20000.0
20000.0
20000.0
20000.0
20000.0
20000.0
20000.0
20000.0
19998.517578125
19732.017578125
19484.9375
19231.58203125
18998.71875
18771.158203125
18555.177734375
18355.935546875
18150.302734375
17949.1328125
17747.248046875
17554.37890625
17386.798828125
17207.447265625
17008.076171875
16788.822265625
16610.021484375
16425.802734375
16237.6494140625
16063.6025390625
15879.6435546875
15681.8154296875
15476.4560546875
15279.8671875
15113.4677734375
14931.7646484375
14758.7412109375
14579.0615234375
14409.416015625
14239.3408203125
14072.8828125
13918.5654296875
13767.9541015625
13630.533203125
13496.7041015625
13362.3974609375
13227.74609375
13073.2138671875
12924.90625
12769.125
12613.291015625
12455.716796875
12297.041015625
12145.44140625
11991.1455078125
11846.65625
11720.65234375
