20000.0
20000.0
20000.0
19953.4140625
19554.45703125
19617.234375
20000.0
20000.0
20000.0
20000.0
20000.0
20000.0
20000.0
20000.0
20000.0
20000.0
20000.0
20000.0
20000.0
20000.0
20000.0
20000.0
20000.0
20000.0
20000.0
20000.0
20000.0
20000.0
19945.59765625
18855.08984375
18244.361328125
17830.712890625
17408.107421875
16949.130859375
16489.083984375
16092.4658203125
15766.9912109375
15475.8408203125
15204.046875
14917.5263671875
14644.5478515625
14414.7705078125
14179.931640625
13969.0234375
13765.9326171875
13580.85546875
13401.5078125
13235.8515625
13081.2666015625
12900.4755859375
12719.8603515625
12542.0517578125
12368.8525390625
12215.0283203125
12048.0400390625
11890.185546875
11728.8369140625
11572.0283203125
11407.12109375
11242.6181640625
11082.779296875
10914.748046875
10754.181640625
10593.2734375
10436.0849609375
10297.7939453125
10152.4365234375
10018.1796875
9884.6044921875
9759.25
9630.568359375
9507.205078125
9394.2431640625
9276.19140625
9164.001953125
9055.029296875
8970.724609375
8896.607421875
8816.5048828125
8736.62109375
8650.2724609375
8564.98828125
8476.7177734375
8390.1953125
8309.0615234375
8228.52734375
8148.4345703125
8064.18115234375
7979.53515625
7902.83740234375
7819.72021484375
7741.1162109375
7661.5654296875
7585.62646484375
7508.24072265625
7432.05712890625
7359.70654296875
7286.84912109375
7217.29833984375
7146.3203125
7076.5673828125
7014.79541015625
6948.29541015625
6885.33154296875
6821.2158203125
6759.7099609375
6696.47021484375
6633.384765625
6572.49853515625
6509.23583984375
6447.8115234375
6383.83984375
6320.67138671875
6265.8017578125
6207.546875
6153.04736328125
6098.7392578125
6047.9140625
5996.921875
5947.25927734375
5900.30517578125
5852.9052734375
5807.9736328125
5762.33984375
