20000.0
20000.0
20000.0
20000.0
20000.0
20000.0
20000.0
20000.0
20000.0
20000.0
20000.0
20000.0
20000.0
20000.0
20000.0
20000.0
19999.83984375
20000.0
20000.0
20000.0
19550.53125
18240.3671875
17182.744140625
16352.8212890625
15649.1552734375
15046.30078125
14543.2197265625
14124.8818359375
13748.3369140625
13347.380859375
12915.9462890625
12504.9228515625
12117.1953125
11768.173828125
11436.14453125
11140.7099609375
10847.8134765625
10618.3359375
10424.1171875
10248.3642578125
10081.3095703125
9899.3095703125
9728.36328125
9578.25390625
9427.798828125
9299.787109375
9176.525390625
9063.23828125
8952.3662109375
8843.3134765625
8738.74609375
8634.6484375
8540.65234375
8449.279296875
8363.462890625
8288.818359375
8207.4609375
8128.3740234375
8045.15380859375
7964.33544921875
7881.85693359375
7801.9091796875
7727.85302734375
7650.244140625
7576.75537109375
7501.79833984375
7426.22607421875
7357.5439453125
7280.8515625
7206.64306640625
7129.4375
7053.2177734375
6970.5517578125
6882.951171875
6795.130859375
6701.21142578125
6609.50048828125
6514.93212890625
6422.8994140625
6345.6826171875
6267.08642578125
6196.5458984375
6127.5966796875
6065.21240234375
6002.26806640625
5936.61767578125
5868.953125
5797.0361328125
5684.35498046875
5570.1298828125
5464.2490234375
5374.9345703125
5281.90283203125
5196.509765625
5113.13330078125
5037.05126953125
4962.58447265625
4891.380859375
4825.533203125
4759.12646484375
4696.998046875
4635.65576171875
4576.55517578125
4524.47900390625
4469.25634765625
4419.17529296875
4368.640625
4321.5966796875
4275.54541015625
4230.93798828125
4188.6689453125
4145.82763671875
4105.02734375
4063.494140625
4022.49072265625
3986.1396484375
3946.830810546875
3909.640625
3872.11376953125
3836.483642578125
3799.870849609375
3763.613525390625
3728.77490234375
3693.05224609375
3658.702880859375
3623.672607421875
