20000.0
20000.0
20000.0
20000.0
19999.998046875
20000.0
20000.0
20000.0
20000.0
20000.0
20000.0
20000.0
20000.0
20000.0
20000.0
20000.0
20000.0
20000.0
20000.0
20000.0
20000.0
20000.0
20000.0
20000.0
20000.0
19106.033203125
18217.361328125
17463.91015625
16809.203125
16282.552734375
15776.791015625
15329.6748046875
14896.927734375
14499.375
14115.8857421875
13763.2841796875
13466.4150390625
13192.2587890625
12920.236328125
12643.84375
12344.86328125
12083.181640625
11830.6884765625
11612.6083984375
11398.5341796875
11208.36328125
11024.7529296875
10850.689453125
10685.265625
10523.9619140625
10388.8828125
10272.400390625
10162.66015625
10065.2919921875
9960.1669921875
9862.3525390625
9765.923828125
9676.7490234375
9587.943359375
9501.0263671875
9419.3798828125
9338.498046875
9263.4990234375
9189.6953125
9108.013671875
9029.357421875
8957.4736328125
8894.462890625
8829.7216796875
8768.0537109375
8706.7705078125
8648.3642578125
8596.490234375
8548.9287109375
8503.5751953125
8439.7216796875
8382.9248046875
8336.6259765625
8286.974609375
8240.953125
8197.1875
8156.86474609375
8111.52734375
8058.99267578125
8011.68408203125
7967.310546875
7928.45751953125
7891.10009765625
7854.91748046875
7823.22607421875
7789.81591796875
7759.03759765625
7728.9111328125
7700.76025390625
7669.25048828125
7637.39599609375
7606.89013671875
7575.28955078125
7545.25048828125
7512.2939453125
7479.83642578125
7449.9755859375
7416.62451171875
7384.4599609375
7351.5771484375
7320.8056640625
7290.54638671875
7259.08203125
7223.48291015625
7184.84033203125
7146.02783203125
7104.52197265625
7061.1640625
7020.58349609375
6972.82763671875
6920.19921875
6861.1611328125
6805.53173828125
6745.8720703125
6684.4150390625
6624.63916015625
6561.98828125
6499.69140625
6434.37060546875
