20000.0
20000.0
20000.0
20000.0
20000.0
20000.0
20000.0
20000.0
20000.0
20000.0
20000.0
20000.0
20000.0
20000.0
20000.0
20000.0
20000.0
20000.0
20000.0
20000.0
20000.0
20000.0
20000.0
20000.0
20000.0
20000.0
19999.88671875
20000.0
20000.0
19999.9609375
20000.0
19999.998046875
19999.9921875
20000.0
20000.0
20000.001953125
20000.0
20000.0
20000.0
19856.625
19217.384765625
18678.03515625
18108.505859375
17360.462890625
16783.0
16291.7998046875
15826.5703125
15394.5439453125
15001.740234375
14664.4638671875
14384.9521484375
14111.421875
13675.1884765625
13241.49609375
12864.7060546875
12597.7216796875
12337.5087890625
12086.1494140625
11824.275390625
11562.3056640625
11313.6552734375
11075.6298828125
10857.3876953125
10633.080078125
10422.26953125
10248.57421875
10077.146484375
9925.00390625
9780.37109375
9643.2587890625
9511.49609375
9380.775390625
9252.4912109375
9117.1328125
8984.7314453125
8847.724609375
8711.796875
8594.140625
8476.65234375
8374.7626953125
8280.4130859375
8194.5078125
8108.990234375
8023.5634765625
7937.12255859375
7848.98779296875
7765.5859375
7682.205078125
7602.39453125
7533.2900390625
7460.3701171875
7392.93603515625
7326.232421875
7263.56103515625
7200.79638671875
7140.57421875
7084.08642578125
7027.3798828125
6974.10302734375
6920.66845703125
6868.8623046875
6823.44677734375
6774.70947265625
6728.9140625
6685.81201171875
6646.4658203125
6605.8603515625
6565.41845703125
6526.76171875
6487.3291015625
6449.92822265625
6412.30029296875
6375.71533203125
6343.5576171875
6309.16796875
6276.95703125
6244.73974609375
6214.5068359375
6184.1748046875
6154.59228515625
6126.71533203125
6098.67919921875
6072.23583984375
6045.642578125
