20000.0
20000.0
20000.0
20000.0
20000.0
20000.0
20000.0
20000.0
20000.0
20000.0
20000.0
20000.0
20000.0
20000.0
20000.0
20000.0
20000.0
20000.0
20000.0
20000.0
20000.0
20000.0
20000.0
20000.0
20000.0
20000.0
20000.0
20000.0
20000.0
20000.0
20000.0
19999.998046875
20000.0
20000.0
20000.0
20000.0
20000.0
19999.998046875
20000.0
20000.0
20000.0
19999.998046875
19999.998046875
20000.0
19999.998046875
20000.0
19193.08984375
18373.857421875
17560.03125
16842.30859375
16169.078125
15575.986328125
15011.5498046875
14483.1044921875
14039.00390625
13547.6669921875
13086.1240234375
12672.498046875
12362.8056640625
12065.7421875
11781.51171875
11526.1796875
11289.7509765625
11075.013671875
10824.890625
10634.1708984375
10473.234375
10244.7421875
10035.904296875
9836.8037109375
9594.47265625
9353.9384765625
9141.1123046875
8955.5107421875
8778.9521484375
8612.3544921875
8444.1025390625
8280.6552734375
8142.51416015625
7996.8251953125
7851.935546875
7711.0380859375
7584.38232421875
7461.89208984375
7348.52392578125
7245.453125
7145.349609375
7052.0947265625
7004.01025390625
6956.5830078125
6863.89111328125
6782.01904296875
6693.80029296875
6610.72509765625
6527.4931640625
6448.77294921875
6369.37646484375
6292.57275390625
6220.5927734375
6147.85400390625
6078.58837890625
6007.68505859375
5937.4052734375
5874.71826171875
5806.53076171875
5741.5146484375
5674.37353515625
5609.62841796875
5544.50634765625
5481.95849609375
5419.62255859375
5355.1328125
5294.0576171875
5231.8232421875
5169.94921875
5114.30859375
5053.3505859375
4994.8984375
4935.17919921875
4878.2373046875
4820.53076171875
4764.04833984375
4710.84130859375
4657.37841796875
4607.25
4557.13232421875
