20000.0
20000.0
20000.0
20000.0
20000.0
20000.0
20000.0
20000.0
20000.0
20000.0
20000.0
20000.0
20000.0
20000.0
20000.0
20000.0
20000.0
20000.0
20000.0
20000.0
20000.0
20000.0
20000.0
20000.0
19998.830078125
20000.0
20000.0
20000.0
20000.0
20000.0
20000.0
20000.0
20000.0
19999.998046875
20000.0
20000.0
20000.0
20000.0
20000.0
20000.0
20000.0
20000.0
19999.0703125
20000.0
19528.443359375
18983.583984375
18325.755859375
17782.859375
17211.0859375
16679.51953125
16221.951171875
15826.0478515625
15482.9794921875
15151.1220703125
14846.2080078125
14597.10546875
14354.12890625
14143.150390625
13943.0244140625
13764.5546875
13597.0888671875
13439.5556640625
13292.6064453125
13143.0
13001.275390625
12855.4599609375
12709.75
12577.9990234375
12430.0107421875
12284.08203125
12127.654296875
11967.7236328125
11803.5869140625
11628.7509765625
11458.2333984375
11284.8046875
11118.0810546875
10943.8330078125
10767.810546875
10606.9541015625
10433.544921875
10285.224609375
10120.0419921875
9955.125
9781.5859375
9600.1484375
9424.05078125
9246.1787109375
9077.2470703125
8910.904296875
8747.451171875
8596.4541015625
8416.8447265625
8248.7939453125
8082.06005859375
7927.001953125
7783.20556640625
7646.5341796875
7512.04931640625
7375.3916015625
7252.0322265625
7137.04345703125
7034.85400390625
6948.4580078125
6855.88427734375
6767.89453125
6676.73388671875
6565.3154296875
6457.44775390625
6361.32568359375
6277.7958984375
6199.51416015625
6129.0888671875
6063.75244140625
6002.23681640625
5948.98974609375
5892.49462890625
5839.9619140625
5786.12255859375
5733.45263671875
5675.248046875
5617.0791015625
5562.94580078125
5509.09765625
5458.66650390625
5408.05419921875
