20000.0
20000.0
20000.0
20000.0
20000.0
20000.0
20000.0
20000.0
20000.0
20000.0
20000.0
20000.0
20000.0
20000.0
20000.0
20000.0
20000.0
20000.0
20000.0
20000.0
20000.0
20000.0
20000.0
20000.0
19982.7734375
20000.0
19999.9921875
20000.0
20000.0
20000.0
20000.0
20000.0234375
20000.0
20000.0
19999.970703125
20000.0
20000.0
20000.0
20000.0
20000.0
20000.0
20000.0
20000.0
20000.0
20000.0
20000.0
20000.0
20000.0
20000.0
20000.0
20000.0
19999.998046875
19969.779296875
19167.98828125
18347.369140625
17492.322265625
16765.0
16080.4384765625
15486.3974609375
14946.3720703125
14499.955078125
14129.5009765625
13784.31640625
13473.2578125
13142.20703125
12805.7744140625
12505.6796875
12169.30078125
11842.208984375
11516.751953125
11215.404296875
10917.5400390625
10625.078125
10348.740234375
10078.880859375
9832.833984375
9595.3818359375
9375.5888671875
9190.2763671875
8987.208984375
8793.9931640625
8599.103515625
8414.3203125
8230.4296875
8055.95166015625
7898.22216796875
7743.79345703125
7601.06689453125
7452.14013671875
7315.0009765625
7200.3876953125
7081.62939453125
6973.4296875
6866.31787109375
6766.8134765625
6666.9228515625
6569.21533203125
6477.0849609375
6384.05126953125
6296.35595703125
6209.19384765625
6128.982421875
6060.033203125
5985.25439453125
5915.6396484375
5846.9931640625
5783.7783203125
5721.5205078125
5662.11083984375
5607.14697265625
5552.80224609375
5502.40576171875
5452.70556640625
5405.1005859375
5364.06689453125
5320.91650390625
5280.4990234375
5240.7529296875
5203.560546875
5166.5009765625
5131.25244140625
5098.3173828125
5065.05908203125
5033.62890625
5002.3125
