20000.0
20000.0
20000.0
20000.0
20000.0
20000.0
20000.0
20000.0
20000.0
20000.0
20000.0
20000.0
20000.0
20000.0
20000.0
20000.0
20000.0
20000.0
20000.0
20000.0
20000.0
20000.0
20000.0
20000.0
20000.0
20000.0
20000.0
20000.0
20000.0
20000.0
20000.0
20000.0
20000.0
20000.0
20000.0
20000.0
20000.0
20000.0
19999.9765625
20000.0
20000.0
20000.0
20000.001953125
20000.0
20000.0
19999.998046875
20000.0
19999.828125
20000.0
20000.0
19999.9765625
20000.0
20000.0
19999.982421875
20000.0
20000.0
20000.0
20000.0
19999.986328125
20000.0
20000.0
19999.962890625
20000.0
20000.0
19999.927734375
20000.0
20000.0
20000.0
20000.0
20000.0
20000.0
20000.0
20000.0
20000.0
20000.0
20000.0
19999.96875
20000.0
20000.0
20000.0
20000.0
19999.99609375
20000.0
20000.0
20000.0
20000.0
20000.0
19922.978515625
19472.515625
19018.021484375
18573.896484375
18186.279296875
17775.74609375
17397.13671875
17023.9453125
16671.12109375
16312.58984375
15966.24609375
15555.466796875
15181.658203125
14828.25390625
14493.408203125
14189.8134765625
13934.57421875
13666.77734375
13415.66015625
13164.4794921875
12924.8916015625
12699.2421875
12486.0712890625
12291.1142578125
12096.7470703125
11914.06640625
11696.5068359375
11463.3623046875
11275.359375
11098.38671875
10939.728515625
10784.205078125
10638.0380859375
10491.849609375
10352.28515625
10224.3857421875
10095.83984375
9972.5810546875
9852.6767578125
