20000.0
19455.75390625
18436.05859375
17652.8984375
17557.029296875
18267.1640625
18723.421875
19184.662109375
20000.0
20000.0
20000.0
20000.0
20000.0
20000.0
19999.8515625
18056.00390625
16167.2744140625
14802.791015625
13789.2158203125
12894.3515625
12199.572265625
11602.4716796875
11102.7060546875
10651.8291015625
10249.3603515625
9910.05859375
9595.4990234375
9335.220703125
9095.89453125
8879.6376953125
8716.7431640625
8577.5595703125
8449.55078125
8323.869140625
8207.3134765625
8087.962890625
7976.05859375
7873.71826171875
7772.53369140625
7678.0048828125
7588.66748046875
7500.10205078125
7419.0419921875
7330.82080078125
7247.2041015625
7161.3583984375
7081.64990234375
7002.45458984375
6925.99853515625
6854.56494140625
6783.7509765625
6716.982421875
6650.48291015625
6586.5205078125
6530.36279296875
6470.267578125
6414.203125
6359.82861328125
6309.21337890625
6258.9267578125
6209.75244140625
6162.83642578125
6115.4990234375
6071.1455078125
6027.33544921875
5986.42333984375
5950.9169921875
5913.1962890625
5878.0546875
5843.2099609375
5810.8857421875
5779.12646484375
5748.8056640625
5720.77978515625
5692.21630859375
5665.5654296875
5640.08203125
5617.04638671875
5596.16259765625
5573.8896484375
5552.54931640625
5531.05859375
5510.93115234375
5491.17626953125
5472.39453125
5454.6669921875
5436.9013671875
5419.521484375
5402.43212890625
5386.53369140625
5372.98974609375
5357.16552734375
5340.28564453125
5324.05126953125
5309.08935546875
5293.53857421875
5276.21484375
5248.60595703125
5206.83251953125
5163.4130859375
5117.37890625
5058.76904296875
5002.79345703125
4941.3916015625
4883.02685546875
4822.85693359375
4765.08056640625
4706.51953125
4649.60986328125
4596.294921875
4543.1162109375
4493.5146484375
4442.2275390625
4391.0908203125
4346.55078125
4299.3720703125
4255.48046875
4211.61767578125
4170.390625
4128.90966796875
4088.467041015625
4050.181884765625
4011.570556640625
3974.695068359375
3936.96435546875
