20000.0
20000.0
20000.0
20000.0
20000.0
20000.0
20000.0
20000.0
20000.0
20000.0
20000.0
20000.0
20000.0
20000.0
20000.0
20000.0
20000.0
20000.0
20000.0
20000.0
20000.0
20000.0
20000.0
20000.0
20000.0
20000.0
20000.0
20000.0
20000.0
20000.0
20000.0
20000.0
20000.0
20000.0
20000.0
20000.0
20000.0
20000.0
20000.0
20000.0
19999.70703125
20000.0
19999.99609375
19999.99609375
20000.0
20000.0
19999.998046875
20000.0
20000.0
19999.869140625
20000.0
20000.0
20000.0
20000.0
19999.998046875
20000.0
19999.998046875
20000.0
20000.0
20000.0
20000.0
20000.0
20000.0
20000.0
20000.0
20000.0
20000.0
20000.0
20000.0
20000.0
20000.0
20000.0
20000.0
20000.0
20000.0
20000.0
20000.001953125
20000.0
20000.0
20000.0
20000.0
20000.0
19999.998046875
20000.0
20000.0
20000.0
19999.994140625
20000.0
20000.0
20000.0
20000.0
19579.638671875
18880.580078125
18303.4609375
17755.828125
17240.333984375
16774.294921875
16297.166015625
15869.576171875
15428.134765625
14985.4375
14618.96484375
14252.2958984375
13921.0654296875
13605.353515625
13295.6943359375
12982.70703125
12691.9580078125
12426.8994140625
12163.1875
11919.359375
11683.5615234375
11464.6533203125
11280.0546875
11088.029296875
10911.2578125
10735.748046875
10571.3076171875
10406.5341796875
10244.78515625
10089.5078125
9933.85546875
9789.4951171875
9642.4482421875
