20000.0
20000.0
20000.0
20000.0
20000.0
20000.0
20000.0
20000.0
20000.0
20000.0
20000.0
20000.0
20000.0
20000.0
20000.0
20000.0
20000.0
20000.0
20000.0
20000.0
20000.0
20000.0
20000.0
20000.0
20000.0
20000.0
20000.0
20000.00390625
20000.0
20000.0
20000.0
20000.0
19999.923828125
20000.0
20000.0
20000.0
19999.99609375
20000.0
20000.0
20000.0
20000.0
19999.99609375
20000.0
20000.0
20000.0
20000.0
20000.0
20000.0
20000.0
20000.0
20000.0
20000.0
20000.0
19999.98828125
20000.0
20000.0
20000.0
19669.8515625
18397.50390625
17243.71484375
16120.0712890625
15096.830078125
14233.830078125
13517.748046875
12897.263671875
12293.7392578125
11693.2509765625
11189.3359375
10665.7861328125
10170.12109375
9673.57421875
9211.7021484375
8727.8466796875
8276.5498046875
7873.03759765625
7509.39599609375
7193.55712890625
6892.07470703125
6612.39990234375
6406.93603515625
6213.66015625
6031.71337890625
5857.17236328125
5698.1953125
5543.87255859375
5378.54541015625
5229.76953125
5091.76123046875
4969.353515625
4851.61328125
4745.72314453125
4657.45458984375
4567.078125
4485.28662109375
4406.53515625
4335.15478515625
4266.07861328125
4201.45751953125
4143.06689453125
4086.76171875
4035.534423828125
3985.955078125
3939.4931640625
3899.73388671875
3858.469970703125
3821.289794921875
3785.62451171875
3753.3935546875
3721.96923828125
3692.177490234375
3664.71484375
3637.75146484375
3612.95556640625
3588.5712890625
3565.4736328125
3545.6904296875
3525.0302734375
3506.160888671875
3487.680419921875
3470.69482421875
3454.002685546875
3438.07275390625
3423.23095703125
3408.458984375
3394.626708984375
3380.825927734375
