20000.0
20000.0
20000.0
20000.0
20000.0
20000.0
20000.0
20000.0
20000.0
20000.0
20000.0
20000.0
20000.0
20000.0
20000.0
20000.0
20000.0
20000.0
20000.0
20000.0
20000.0
20000.0
20000.0
20000.0
20000.0
20000.0
20000.0
20000.0
20000.0
20000.0
20000.0
20000.0
20000.0
20000.0
20000.0
20000.0
20000.0
20000.0
20000.0
20000.0
20000.0
20000.0
20000.0
20000.0
20000.0
20000.0
20000.0
20000.0
19999.912109375
20000.0
20000.0
20000.0
20000.0
20000.0
20000.0
19999.998046875
20000.0
20000.0
20000.0
20000.0
20000.0
20000.0
20000.0
20000.0
20000.0
20000.0
20000.0
20000.0
20000.0
20000.001953125
20000.001953125
20000.0
19999.998046875
20000.0
20000.0
20000.0
20000.0
20000.0
20000.0
20000.0
20000.0
20000.0
19163.5546875
18086.58984375
17121.90234375
16267.603515625
15497.087890625
14865.1337890625
14236.76171875
13666.1806640625
13176.8466796875
12666.9130859375
12206.453125
11752.0341796875
11370.404296875
10992.1201171875
10630.0224609375
10295.29296875
9962.111328125
9657.4013671875
9361.2197265625
9085.3525390625
8850.365234375
8603.6806640625
8366.7314453125
8134.08203125
7922.8193359375
7718.72216796875
7527.564453125
7353.75048828125
7184.6376953125
7029.06494140625
6874.314453125
6724.1474609375
6594.501953125
6457.72412109375
6332.8466796875
6210.92529296875
6098.66357421875
5988.259765625
5886.205078125
5789.18505859375
5691.9755859375
5600.931640625
5508.17529296875
