20000.0
20000.0
20000.0
19999.998046875
20000.0
20000.0
20000.0
20000.0
20000.0
20000.0
20000.0
20000.0
20000.0
20000.0
20000.0
20000.0
20000.0
20000.0
20000.0
20000.0
20000.0
20000.0
20000.0
20000.0
20000.0
20000.0
20000.0
20000.0
20000.0
19999.998046875
20000.001953125
20000.0
20000.0
20000.0
19999.986328125
20000.0
20000.0
20000.0
19999.9765625
20000.013671875
19999.9921875
20000.0
20000.0
20000.00390625
20000.001953125
20000.0
20000.0
20000.0
20000.0
20000.0
20000.0
20000.0
20000.0
19999.998046875
20000.0
19646.373046875
19190.775390625
18746.5546875
18336.43359375
17933.220703125
17540.4453125
17179.80078125
16828.5078125
16520.419921875
16209.7568359375
15900.685546875
15625.4970703125
15323.29296875
15037.5849609375
14750.2255859375
14396.302734375
14094.0263671875
13821.2333984375
13569.8447265625
13320.4853515625
13091.826171875
12867.1904296875
12664.25390625
12494.451171875
12319.9462890625
12160.1083984375
11983.0322265625
11801.224609375
11631.37890625
11480.4931640625
11345.697265625
11217.775390625
11101.58203125
10986.8984375
10870.2236328125
10762.439453125
10639.5322265625
10524.9189453125
10411.501953125
10309.533203125
10212.6376953125
10123.16015625
10040.568359375
9954.2080078125
9863.4560546875
9758.236328125
9654.8984375
9563.3349609375
9460.8154296875
9359.9375
9254.6728515625
9151.1572265625
9044.306640625
8940.4169921875
8843.37890625
8746.73046875
8657.064453125
8567.6787109375
8479.947265625
8401.3388671875
8315.154296875
8231.3955078125
8144.49267578125
8060.48046875
7974.384765625
7890.080078125
7811.24755859375
7731.79150390625
7657.0166015625
7581.55224609375
