20000.0
20000.0
20000.0
20000.0
20000.0
20000.0
20000.0
20000.0
20000.0
20000.0
20000.0
20000.0
20000.0
20000.0
20000.0
20000.0
20000.0
20000.0
20000.0
20000.0
20000.0
20000.0
20000.0
20000.0
20000.0
20000.0
20000.0
20000.0
20000.0
20000.0
20000.0
20000.0
20000.0
20000.0
20000.0
20000.0
20000.0
20000.0
20000.0
20000.0
20000.0
19999.97265625
19999.9140625
20000.0
20000.0
20000.0
20000.0
19999.998046875
20000.0
20000.0
20000.0
20000.0
20000.0
20000.0
20000.0
19999.994140625
19999.998046875
20000.0
20000.0
19999.998046875
20000.0
20000.0
20000.0
20000.0078125
19999.998046875
20000.0
20000.0
20000.0
20000.0
19999.9921875
20000.0
19999.998046875
19999.998046875
20000.0
20000.0
19999.990234375
20000.0
20000.0
20000.0
20000.0
20000.0
20000.0
20000.0
20000.0
20000.0
20000.0
20000.0
20000.0
19999.99609375
20000.001953125
20000.0
20000.0
18992.490234375
17890.65625
16932.04296875
16023.826171875
15141.2099609375
14344.5556640625
13603.8486328125
12925.6572265625
12259.478515625
11646.748046875
11117.8564453125
10549.05078125
10018.5419921875
9501.3544921875
9039.689453125
8636.341796875
8263.8544921875
7919.97314453125
7579.86181640625
7276.005859375
6977.197265625
6701.85205078125
6468.97900390625
6216.3896484375
5980.041015625
5752.41162109375
5548.46337890625
5352.5126953125
5170.02490234375
5005.34716796875
4844.9501953125
4698.41162109375
4556.04443359375
