20000.0
20000.0
20000.0
20000.0
20000.0
20000.0
20000.0
20000.0
20000.0
20000.0
20000.0
20000.0
20000.0
20000.0
20000.0
20000.0
20000.0
20000.0
20000.0
20000.0
20000.0
20000.0
20000.0
19999.48046875
20000.0
19999.98046875
20000.0
20000.0
20000.0
20000.0
20000.0
20000.0
20000.0
20000.0
20000.0
20000.0
20000.0
20000.0
20000.0
20000.0
20000.0
20000.0
20000.0
19999.998046875
19999.9765625
19999.990234375
20000.0
19687.7890625
19005.767578125
18275.978515625
17727.37890625
17247.544921875
16821.7265625
16366.865234375
15952.43359375
15606.5849609375
15258.4970703125
14943.56640625
14644.1220703125
14380.7607421875
14132.14453125
13900.26171875
13683.6240234375
13471.869140625
13276.0771484375
13081.8720703125
12887.611328125
12716.619140625
12537.171875
12376.212890625
12216.4248046875
12065.2314453125
11913.6357421875
11763.158203125
11617.046875
11465.8291015625
11320.8037109375
11172.9501953125
11024.9404296875
10892.126953125
10746.0908203125
10613.888671875
10483.0263671875
10358.0234375
10229.458984375
10100.5029296875
9975.3359375
9846.1826171875
9724.3544921875
9606.5966796875
9489.22265625
9386.9443359375
9273.232421875
9160.8203125
9043.5771484375
8929.693359375
8808.2841796875
8690.7470703125
8581.3232421875
8473.658203125
8374.33984375
8275.794921875
8181.3486328125
8081.998046875
7978.17431640625
7885.12109375
7795.20458984375
7712.64990234375
7629.32373046875
7548.83642578125
7472.75634765625
7395.87646484375
7322.298828125
7243.92578125
7167.06005859375
7097.51904296875
7015.88916015625
6936.27880859375
6854.41552734375
6773.3447265625
6683.3642578125
6588.904296875
6494.880859375
6395.3017578125
6294.208984375
6182.43115234375
