20000.0
20000.0
20000.0
20000.0
20000.0
20000.0
20000.0
20000.0
20000.0
20000.0
20000.0
20000.0
20000.0
20000.0
20000.0
20000.0
20000.0
20000.0
20000.0
20000.0
20000.0
20000.0
20000.0
20000.0
20000.0
20000.0
20000.0
20000.0
20000.0
20000.0
20000.0
20000.0
20000.0
20000.0
20000.0
20000.0
20000.0
20000.0
20000.0
20000.0
20000.0
19999.998046875
19999.986328125
20000.0
20000.0
20000.0
20000.00390625
20000.0
20000.001953125
20000.0
20000.0
20000.0
20000.0
20000.0
19999.966796875
20000.0
20000.0
20000.0
20000.0
20000.0
20000.0
20000.0
20000.0
20000.0
20000.0
20000.0
20000.0
20000.0
20000.0
20000.0
20000.0
20000.0
20000.0
20000.0
20000.0
20000.0
20000.0
20000.0
20000.0
20000.0
20000.0
20000.0
20000.0
20000.0
20000.0
20000.0
20000.0
20000.0
20000.0
20000.0
20000.0
20000.0
20000.0
20000.0
20000.0
19998.60546875
20000.0
20000.0
19494.607421875
18874.09765625
18289.7890625
17742.857421875
17190.1953125
16691.318359375
16212.0234375
15785.6240234375
15380.40234375
14998.7216796875
14650.41015625
14311.1171875
14015.5205078125
13740.2509765625
13487.640625
13275.2509765625
13048.095703125
12832.8564453125
12614.869140625
12402.0166015625
12176.806640625
11950.9111328125
11730.908203125
11497.74609375
11279.6162109375
11063.501953125
