20000.0
20000.0
20000.0
20000.0
20000.0
20000.0
20000.0
20000.0
20000.0
20000.0
20000.0
20000.0
20000.0
20000.0
20000.0
20000.0
20000.0
20000.0
20000.0
20000.0
20000.0
19998.9296875
20000.0
19999.99609375
19999.998046875
20000.0
20000.0
20000.0
20000.0
19999.998046875
20000.0
20000.0
20000.0
20000.0
19964.02734375
18857.720703125
18022.978515625
17270.294921875
16595.947265625
16025.423828125
15444.8525390625
14915.5390625
14410.140625
13903.1123046875
13471.6181640625
13023.7998046875
12637.4765625
12283.798828125
11966.2060546875
11666.77734375
11393.6689453125
11148.4169921875
10904.9951171875
10676.080078125
10444.748046875
10227.1240234375
10037.33203125
9828.0400390625
9624.5263671875
9416.41796875
9217.7421875
9016.7216796875
8813.099609375
8628.1220703125
8440.568359375
8262.31640625
8083.40771484375
7903.25390625
7750.95263671875
7592.69482421875
7445.494140625
7299.1474609375
7164.8017578125
7030.0322265625
6898.4365234375
6777.47802734375
6653.89599609375
6536.06201171875
6417.837890625
6304.271484375
6205.48681640625
6102.9013671875
6008.76904296875
5916.6748046875
5833.1513671875
5751.03466796875
5666.81787109375
5589.14794921875
5514.5478515625
5446.4033203125
5380.63720703125
5318.80908203125
5264.51416015625
5206.29638671875
5151.91455078125
5096.45654296875
5043.58251953125
4990.64990234375
4939.501953125
4891.18701171875
4842.46142578125
4796.3916015625
4754.9619140625
4714.84912109375
4679.03515625
4640.00390625
4603.0859375
4566.40625
4531.365234375
4493.0087890625
4455.8662109375
4421.70703125
4388.02880859375
4356.94873046875
4326.31201171875
4297.18359375
4271.54052734375
4243.36376953125
4216.560546875
4189.126953125
4163.0810546875
4136.5361328125
4110.232421875
4085.21337890625
4059.82470703125
4035.224853515625
4009.857177734375
