20000.0
20000.0
20000.0
20000.0
20000.0
20000.0
20000.0
20000.0
20000.0
20000.0
20000.0
20000.0
20000.0
20000.0
20000.0
20000.0
20000.0
20000.0
20000.0
19999.998046875
19999.955078125
20000.0
20000.0
20000.0
20000.0
20000.021484375
20000.0
20000.0
19563.908203125
18935.4765625
18301.205078125
17742.875
17215.951171875
16736.546875
16258.5068359375
15801.7939453125
15380.0634765625
14958.3681640625
14580.052734375
14214.609375
13862.65234375
13559.73828125
13242.5556640625
12952.4921875
12664.98828125
12392.8583984375
12105.35546875
11801.126953125
11548.9541015625
11301.5517578125
11069.2802734375
10855.8427734375
10657.7119140625
10485.712890625
10302.251953125
10129.03125
9958.74609375
9811.525390625
9669.599609375
9534.9169921875
9415.5703125
9273.177734375
9137.783203125
9010.4052734375
8891.33203125
8783.34375
8662.6650390625
8550.3359375
8442.244140625
8340.18359375
8238.71484375
8145.14599609375
8061.24365234375
7978.5791015625
7899.05322265625
7816.08056640625
7725.97412109375
7640.28759765625
7542.9404296875
7450.29931640625
7358.3359375
7269.9306640625
7157.4169921875
7049.38671875
6950.701171875
6853.474609375
6763.55419921875
6674.2197265625
6588.431640625
6512.857421875
6430.10205078125
6350.4072265625
6268.65966796875
6190.25830078125
6111.205078125
6034.04736328125
5960.015625
5883.689453125
5810.21435546875
5735.3203125
5661.83251953125
5597.00537109375
5527.54345703125
5461.2412109375
5392.9306640625
5327.1962890625
5260.70849609375
5196.1767578125
5135.5185546875
5073.55029296875
5013.01953125
4948.900390625
4885.12060546875
4829.16357421875
4769.37939453125
4712.92138671875
4655.96142578125
4601.8623046875
4546.4921875
4492.50146484375
4444.08935546875
4394.099609375
4347.38134765625
4300.669921875
