20000.0
20000.0
20000.0
20000.0
20000.0
20000.0
20000.0
20000.0
20000.0
20000.0
20000.0
20000.0
20000.0
20000.0
20000.0
20000.0
20000.0
20000.0
20000.0
20000.0
20000.0
19999.998046875
20000.0
19999.91796875
20000.0
20000.0
19999.9765625
20000.0
19999.962890625
20000.0
20000.0
20000.0
20000.0
20000.0
19932.841796875
19216.369140625
18589.552734375
18057.451171875
17570.65234375
17136.83203125
16716.583984375
16322.6689453125
15986.8486328125
15636.484375
15328.943359375
15039.5263671875
14777.595703125
14524.2119140625
14288.146484375
14075.49609375
13871.4072265625
13681.93359375
13495.53125
13313.0791015625
13094.2861328125
12891.3427734375
12711.6953125
12520.009765625
12342.1435546875
12170.0244140625
12002.3369140625
11848.9072265625
11695.30078125
11553.9765625
11414.9384765625
11280.7236328125
11164.7265625
11024.5595703125
10884.5078125
10757.7587890625
10652.8974609375
10555.9677734375
10466.943359375
10385.2470703125
10294.033203125
10205.01953125
10115.72265625
10031.7373046875
9960.75390625
9887.427734375
9820.2158203125
9752.8154296875
9688.3154296875
9622.396484375
9554.7216796875
9488.2216796875
9422.6171875
9361.2919921875
9298.9375
9238.80859375
9186.3212890625
9131.314453125
9081.140625
9031.1865234375
8984.029296875
8936.826171875
8891.45703125
8849.564453125
8807.634765625
8767.3701171875
8725.5986328125
8683.236328125
8644.7490234375
8603.05078125
8563.556640625
8523.7177734375
8486.22265625
8448.76171875
8411.9599609375
8376.904296875
8341.1982421875
8308.1923828125
8275.673828125
8244.111328125
8215.92578125
8184.87060546875
8154.81787109375
8124.11767578125
8095.06982421875
8065.703125
8036.96533203125
8009.93994140625
7982.98974609375
7957.5625
7931.859375
