20000.0
20000.0
20000.0
20000.0
20000.0
20000.0
20000.0
20000.0
20000.0
20000.0
20000.0
20000.0
20000.0
20000.0
20000.0
20000.0
20000.0
19999.6328125
19999.271484375
19999.9921875
20000.0
20000.0
20000.0
20000.0
20000.0
20000.0
19355.90625
18573.0234375
17847.05859375
17198.771484375
16665.46875
16128.84375
15652.265625
15201.1396484375
14798.1103515625
14404.322265625
14002.4755859375
13543.5517578125
13167.0771484375
12837.716796875
12523.248046875
12230.703125
11981.146484375
11727.5537109375
11496.3447265625
11268.6328125
11073.794921875
10848.55859375
10653.9384765625
10489.826171875
10331.71875
10181.583984375
10014.7978515625
9845.9091796875
9693.4541015625
9524.6728515625
9371.796875
9228.546875
9097.6044921875
8965.8994140625
8836.3955078125
8712.22265625
8586.08203125
8467.2314453125
8348.259765625
8232.6396484375
8128.26513671875
8010.2578125
7895.1875
7777.87060546875
7667.57421875
7557.88330078125
7453.8681640625
7366.6953125
7281.74560546875
7201.521484375
7119.74658203125
7007.3740234375
6904.669921875
6800.5927734375
6708.14501953125
6613.0380859375
6517.54541015625
6415.974609375
6313.068359375
6213.14990234375
6110.2470703125
6013.10791015625
5915.85546875
5821.2705078125
5738.595703125
5650.43701171875
5566.86083984375
5479.66162109375
5395.6142578125
5309.759765625
5225.4150390625
5145.458984375
5064.9921875
4989.15185546875
4912.37158203125
4836.55810546875
4769.24755859375
4696.41357421875
4626.935546875
4562.01220703125
4500.31640625
4439.34423828125
4380.85498046875
4326.2236328125
4269.66943359375
4216.49560546875
4163.82080078125
4113.1103515625
4068.11865234375
4020.3232421875
3975.44189453125
3930.26806640625
3887.874755859375
3844.944580078125
3802.415283203125
3761.891845703125
3720.86865234375
3682.031982421875
3642.878662109375
