20000.0
20000.0
20000.0
20000.0
19999.998046875
20000.0
20000.0
20000.0
20000.0
20000.0
20000.0
20000.0
20000.0
20000.0
20000.0
20000.0
20000.0
20000.0
20000.0
20000.0
20000.0
20000.0
20000.0
20000.0
20000.0
20000.0
20000.0
20000.0
20000.0
20000.0
20000.0
20000.0
20000.0
19999.99609375
20000.0
20000.0
20000.0
20000.0
20000.001953125
20000.0
20000.0
20000.0
19983.326171875
19493.55078125
19018.875
18595.96875
18182.08984375
17791.404296875
17430.98828125
17075.583984375
16749.89453125
16431.728515625
16127.5654296875
15867.2626953125
15603.2490234375
15370.951171875
15146.7900390625
14942.7451171875
14724.591796875
14512.109375
14319.3857421875
14117.505859375
13915.24609375
13727.6044921875
13562.21875
13423.0166015625
13285.3857421875
13167.943359375
13054.8779296875
12944.3037109375
12829.2060546875
12694.599609375
12500.4970703125
12316.0546875
12145.1435546875
11925.0341796875
11697.1337890625
11495.7548828125
11278.2119140625
11073.896484375
10868.6533203125
10691.2548828125
10520.32421875
10365.2001953125
10223.353515625
10083.6103515625
9953.6494140625
9824.208984375
9698.0078125
9560.0986328125
9399.7607421875
9265.9228515625
9131.365234375
9008.802734375
8890.1689453125
8778.4375
8674.998046875
8567.71484375
8463.5732421875
8357.2734375
8254.1103515625
8160.474609375
8055.10595703125
7953.14501953125
7849.85986328125
7751.98681640625
7652.15673828125
7552.6484375
7456.7548828125
7360.740234375
7272.0009765625
7182.73681640625
7095.18212890625
7017.68359375
6933.87060546875
6855.18212890625
6776.26025390625
6702.3232421875
6627.884765625
6554.900390625
6485.166015625
6413.609375
6344.9365234375
6274.8076171875
