20000.0
20000.0
20000.0
20000.0
20000.0
20000.0
20000.0
20000.0
20000.0
20000.0
20000.0
20000.0
20000.0
20000.0
20000.0
20000.0
20000.0
20000.0
20000.0
20000.0
20000.0
20000.0
20000.0
20000.0
20000.0
20000.0
20000.0
20000.0
20000.0
20000.0
20000.0
20000.0
20000.0
20000.0
20000.0
20000.0
20000.0
20000.005859375
20000.0
20000.0
20000.0
20000.0
20000.0
20000.0
20000.0
20000.0
20000.0
20000.0
19999.9921875
20000.0
19999.98828125
20000.0
20000.0
20000.0
20000.0
20000.0
20000.0
20000.0
19999.98046875
20000.0
20000.0
20000.0
20000.0
19999.998046875
20000.0
20000.0
20000.0
20000.0
19999.9765625
20000.0
20000.0
19617.013671875
19203.224609375
18828.947265625
18482.0
18188.759765625
17853.314453125
17440.201171875
17073.08203125
16739.3671875
16457.740234375
16184.0625
15928.6552734375
15658.9609375
15385.775390625
15125.6884765625
14867.7578125
14623.0869140625
14384.0615234375
14153.7890625
13956.478515625
13751.3544921875
13566.1123046875
13385.4296875
13216.0087890625
13038.052734375
12854.107421875
12677.94140625
12506.171875
12345.6201171875
12184.267578125
12025.591796875
11883.7705078125
11727.2060546875
11575.66796875
11423.896484375
11282.31640625
11135.681640625
10987.052734375
10842.84375
10691.2587890625
10541.20703125
10389.2080078125
10241.4765625
10111.8701171875
9972.845703125
9841.923828125
9710.37109375
9579.8486328125
9441.3291015625
9304.4541015625
9174.1337890625
9042.7314453125
8914.8134765625
8782.5634765625
