20000.0
20000.0
20000.0
20000.0
20000.0
20000.0
20000.0
20000.0
20000.0
20000.0
20000.0
20000.0
20000.0
20000.0
20000.0
20000.0
20000.0
20000.0
20000.0
20000.0
20000.0
20000.0
20000.0
20000.0
20000.0
20000.0
20000.0
20000.0
20000.0
20000.0
20000.0
20000.013671875
20000.0
20000.0
19999.923828125
19999.998046875
20000.0
20000.0
20000.0
20000.0
20000.0
20000.0
20000.0
20000.0
20000.0
20000.0
20000.0
20000.0
20000.0
20000.0
20000.0
20000.0
20000.0
20000.0
20000.0
20000.0
20000.0
20000.0
20000.0
20000.0
20000.0
20000.0
20000.0
20000.0
20000.0
20000.0
20000.0
20000.0
20000.0
20000.0
20000.0
20000.0
20000.0
20000.0
20000.0
19999.5390625
19999.998046875
20000.0
20000.0
19999.994140625
20000.0
19999.998046875
20000.0
20000.0
20000.0
20000.0
19999.994140625
19999.998046875
19999.990234375
19905.330078125
19496.91796875
19046.267578125
18630.8046875
18215.55078125
17670.3359375
17107.5390625
16566.72265625
16108.6484375
15669.85546875
15265.6826171875
14866.6298828125
14481.3779296875
14134.837890625
13742.43359375
13375.9814453125
13013.2724609375
12674.8388671875
12333.6826171875
11996.826171875
11673.1396484375
11358.5224609375
11073.294921875
10787.8203125
10491.2724609375
10215.5166015625
9906.728515625
9614.77734375
9321.603515625
9044.11328125
8764.841796875
8494.9951171875
8250.5126953125
8012.44384765625
7789.1923828125
7568.2109375
