20000.0
20000.0
20000.0
19999.986328125
19999.986328125
20000.0
20000.0
20000.0
20000.0
20000.0
20000.0
20000.0
20000.0
20000.0
20000.0
20000.0
20000.0
20000.0
20000.0
20000.0
20000.0
20000.0
19999.99609375
20000.0
20000.0
20000.0
19999.923828125
20000.0
20000.0
19999.97265625
20000.0
20000.0
20000.0
20000.0
20000.0
20000.0
20000.0
19999.978515625
20000.0
20000.0
19999.99609375
19999.998046875
19426.865234375
18485.140625
17628.9609375
16740.22265625
16047.787109375
15393.19140625
14787.1240234375
14258.0703125
13740.5205078125
13241.056640625
12760.1884765625
12359.8427734375
11986.9970703125
11589.181640625
11236.576171875
10900.8076171875
10597.01171875
10294.5576171875
10030.5517578125
9782.2001953125
9525.48046875
9286.87890625
9053.666015625
8822.69140625
8618.1962890625
8406.064453125
8210.54296875
8014.63671875
7831.68359375
7644.5498046875
7453.65087890625
7254.0458984375
7039.42041015625
6842.0986328125
6655.4541015625
6481.8779296875
6339.29833984375
6186.5693359375
6041.265625
5899.66259765625
5775.2900390625
5657.9765625
5551.3525390625
5457.39599609375
5369.08935546875
5288.14892578125
5206.033203125
5124.34130859375
5051.533203125
4964.7998046875
4862.55224609375
4760.404296875
4669.154296875
4581.48779296875
4499.3369140625
4424.68603515625
4352.32177734375
4286.248046875
4221.46533203125
4160.11279296875
4106.97216796875
4050.574951171875
3998.33740234375
3946.6435546875
3899.138427734375
3854.355712890625
3811.843017578125
3772.251953125
3732.715576171875
3695.629638671875
3658.645263671875
3623.02490234375
3591.873046875
3558.5498046875
3527.200439453125
3495.61083984375
3465.84423828125
3435.79345703125
3406.506591796875
3378.837890625
3350.982666015625
3324.684326171875
3298.23583984375
