20000.0
20000.0
20000.0
20000.0
19999.998046875
20000.0
20000.0
20000.0
20000.0
20000.0
20000.0
20000.0
20000.0
20000.0
20000.0
20000.0
20000.0
20000.0
20000.0
20000.0
20000.0
20000.0
19989.33984375
20000.0
19999.966796875
20000.0
20000.0
20000.0
20000.0
19999.994140625
20000.0
19865.826171875
19296.40234375
18664.078125
18071.224609375
17499.41796875
16960.541015625
16480.859375
16057.373046875
15653.7626953125
15289.2216796875
14931.9970703125
14593.703125
14328.22265625
14035.9658203125
13757.2578125
13485.4853515625
13237.9697265625
12993.7919921875
12761.7021484375
12548.064453125
12319.5234375
12075.69140625
11869.380859375
11678.9619140625
11508.1904296875
11319.8193359375
11141.9990234375
10964.1572265625
10801.861328125
10658.326171875
10529.2470703125
10413.3896484375
10297.62109375
10191.318359375
10069.064453125
9951.4248046875
9853.3740234375
9754.458984375
9658.501953125
9563.3701171875
9477.3115234375
9385.29296875
9290.333984375
9195.62890625
9102.8515625
9015.125
8923.427734375
8830.1884765625
8748.8115234375
8666.353515625
8594.095703125
8525.646484375
8463.32421875
8399.15625
8334.1708984375
8270.091796875
8202.0556640625
8133.18115234375
8059.41552734375
7982.9697265625
7912.64208984375
7835.14892578125
7761.93115234375
7688.30908203125
7618.73974609375
7549.61669921875
7483.86328125
7423.017578125
7361.93212890625
7302.6318359375
7240.55419921875
7176.76025390625
7117.85107421875
7051.8984375
6988.087890625
6920.48583984375
6854.73095703125
6788.68994140625
6724.171875
6662.189453125
6598.27978515625
6536.4560546875
6472.75048828125
6409.50830078125
6352.6435546875
6290.337890625
6236.72216796875
6179.97314453125
6123.380859375
6064.08154296875
6004.19482421875
5946.06982421875
5886.23974609375
5826.697265625
5767.76806640625
