20000.0
20000.0
20000.0
20000.0
20000.0
20000.0
20000.0
20000.0
20000.0
20000.0
20000.0
20000.0
20000.0
20000.0
20000.0
20000.0
20000.0
20000.0
20000.0
20000.0
20000.0
20000.0
20000.0
20000.0
20000.0
20000.0
20000.0
20000.0
20000.0
20000.0
20000.0
20000.0
20000.0
20000.0
20000.0
20000.0
20000.0
20000.0
20000.0
20000.0
20000.0
20000.0
20000.0
20000.0
20000.0
20000.0
20000.0
19999.998046875
20000.0
19999.96484375
20000.0
20000.0
20000.0
20000.0
20000.0
19999.998046875
20000.0
20000.0
20000.0
20000.0
20000.0
20000.0
20000.0
20000.0
20000.0
20000.0
20000.0
20000.0
20000.0
20000.0
20000.005859375
20000.0
20000.0
20000.0
20000.0
20000.0
20000.0
20000.0
20000.0
20000.0
20000.0
20000.0
19999.990234375
19999.99609375
20000.0
19795.42578125
18764.9765625
17740.07421875
16727.4453125
15806.884765625
14961.4501953125
14270.2724609375
13731.6162109375
13175.0166015625
12669.548828125
12201.4130859375
11769.2080078125
11344.380859375
10910.44921875
10471.587890625
10041.302734375
9661.943359375
9304.0810546875
8976.04296875
8697.5947265625
8399.490234375
8132.4765625
7878.91064453125
7652.58642578125
7434.27734375
7230.0791015625
7044.56298828125
6865.0859375
6699.9775390625
6538.7587890625
6389.68212890625
6260.361328125
6124.44189453125
6001.36279296875
5882.00634765625
5772.9013671875
5667.7509765625
5570.5068359375
5478.26708984375
5384.83251953125
5298.7421875
5215.24609375
