20000.0
20000.0
20000.0
19999.998046875
20000.0
20000.0
20000.0
20000.0
20000.0
20000.0
20000.0
20000.0
20000.0
20000.0
20000.0
20000.0
20000.0
20000.0
20000.0
20000.0
20000.0
20000.0
20000.0
20000.0
20000.0
19999.9921875
20000.0
20000.0
20000.0
19999.951171875
20000.0
19999.998046875
20000.0
20000.0
20000.0
20000.0
20000.0
19807.28125
19284.9453125
18840.060546875
18417.443359375
18021.5
17666.314453125
17296.40234375
16961.306640625
16588.560546875
16250.94140625
15930.58984375
15623.5712890625
15340.556640625
15069.03125
14824.203125
14587.16015625
14362.54296875
14169.017578125
13963.5283203125
13771.8662109375
13580.900390625
13402.419921875
13225.703125
13057.5419921875
12901.3525390625
12742.86328125
12604.052734375
12474.8525390625
12349.7216796875
12216.6640625
12060.9990234375
11908.65234375
11761.220703125
11588.2724609375
11373.9169921875
11168.4140625
10980.31640625
10791.486328125
10603.9248046875
10444.5068359375
10294.3359375
10170.798828125
10036.6806640625
9908.2314453125
9777.380859375
9633.1796875
9478.73828125
9332.1591796875
9198.0751953125
9066.2490234375
8943.8291015625
8821.8642578125
8703.6201171875
8594.8544921875
8481.7158203125
8379.64453125
8285.7021484375
8198.076171875
8106.8740234375
8015.4482421875
7928.45703125
7829.49462890625
7718.9541015625
7601.1103515625
7491.2333984375
7400.40966796875
7309.203125
7227.79931640625
7147.6904296875
7070.78125
6991.1572265625
6912.39599609375
6837.806640625
6761.1240234375
6685.08935546875
6605.91650390625
6527.66162109375
6457.912109375
6381.45458984375
6308.69580078125
6235.37548828125
6166.1884765625
6096.9296875
6029.65576171875
5965.6953125
5900.8720703125
5839.6240234375
5777.41796875
